41.625,-16.181,-7.8058,36.85,4.6816,32.582
48.645,2.1835,-8.3798,31.683,-0.42289,32.427
36.58,-15.651,-6.8863,41.541,7.683,32.889
31.632,0.0070438,0.68606,31.63,0.48528,49.951
36.778,-15.714,-7.1369,41.249,7.7199,32.944
31.861,4.6077,0.6358,49.321,4.007,31.804
32.046,3.3695,-5.1725,37.772,-17.329,41.289
32.472,4.0538,7.5907,36.109,15.74,42.624
33.636,-9.6616,8.051,41.382,-14.341,35.905
31.658,-1.4192,-0.94358,45.103,15.243,35.001
37.524,0.58984,-17.742,31.641,-0.81139,42.094
33.513,12.153,-1.574,46.937,-3.3188,31.772
42.432,4.3163,-17.047,31.994,-2.8752,36.815
31.638,0.022087,-1.0031,31.639,-1.0394,49.928
33.572,6.8754,10.333,37.057,15.123,40.172
37.073,-17.318,-2.3323,42.453,2.5441,31.755
40.517,10.594,14.888,34.283,7.1756,35.979
47.476,2.5468,11.327,31.709,0.7259,33.199
36.004,-15.616,-5.4891,42.714,6.7825,32.498
31.932,4.2881,3.1,44.178,15.569,35.428
32.232,6.7266,2.9772,46.623,11.139,33.258
49.176,-6.686,-1.0182,32.122,0.14951,31.639
38.518,12.521,-13.158,36.397,-9.3675,35.649
32.482,-6.6422,5.5419,42.495,-15.816,36.207
47.136,-10.057,-7.0549,32.911,1.7654,32.217
42.242,-2.3256,17.533,31.736,-1.6391,37.28
32.544,-5.214,7.2523,38.247,-16.821,40.152
38.392,-15.788,8.903,39.073,-7.5976,33.316
41.882,-17.423,-3.9206,37.458,2.4199,31.857
32.598,1.3254,9.0738,32.07,6.0184,47.806
39.136,12.778,13.091,36.162,8.7079,35.314
43.44,-8.6448,-14.544,32.933,4.3066,34.934
32.501,-7.1807,-4.9801,43.829,14.569,35.084
36.114,-1.341,-16.612,31.721,2.3116,43.627
36.305,-16.783,-1.5431,43.439,1.8768,31.69
31.661,-0.08618,-1.7724,31.683,2.2823,49.822
35.672,6.1139,-14.979,33.73,-9.9793,41.538
33.542,11.529,-4.3751,45.453,-8.897,32.781
38.176,17.842,-2.7396,41.194,-2.5967,31.78
33.348,-11.208,-3.6774,46.09,8.0016,32.516
31.657,1.3681,-0.93905,44.878,-15.505,35.178
34.965,-6.3275,13.839,34.358,-11.47,41.601
47.331,-3.6586,11.328,31.798,-1.0515,33.207
31.648,-1.3314,0.41734,48.574,-8.7713,32.51
49.428,5.2738,1.8825,31.931,0.21555,31.666
46.03,0.0071955,14.117,31.628,0.0028723,34.33
31.824,-3.5595,-2.3614,44.919,15.027,34.961
34.401,-3.1962,-13.889,32.498,7.4627,44.705
37.418,8.7734,-15.364,34.538,-9.7636,38.672
33.225,-9.1362,6.8682,42.502,-14.259,35.392
43.632,-7.1763,15.155,32.516,-3.7032,35.226
33.287,-10.155,-5.6444,44.246,12.027,33.933
31.633,0.024039,-0.69511,31.656,-1.6314,49.91
43.636,-3.3553,-16.426,31.824,1.9168,35.99
34.463,14.299,-1.4276,45.733,-2.3822,31.71
33.205,4.6144,-10.392,34.764,-13.49,43.295
46.959,-12.322,2.6915,33.561,-0.82043,31.712
44.398,-16.053,-0.95331,35.578,0.44318,31.639
31.636,0.86956,-0.10934,49.716,-3.7213,31.776
32.718,2.4138,-9.3617,32.914,-9.7863,46.409
34.825,-4.1999,14.395,32.914,-8.6474,43.602
31.925,-5.2336,0.19199,49.477,-1.0734,31.64
31.738,3.2168,-0.049494,49.785,-0.45685,31.63
37.52,0.83282,-17.73,31.654,-1.1452,42.08
44.881,-11.618,10.375,33.667,-3.5322,33.076
33.158,-4.4807,-10.289,34.683,13.414,43.459
31.846,3.4594,-2.887,43.151,-16.665,36.369
31.865,-2.293,-4.0883,36.734,16.945,42.697
31.635,-0.78358,0.35365,47.351,-11.836,33.364
38.809,-10.897,14.621,35.145,-8.9654,36.642
31.935,-5.1923,-1.1737,48.764,6.3861,32.092
31.869,-1.0682,4.6027,32.785,-9.7957,47.834
47.598,10.737,-3.6786,33.037,-0.94515,31.782
47.903,9.1735,5.4341,32.639,1.1802,31.964
33.689,-12.7,0.48225,46.887,-0.97029,31.64
31.726,0.7515,2.9371,33.034,10.763,47.687
35.299,-14.289,6.51,42.795,-8.8481,33.084
33.005,-4.5835,9.6942,35.162,-14.198,43.065
46.085,4.661,-13.24,31.932,-1.7206,33.962
44.917,-1.4849,15.465,31.662,-0.71325,35.143
32.066,5.968,-2.0675,47.701,-9.2605,32.674
32.124,1.7379,6.4701,33.103,10.742,46.998
48.539,6.2903,-6.4109,32.086,-0.92729,32.09
36.789,4.575,-16.651,32.551,-6.6287,41.734
31.63,-0.45135,-0.087398,49.415,5.6488,31.976
37.448,-17.373,3.435,41.848,-3.548,31.892
36.308,15.33,7.009,41.709,8.1043,33.003
31.632,-0.6678,0.078173,49.752,-3.4705,31.756
44.305,16.171,-0.19057,35.666,-0.089787,31.628
33.037,-0.93148,-10.791,31.778,3.4714,47.605
32.131,-0.34002,-6.739,31.684,2.2529,49.091
36.004,-16.066,3.9876,43.272,-5.0029,32.078
31.69,-0.58047,2.3631,32.937,-10.452,47.881
38.138,10.504,14.662,35.26,9.619,37.165
34.906,-1.5124,-15.049,31.793,3.2832,45.035
36.741,2.2148,17.088,31.849,3.3999,42.71
40.119,-17.151,-6.4396,38.514,4.7089,32.345
32.386,-1.8217,7.9806,32.69,-9.1613,47.206
32.161,0.37475,-6.9261,31.693,-2.4067,49.033
31.698,0.20451,-2.5613,31.776,-3.7076,49.619
32.771,1.8613,9.6979,32.363,7.5778,47.123
31.956,-5.3271,-1.3539,48.554,7.104,32.21
40.971,-9.1124,15.728,33.507,-6.3074,36.405
47.092,-11.725,3.9298,33.366,-1.1347,31.807
32.343,-4.6976,6.4336,38.504,-17.153,40.132
34.347,-13.701,3.5335,45.244,-5.9666,32.161
32.786,-9.9134,0.63746,48.14,-1.7594,31.665
31.671,-1.533,1.3394,42.95,-17.178,36.74
34.145,-8.878,10.493,38.426,-14.648,38.092
40.061,16.667,-7.6167,38.209,-5.4973,32.651
33.678,-12.608,1.3512,46.775,-2.7211,31.726
31.628,0.057009,-0.070596,39.885,-18.333,39.619
31.778,-0.1398,-3.7456,31.66,1.7333,49.675
40.956,-17.548,4.7535,38.148,-3.2305,31.988
32.58,-0.59829,-9.0734,31.72,2.7985,48.36
37.802,5.8107,-16.923,32.85,-6.9856,40.247
33.835,12.649,-3.2515,45.913,-6.2018,32.172
38.137,-18.029,-0.51339,41.427,0.4921,31.633
34.715,12.839,7.3895,42.489,10.904,33.883
43.175,-14.33,9.3581,35.187,-4.4134,32.897
31.642,-0.040877,1.1664,31.656,-1.6516,49.894
44.022,11.336,-11.901,33.725,-4.2678,33.663
32.271,-4.0774,6.3893,37.479,-16.908,41.321
37.423,-16.085,-7.3741,40.584,7.3057,32.907
48.212,2.1103,-9.6668,31.681,-0.48646,32.721
31.923,-5.2065,0.33081,49.441,-1.8559,31.665
31.825,-4.1994,0.84276,49.078,-5.759,31.998
31.628,-0.0019378,0.065915,31.648,-1.3884,49.93
35.164,12.218,-9.5582,40.404,-12.241,35.177
41.963,-16.069,7.7081,36.605,-4.4503,32.537
31.629,-0.0016705,0.36327,31.628,-0.21746,49.96
49.629,-0.72303,-4.3806,31.633,0.068471,31.834
38.736,-1.8856,-18.121,31.74,2.1529,40.649
32.331,-7.5292,2.4019,47.545,-8.4559,32.512
36.691,-17.014,-2.4583,42.865,2.8216,31.778
39.068,-13.893,11.885,36.978,-8.4913,34.595
42.388,-1.7319,17.524,31.687,-1.2029,37.209
42.249,17.447,-2.8763,37.26,-1.7169,31.747
31.661,-1.0724,-1.4243,39.238,18.255,40.229
32.066,4.9053,3.9755,43.154,16.188,36.117
31.732,-3.1241,-0.19579,49.74,1.8569,31.664
31.836,2.878,-3.3225,40.344,-17.951,38.912
33.214,-9.5156,6.2709,43.371,-13.383,34.694
40.18,-5.8285,17.363,32.49,-5.0731,38.283
46.031,-1.3502,14.05,31.653,-0.53597,34.301
36.618,-15.76,6.715,41.59,-7.4729,32.816
31.628,0.00042695,-0.085633,31.628,-0.23581,49.962
44.668,13.187,8.7137,34.28,3.37,32.639
44.705,11.512,10.775,33.662,3.6926,33.211
33.523,5.1149,-11.165,34.817,-13.286,42.82
32.693,-8.0461,5.179,44.1,-13.786,34.664
32.521,8.7722,-1.0214,48.402,-3.2293,31.75
32.03,-5.9053,-1.3749,48.581,6.5171,32.118
34.022,-3.1577,-13.11,32.615,8.0753,45.039
44.609,15.624,-2.7691,35.313,-1.2383,31.726
47.333,-5.8756,10.347,32.065,-1.5294,32.929
37.021,-17.069,-3.5708,42.279,3.8951,31.931
40.473,18.277,0.31732,39.042,0.233,31.629
45.403,-14.532,-3.5574,34.632,1.4071,31.784
31.702,-1.8267,-1.9152,41.32,17.94,38.153
31.629,-0.32798,0.16244,46.919,-12.679,33.678
32.596,-1.865,8.9678,32.5,-8.2796,47.177
31.927,3.4698,3.944,40.406,17.788,38.741
37.482,-5.8021,16.752,32.917,-7.3005,40.507
33.259,5.1424,-10.325,35.357,-14.188,42.499
31.771,-0.4901,-3.6296,32.042,6.0981,49.093
39.659,2.2247,-18.199,31.764,-2.2268,39.673
39.249,-2.6057,-18.121,31.826,2.7474,40.01
32.996,-1.8221,-10.536,32.216,6.7403,47.016
32.187,-6.4114,3.0329,46.394,-11.748,33.468
36.358,12.42,11.465,38.472,11.513,35.73
32.033,-1.3357,-5.9364,32.701,9.3851,47.71
38.072,-10.097,-14.915,35.033,9.5724,37.471
32.856,10.179,-0.55585,48.055,-1.4874,31.654
37.12,-4.1951,16.996,32.356,-5.838,41.611
32.129,-4.5999,-4.9176,40.772,17.359,38.152
40.88,0.64965,-18.188,31.637,-0.55686,38.642
33.294,6.5015,-9.6545,37.296,-15.556,40.248
32.674,-9.0749,2.7676,47.171,-7.9184,32.427
33.452,0.97355,-12.05,31.753,-3.1118,47.05
46.27,-7.0382,11.822,32.307,-2.2586,33.433
46.93,12.612,-1.1505,33.655,-0.35875,31.643
34.401,-3.5867,-13.795,32.719,8.259,44.401
32.646,-9.0691,2.3734,47.506,-6.922,32.225
31.801,2.5262,3.1339,39.734,18.061,39.552
33.102,-9.6094,5.443,44.365,-12.359,34.031
35.618,15.303,5.0457,43.283,6.6508,32.419
40.119,7.5395,16.697,33.07,6.2505,37.67
43.554,3.1875,-16.526,31.806,-1.8476,36.077
47.472,-8.2206,8.2072,32.469,-1.6584,32.424
32.332,6.421,4.6134,43.772,15.031,35.314
37.652,-16.068,-7.7052,40.238,7.3745,32.988
32.94,8.7049,5.867,43.531,13.852,34.854
33.511,2.0576,12.073,32.169,6.298,46.362
31.628,-0.029112,-0.012233,47.663,11.209,33.154
31.631,0.53092,-0.045158,49.85,-2.5333,31.696
35.588,-13.824,8.2086,41.453,-10.286,33.878
42.3,15.675,-8.1258,36.219,-4.4587,32.621
49.679,3.3157,-2.4155,31.746,-0.17195,31.69
31.635,-0.040809,-0.8647,31.68,2.2218,49.867
31.816,-3.7889,1.7807,46.92,-12.031,33.479
31.632,-0.58625,-0.2492,47.61,11.307,33.186
36.251,16.772,1.0081,43.553,1.2373,31.655
35.321,-13.548,7.9975,41.746,-10.499,33.894
32.895,8.6809,-5.6178,43.837,-13.602,34.658
47.622,-3.6624,-10.689,31.794,0.97169,33.008
32.893,8.0311,6.497,42.316,15.11,35.906
48.394,-2.599,-9.0352,31.707,0.55218,32.571
34.722,-2.2043,-14.661,32,4.92,44.98
45.419,-9.6945,11.368,32.997,-3.1441,33.348
42.066,-13.619,-11.421,35.234,5.7401,33.719
32.694,9.4766,1.3297,48.066,3.8243,31.804
33.929,-1.8457,13.147,31.983,-5.0315,46.057
34.184,13.749,-1.4626,46.088,-2.5939,31.722
33.813,9.799,8.5565,40.889,14.343,36.148
38.162,-11.985,-13.49,36.268,9.7789,36.109
37.141,16.04,7.0481,40.976,7.2785,32.839
33.461,-11.171,4.6839,45.236,-9.6951,33.018
35.092,14.612,4.8913,43.865,7.0502,32.467
41.512,-7.8953,-16.185,32.963,5.3637,36.523
40.799,-17.012,-6.5179,37.896,4.4062,32.324
31.931,0.89049,5.2084,32.271,7.4574,48.501
32.31,7.2829,-2.7696,47.075,-9.8213,32.858
46.753,-12.975,0.19202,33.799,-0.062196,31.628
46.06,-14.072,-0.14914,34.307,0.054578,31.628
34.397,-10.673,9.436,40.292,-13.672,36.061
34.087,-13.593,-0.91366,46.302,1.6601,31.666
31.726,-2.397,-1.8639,43.851,16.361,35.924
41.687,-14.349,10.769,35.771,-5.8593,33.515
31.661,1.771,0.17218,49.77,2.8846,31.717
34.673,12.196,-8.2832,41.678,-12.007,34.584
35.897,16.224,2.6419,43.744,3.3994,31.827
36.455,7.3609,15.313,34.135,10.05,40.162
49.889,1.4134,1.554,31.649,0.046636,31.653
32.428,-5.4171,6.4137,39.654,-17.083,38.865
38.411,-18.131,0.075654,41.139,-0.070201,31.628
31.636,-0.52567,-0.75271,38.604,18.174,40.922
49.035,3.5766,-6.3891,31.771,-0.51237,32.08
33.314,9.1121,-7.3328,41.938,-14.554,35.772
41.368,-16.137,-8.1076,36.968,4.9786,32.68
40.836,-7.8471,16.432,33.055,-5.8478,37.025
42.168,9.6029,-14.897,33.45,-5.4999,35.432
46.143,-12.959,-5.1648,33.899,1.7496,31.951
34.422,1.3795,-14.226,31.79,-3.3455,45.672
44.241,-0.69305,16.219,31.635,-0.37139,35.709
37.301,4.8617,-16.938,32.569,-6.468,41.139
48.069,-8.0831,6.3186,32.406,-1.2031,32.083
32.375,-5.4137,6.0665,40.162,-17.094,38.437
33.573,-11.516,4.6339,45.233,-9.3023,32.91
32.345,5.2139,-6.036,39.909,-17.185,38.716
31.741,2.1615,2.4392,40.626,18.06,38.757
32.145,-4.6482,-5.0085,40.69,17.355,38.21
34.731,-13.035,7.095,42.727,-10.513,33.679
31.92,-1.9314,-4.8182,34.657,14.454,45.178
33.615,11.476,-5.0066,44.905,-9.8722,33.11
31.81,2.6944,-3.1218,40.333,-17.995,38.954
34.988,-6.2918,-13.894,34.31,11.384,41.632
32.324,-7.1985,3.1656,46.527,-11.006,33.232
42.298,17.428,2.8378,37.222,1.6849,31.744
31.706,-0.10612,2.719,31.663,-1.8258,49.782
36.675,1.6953,17.094,31.759,2.6474,42.907
36.034,-4.2786,16.023,32.584,-7.0587,42.565
37.364,-0.6379,17.649,31.644,-0.89917,42.27
32.651,-8.3763,4.2542,45.465,-11.916,33.667
33.576,-11.606,4.4237,45.397,-8.9044,32.788
35.605,16.061,1.0989,44.33,1.4892,31.664
35.517,-10.552,12.012,37.773,-12.854,37.253
31.868,-4.714,0.22877,49.551,-1.425,31.65
40.643,-9.6978,-15.46,33.833,6.8032,36.345
41.495,-17.962,1.37,38.047,-0.89665,31.656
34.223,11.61,7.654,42.298,12.295,34.525
36.205,0.065895,-16.757,31.628,-0.11247,43.645
31.867,-2.5778,-3.9358,37.923,17.629,41.355
48.283,-9.633,-1.191,32.712,0.2636,31.643
32.267,6.6257,-3.6331,45.554,-12.938,34.001
49.499,-4.6458,2.3818,31.862,-0.2396,31.688
31.634,-0.7137,0.36672,46.722,-13.006,33.814
41.84,-17.054,5.362,37.256,-3.2722,32.061
43.21,15.608,-6.9621,35.797,-3.5032,32.31
31.628,-0.033018,0.037889,40.571,-18.263,38.949
36.412,-16.947,0.40437,43.392,-0.4853,31.632
31.694,1.4178,-2.0636,38.427,-18.042,41.035
36.402,-16.942,-0.14792,43.409,0.1778,31.628
31.65,-0.074481,-1.4705,31.688,2.3793,49.831
37.569,17.769,0.51841,42.053,0.53292,31.633
31.629,-0.33119,0.164,46.92,-12.677,33.677
33.826,-10.126,-8.2151,41.39,13.973,35.697
32.289,-7.6737,0.29894,48.917,-1.109,31.641
33.651,-12.611,0.22673,46.954,-0.46116,31.63
41.269,-15.716,-8.9612,36.768,5.4519,32.937
39.728,18.191,-2.2932,39.661,-1.8203,31.719
32.005,-5.8299,0.69804,49.168,-3.4512,31.76
34.202,-5.9122,12.54,34.736,-12.596,42.067
32.206,6.7704,2.4666,47.356,9.5569,32.77
47.323,-8.3881,8.4693,32.513,-1.7638,32.482
31.796,3.4595,1.9341,46.043,13.595,34.138
42.535,7.939,15.625,32.837,4.6716,35.783
32.154,6.8458,0.7706,48.965,3.2121,31.744
31.713,1.4822,-2.407,37.522,-17.641,42.001
33.08,10.677,2.5343,47.048,6.1204,32.112
31.881,4.6695,-1.2693,48.544,-7.5945,32.293
32.711,-9.5298,-1.4538,47.993,4.1419,31.835
44.239,1.4581,16.17,31.663,0.7785,35.68
36.937,5.4991,16.486,32.915,7.5684,41.108
46.346,-13.375,-2.6868,34.003,0.92115,31.713
31.63,-0.36873,0.33353,42.695,-17.427,37.008
48.99,-6.9124,2.8865,32.163,-0.44334,31.718
35.657,-15.415,-4.8516,43.326,6.3695,32.351
46.42,-8.4823,-10.536,32.598,2.3753,33.028
49.732,1.3607,-3.4444,31.647,-0.10057,31.754
32.974,10.513,-1.4731,47.662,-3.7377,31.801
34.467,6.287,12.929,34.799,12.45,41.668
33.783,-1.8762,12.801,32.02,-5.3219,46.202
36.108,-13.341,9.9788,39.837,-11.016,34.745
32.627,7.5465,-5.4264,43.441,-14.679,35.261
42.937,-14.41,9.5329,35.308,-4.6151,32.967
49.88,-0.70128,-2.112,31.633,0.031482,31.675
34.962,-7.6534,13.148,35.555,-12.748,40.205
47.599,6.8183,-9.0706,32.203,-1.5181,32.604
36.927,-16.799,4.4243,42.158,-4.8539,32.103
40.848,11.543,-14.081,34.637,-7.0237,35.323
32.983,10.604,-0.96991,47.797,-2.4576,31.702
31.649,-0.05219,1.4379,31.659,-1.7089,49.879
49.461,-4.4124,3.1674,31.84,-0.30364,31.736
37.819,-15.679,-8.6395,39.651,7.9474,33.328
32.003,-5.7242,-1.2526,48.707,6.1643,32.062
41.342,-16.224,-7.9523,37.037,4.9156,32.64
32.842,-9.3909,3.8348,46.121,-9.9773,32.995
39.311,18.028,3.2212,39.96,2.6671,31.816
33.201,11.089,-2.4559,46.969,-5.6859,32.049
31.629,0.0010697,-0.37669,31.628,-0.13429,49.96
45.435,-5.9411,13.687,32.148,-2.3778,34.216
34.034,7.5699,11.19,36.919,14.524,39.775
44.743,-2.8728,-15.462,31.758,1.3969,35.173
31.634,0.52246,-0.58383,40.806,-18.205,38.717
36.561,-16.287,-5.1539,42.297,5.901,32.318
35.416,15.794,1.4283,44.528,1.9952,31.692
36.558,-16.988,-1.7692,43.117,2.0742,31.707
34.02,10.403,8.5713,41.105,13.816,35.739
34.122,-11.028,-8.1236,41.739,13.092,35.092
36.65,14.142,9.7147,39.795,10.07,34.266
43.004,16.33,5.5082,36.256,2.9231,32.055
33.358,-0.85763,11.792,31.731,-2.8358,47.217
36.345,15.548,6.6012,41.885,7.6436,32.83
31.775,-1.2496,3.4885,34.173,-13.683,46.027
32.41,8.1042,1.8156,48.077,6.1093,32.075
47.393,-8.8546,7.7695,32.608,-1.6941,32.34
35.657,-11.383,11.473,38.449,-12.531,36.454
31.632,-0.02312,-0.64735,31.658,1.6848,49.908
32.012,-4.8018,3.4737,44.082,-15.474,35.416
31.826,3.1475,2.9266,42.261,17.286,37.158
31.628,-0.23826,-0.0029031,49.959,0.36477,31.629
42.019,-16.51,-6.6425,36.832,3.8919,32.293
35.124,11.151,-10.701,39.156,-13.061,36.339
49.472,-2.1038,4.9399,31.676,-0.22678,31.892
31.645,0.48073,-1.1844,34.806,-14.95,45.375
34.735,6.6492,13.275,34.854,12.285,41.282
31.628,-0.0024202,0.20417,31.631,-0.56051,49.957
34.214,-11.905,7.1491,42.812,-11.678,34.12
34.673,12.734,7.4285,42.469,11.034,33.94
42.681,-9.023,14.925,33.158,-4.9458,35.314
39.174,3.3706,17.985,31.962,3.5507,39.915
33.009,5.4405,-9.2582,36.493,-15.456,41.488
42.628,17.008,-3.9998,36.804,-2.2635,31.855
34.775,-12.763,-7.7152,42.189,11.171,34.065
31.732,2.8335,1.3189,47.079,12.024,33.455
33.558,10.324,6.8192,42.984,13.021,34.647
36.847,16.914,-3.6911,42.438,-4.1173,31.961
43.556,-10.7,12.99,33.586,-4.6163,34.164
32.228,-7.285,0.84394,48.842,-3.2856,31.751
34.159,-13.193,-3.9626,45.229,6.9416,32.348
43.389,8.2618,-14.81,32.828,-4.2255,35.087
48.942,-1.6544,-7.4883,31.659,0.28061,32.256
31.67,-1.1227,1.6627,38.297,-18.035,41.206
32.241,6.8461,-2.8353,46.871,-10.573,33.072
32.287,-6.1634,4.5637,43.604,-15.3,35.499
43.835,-5.4518,-15.678,32.134,2.8882,35.48
31.64,-0.10292,1.0736,31.842,-4.4568,49.607
38.868,-7.3949,-16.682,33.279,7.2645,38.638
47.16,-9.9509,7.1235,32.882,-1.7621,32.228
41.016,-8.5369,-16.034,33.274,6.0332,36.619
44.513,14.164,-7.3694,34.711,-3.066,32.346
46.928,-10.909,-6.4396,33.156,1.7634,32.12
31.632,-0.61739,0.034631,49.909,-1.6753,31.657
32.13,6.538,-1.6326,48.328,-6.8995,32.186
33.341,-10.439,5.4478,44.493,-11.486,33.691
31.984,-4.7306,3.2062,44.581,-15.008,35.05
35.652,13.288,-9.1878,40.653,-11.095,34.483
35.154,-15.443,-1.3167,44.868,1.9247,31.685
38.579,10.907,14.545,35.272,9.2177,36.727
47.623,-10.701,3.6194,33.025,-0.92545,31.777
32.049,-6.1003,-1.0706,48.871,4.9845,31.909
41.951,-1.4354,17.77,31.67,-1.0606,37.616
46.291,-7.4557,11.526,32.388,-2.3229,33.335
33.043,9.4161,5.3918,44.376,12.503,34.084
49.79,-3.0894,-0.84042,31.729,0.055353,31.635
31.64,0.09477,1.0839,31.806,4.0758,49.662
31.65,0.28442,-1.4165,32.529,-8.8556,48.544
36.091,-8.9599,14.025,35.581,-11.689,38.919
32.049,0.87397,-6.1373,32.074,-6.2257,48.619
31.64,0.74279,0.79497,41.19,18.093,38.348
36.033,16.517,1.486,43.769,1.8818,31.689
48.935,-2.6814,-7.2086,31.709,0.43731,32.208
48.788,0.25418,-8.1972,31.628,-0.047753,32.388
42.604,-17.479,0.48926,37.086,-0.28309,31.631
31.699,-0.20118,-2.5754,31.77,3.6287,49.628
31.643,-0.65492,1.0062,38.01,-17.965,41.553
31.842,3.2453,-3.0579,42.13,-17.326,37.255
35.387,-1.589,-15.74,31.786,3.1243,44.433
32.091,6.4829,0.0065758,49.241,0.029342,31.628
40.971,-16.557,-7.501,37.478,4.8869,32.548
31.738,3.2173,-0.078464,49.78,-0.72396,31.633
32.504,8.6373,1.4186,48.245,4.5184,31.87
31.7,-0.819,2.4854,33.848,-13.036,46.577
47.045,6.7933,10.439,32.224,1.815,32.968
33.088,9.5574,5.4422,44.354,12.414,34.055
44.193,-6.643,14.862,32.352,-3.2042,34.956
43.203,-3.9549,16.632,31.912,-2.3804,36.25
32.849,-10.079,-1.3531,47.863,3.6199,31.788
32.081,6.4096,-0.25961,49.233,-1.1712,31.643
33.207,5.3939,-10.017,35.839,-14.723,41.994
31.705,2.0766,1.7135,43.395,16.786,36.326
32.344,-5.6414,-5.6325,41.166,16.841,37.535
34.997,10.819,10.77,39.011,13.309,36.606
32.91,10.184,2.0705,47.473,5.368,31.989
32.645,-6.6143,6.6362,40.859,-16.432,37.469
39.277,-11.839,-13.968,35.48,8.5959,35.864
34.539,14.507,-0.027249,45.751,-0.044867,31.628
36.795,-16.929,-3.4272,42.557,3.8571,31.916
40.771,-16.157,8.43,37.346,-5.5108,32.822
31.628,0.0011115,-0.2857,31.628,-0.18399,49.961
31.632,-0.63812,0.13768,49.285,-6.2546,32.058
32.035,5.0949,-3.351,44.726,-14.708,34.88
31.628,0.00067956,-0.14354,31.628,-0.22392,49.961
34.245,-11.666,7.6503,42.305,-12.237,34.497
32.301,7.7219,-0.57717,48.842,-2.1198,31.679
38.386,-16.687,7.07,39.861,-6.2564,32.662
31.631,-0.0013375,0.53341,31.628,-0.11856,49.958
37.054,16.477,-5.7812,41.581,-6.1488,32.438
44.281,-16.185,0.59509,35.681,-0.28113,31.632
46,-3.7261,13.661,31.824,-1.4342,34.141
39.365,-11.395,14.343,35.167,-8.4634,36.102
31.787,-3.786,-0.74363,49.159,5.6589,31.983
43.447,4.9465,16.175,32.061,2.8134,35.88
49.095,-4.8727,-5.1509,31.893,0.5583,31.919
32.346,-4.7107,6.4397,38.517,-17.152,40.115
45.749,3.3173,14.126,31.786,1.3497,34.368
33.618,1.7589,-12.404,32.002,-5.2523,46.455
31.646,-1.1962,-0.55663,47.197,12.1,33.461
49.502,1.4938,4.9886,31.652,0.1624,31.897
46.262,1.7831,-13.656,31.672,-0.67466,34.11
49.295,6.107,1.2907,32.037,0.17214,31.645
32.635,-2.2126,9.0617,32.801,-9.4431,46.687
45.715,-5.205,13.594,32.018,-2.0288,34.144
43.63,-11.809,-11.908,33.981,4.5824,33.709
45.902,-13.164,-5.5838,34.014,1.9533,32.01
38.373,10.853,14.509,35.353,9.4359,36.84
32.581,-4.5581,7.8718,36.603,-16.017,41.908
31.93,4.5675,2.6405,45.676,13.745,34.268
42.4,-15.78,-7.7987,36.23,4.2605,32.534
33.711,-2.8091,12.449,32.531,-7.9002,45.573
32.802,-9.9799,0.56816,48.129,-1.5568,31.657
34.584,13.969,-4.2002,44.694,-6.7092,32.333
45.878,9.964,-10.303,33.018,-2.8158,32.992
31.898,4.9978,-0.16862,49.522,-0.98929,31.638
32.068,2.4647,5.8267,34.886,14.686,44.675
35.735,10.193,12.66,37.093,12.577,37.704
34.484,13.823,-4.0651,44.858,-6.6343,32.308
33.991,-11.54,-6.8434,43.118,11.812,34.1
31.633,-0.11793,-0.68482,32.301,7.7414,48.913
31.939,5.3546,0.01709,49.475,0.093379,31.628
35.961,6.9986,-14.95,34.17,-10.457,40.672
34.944,-14.325,5.0365,43.931,-7.4402,32.556
32.382,-8.1115,-0.9192,48.619,3.1781,31.744
49.19,3.4235,-5.7642,31.758,-0.43794,31.993
34.693,8.923,-11.779,37.309,-13.859,38.611
32.918,-0.84302,10.388,31.762,-3.31,47.8
32.649,-8.3666,4.2517,45.465,-11.923,33.669
31.683,0.05881,-2.2766,31.643,-1.2133,49.851
33.557,-11.763,3.8275,45.836,-7.8136,32.493
35.345,-0.21113,-15.763,31.63,0.42276,44.704
33.618,-11.687,4.5157,45.303,-8.973,32.815
46.981,-10.118,7.4617,32.942,-1.8996,32.293
31.724,-1.192,-2.7671,35.101,15.328,44.881
31.679,-0.35669,2.1798,32.235,-7.3554,48.941
31.686,-2.2725,-0.58068,48.948,7.2857,32.223
31.767,-3.6029,0.29172,49.646,-2.3883,31.689
32.011,3.8676,-4.4828,40.166,-17.689,38.87
46.622,-13.177,-0.74811,33.887,0.24801,31.634
31.679,-1.8073,-1.2592,44.743,15.597,35.26
34.819,6.9572,-13.272,35.052,-12.428,40.95
33.822,11.648,-5.8408,44.105,-10.743,33.503
43.123,-15.087,8.1593,35.571,-4.0288,32.582
32.522,-8.6665,-1.7176,48.056,5.3988,31.978
32.012,-4.7519,-3.5484,43.845,15.705,35.607
32.481,8.3964,-2.0582,47.847,-6.6039,32.158
31.628,2.6646e-05,0.032277,31.628,0.039047,49.963
31.693,1.9119,1.5856,43.365,16.834,36.364
31.631,-0.0037402,-0.6031,31.628,0.2932,49.955
31.985,5.273,-2.2321,47.136,-10.97,33.149
32.48,0.92629,-8.5926,31.875,-4.5688,48.273
31.994,-5.3519,2.2237,47.196,-10.804,33.097
31.643,-1.138,-0.36519,48.522,8.9554,32.551
40.918,-3.7215,17.805,31.951,-3.0779,38.227
49.881,0.51271,2.1437,31.63,0.023362,31.676
33.342,11.555,-2.2781,46.899,-5.0412,31.961
47.054,2.0958,12.259,31.685,0.66822,33.522
34.685,-14.127,4.2855,44.553,-6.7042,32.341
41.405,17.201,-5.4596,37.614,-3.4976,32.091
38.063,11.249,-14.061,35.812,-9.8513,36.664
31.741,-3.0908,-1.0289,48.28,9.1751,32.613
31.699,0.12465,-2.5822,31.682,-2.257,49.765
42.665,11.572,13.061,34.112,5.4048,34.339
40.34,-16.737,-7.3938,38.043,5.1899,32.567
31.793,3.373,-2.0216,45.627,-14.206,34.452
32.393,7.6507,-3.0109,46.847,-10.033,32.933
31.63,-0.27974,0.44099,37.808,-17.892,41.792
31.654,1.3087,-0.89827,44.881,-15.508,35.179
43.185,16.872,2.83,36.464,1.5149,31.738
33.075,-10.497,3.1389,46.662,-7.5432,32.383
33.134,-3.1128,-10.703,33.161,10.303,45.486
37.637,5.8139,-16.837,32.887,-7.1524,40.377
42.114,-16.255,7.132,36.634,-4.0933,32.394
33.448,-11.079,-4.8057,45.132,9.9631,33.107
32.605,-1.3035,9.1079,32.053,-5.9003,47.822
45.983,-12.937,5.8151,33.92,-1.9912,32.042
44.875,9.4131,-12.419,32.981,-3.4984,33.768
33.426,-11.278,4.1475,45.692,-8.7525,32.723
47.481,-9.9041,6.0338,32.841,-1.4513,32.05
32.023,-5.12,-3.1482,45.181,14.168,34.542
37.819,12.151,-13.146,36.658,-10.137,36.049
33.014,10.256,3.2329,46.63,7.9364,32.465
48.49,-5.7893,7.0567,32.017,-0.94478,32.191
48.6,7.5923,4.4459,32.29,0.76793,31.847
31.673,-1.9966,-0.52764,48.907,7.5198,32.264
36.918,-15.668,-7.4858,40.958,7.8996,33.053
44.172,-4.6537,15.62,31.986,-2.3907,35.373
31.979,-5.2992,2.0323,47.507,-10.144,32.897
35.178,-5.9886,-14.332,33.934,10.667,41.866
32.478,-7.7414,3.814,45.829,-11.825,33.578
33.318,1.6734,-11.59,32.028,-5.5156,46.834
32.662,8.0521,-4.9249,44.45,-13.423,34.425
32.71,5.3382,8.0238,37.542,16.38,40.698
32.117,6.5572,-1.1478,48.77,-4.9467,31.907
34.271,5.4214,-12.908,34.192,-11.755,42.651
34.426,-14.015,-2.8411,45.423,4.744,31.961
32.458,-7.6544,3.7848,45.837,-11.874,33.592
40.339,-17.743,-4.4709,38.763,3.2651,31.961
31.689,2.3871,-0.2889,49.65,-3.5706,31.765
32.804,9.0686,-4.2171,45.67,-11.052,33.36
37.468,17.564,2.3518,42.012,2.4372,31.75
31.63,0.031771,0.49765,31.723,2.9975,49.807
46.13,-13.905,-1.3393,34.232,0.48257,31.649
42.099,16.933,-5.3501,37.038,-3.1693,32.052
32.624,9.1432,-1.5864,48.029,-4.7197,31.896
38.705,-17.032,-6.4476,39.791,5.5464,32.451
32.112,-6.4624,1.4467,48.515,-6.245,32.08
37.399,6.6452,16.385,33.334,8.2011,40.089
45.502,-14.387,-3.6186,34.551,1.4084,31.789
47.298,-8.6628,8.2597,32.573,-1.7766,32.439
31.858,3.398,3.1352,42.295,17.203,37.09
31.628,0.0093851,-0.27563,31.655,-1.6071,49.918
31.658,-0.097372,-1.6853,31.706,2.7083,49.792
41.59,-17.974,0.42828,37.992,-0.27788,31.63
34.156,13.432,3.0258,45.665,5.3522,32.042
39.431,-9.7152,-15.536,34.213,7.958,37.046
32.385,7.5506,-3.1435,46.658,-10.499,33.076
34.445,-8.5617,11.498,37.338,-14.167,38.859
33.276,-7.7297,-8.6299,39.482,15.794,38.04
31.642,-0.023076,-1.1777,31.637,0.9247,49.925
44.562,14.359,6.8666,34.779,2.8776,32.247
46.248,-13.62,-2.1791,34.107,0.76451,31.684
39.822,14.812,10.805,37.082,7.3735,33.844
48.268,-4.9219,-8.4111,31.914,0.97597,32.443
41.112,-9.1137,15.683,33.477,-6.19,36.312
32.925,-10.089,2.7114,47.07,-6.9388,32.248
39.044,-15.788,-9.2135,38.418,7.2257,33.318
40.255,15.908,-9.0609,37.53,-6.1951,33.081
32,-5.7684,-0.87234,49.055,4.3347,31.838
41.127,15.248,-9.8158,36.563,-5.9249,33.236
47.825,-10.508,-2.6846,32.957,0.66537,31.709
41.548,-3.682,17.614,31.921,-2.7997,37.683
31.634,0.2444,-0.72906,33.931,-13.278,46.561
38.471,-9.2142,-15.636,34.312,8.7557,37.861
42.951,16.338,5.5925,36.284,2.9829,32.069
31.628,-4.3068e-05,0.042848,31.628,-0.047541,49.962
32.096,-6.5168,0.20665,49.218,-0.91625,31.637
33.79,12.813,1.9077,46.489,3.7181,31.815
42.863,6.8564,-15.912,32.504,-4.0118,35.872
33.492,-5.382,10.947,35.198,-13.788,42.395
49.088,-0.53927,-7.0968,31.631,0.085876,32.188
46.832,6.7817,-10.901,32.231,-1.9232,33.109
49.147,-6.0652,3.2553,32.036,-0.43566,31.743
31.746,-0.37091,-3.3112,31.916,5.1208,49.327
35.608,2.9618,15.827,32.142,5.4515,43.668
36.49,-16.575,-3.8722,42.778,4.5309,32.016
33.631,-12.392,2.0527,46.642,-4.1736,31.861
32.409,0.75299,8.2643,31.806,3.9124,48.484
34.92,3.4106,-14.757,32.456,-7.0805,44.097
31.821,-0.0036674,4.2394,31.628,-0.04009,49.659
35.447,-13.976,7.5803,41.987,-9.8517,33.58
38.319,-18.101,0.13685,41.237,-0.12838,31.628
48.749,5.5412,-6.2165,31.978,-0.78297,32.059
31.744,2.5877,2.0591,43.647,16.494,36.071
34.935,-6.264,-13.816,34.331,11.455,41.671
41.366,11.05,-14.285,34.236,-6.4878,35.29
33.369,0.90485,11.822,31.742,2.9778,47.184
44.13,-0.068137,16.337,31.628,-0.03717,35.807
44.668,15.375,3.6665,35.185,1.6109,31.8
32.961,5.8821,-8.7851,37.445,-16.026,40.493
41.379,13.209,12.309,35.291,6.473,34.224
41.355,-14.435,10.859,35.971,-6.1404,33.597
31.932,-5.1739,-1.1104,48.838,6.0854,32.048
32.858,-5.8563,-8.3564,37.85,16.297,40.186
41.377,18.028,1.0143,38.172,0.67328,31.643
31.655,-0.86611,-1.364,37.801,17.856,41.767
31.867,-3.8908,2.6549,44.671,-15.202,35.108
40.789,-16.674,-7.3447,37.676,4.9009,32.521
44.846,12.158,-9.7992,33.861,-3.4816,32.912
36.946,-12.54,12.043,37.836,-10.946,35.752
32.631,1.4445,9.1996,32.135,6.4127,47.661
45.632,-14.434,2.6024,34.538,-1.0054,31.71
47.545,-3.0935,11.039,31.747,-0.85377,33.11
44.307,-15.643,-4.0964,35.42,1.8797,31.847
32.184,-6.658,2.404,47.413,-9.5014,32.752
39.135,-6.8285,-16.971,32.986,6.6148,38.715
44.536,15.049,-5.2646,35.082,-2.2978,31.988
42.924,-9.4779,-14.458,33.272,4.8919,34.995
35.534,8.5953,-13.507,35.805,-12.363,39.282
31.693,0.85106,-2.3404,34.261,-13.926,46.026
47.894,9.9332,-3.9368,32.812,-0.92165,31.803
43.052,16.783,3.7687,36.477,2.033,31.825
39.301,17.848,4.0982,39.822,3.3759,31.934
34.248,4.7363,-13.127,33.62,-10.717,43.406
35.649,-3.9401,-15.663,32.522,7.0165,43.107
34.9,15.026,1.6406,45.141,2.5092,31.723
36.3,-10.34,-13.303,36.569,11.855,37.65
33.345,-11.627,-1.935,47.034,4.2882,31.867
34.782,8.5925,-12.205,36.78,-13.613,39.066
39.663,-12.184,-13.7,35.49,8.2134,35.505
32.15,4.8211,-4.8924,41.202,-17.175,37.728
33.897,-11.429,6.6124,43.348,-11.729,34.013
40.077,-16.829,-7.2489,38.313,5.2568,32.549
31.859,4.3945,-1.4697,48.096,-9.1296,32.616
41.859,10.369,14.553,33.813,5.9367,35.31
37.077,-10.269,-14.142,35.806,10.837,37.646
35.892,-12.555,-10.6,39.344,11.752,35.392
31.655,0.01693,-1.6226,31.63,-0.49198,49.914
35.57,-15.571,-3.9126,43.77,5.2556,32.101
31.635,0.00071812,-0.85616,31.628,-0.03964,49.95
35.407,7.107,-14.163,34.637,-11.475,40.752
31.691,2.1262,-1.215,46.048,-13.901,34.247
31.727,2.9628,-0.7411,48.923,-7.1229,32.198
43.184,-3.4413,16.759,31.843,-2.0956,36.344
42.04,-14.865,9.7667,35.895,-5.2747,33.119
40.019,-12.353,-13.539,35.414,7.8566,35.264
37.203,17.526,1.101,42.438,1.1852,31.655
40.246,-18.178,-2.1817,39.165,1.6352,31.707
33.589,-2.05,12.285,32.143,-6.1265,46.291
35.722,-14.795,6.6938,42.359,-8.4804,33.029
42.866,6.3203,16.13,32.373,3.7626,36.014
48.967,-7.4654,1.2838,32.252,-0.21271,31.645
49.773,-2.1289,2.5976,31.676,-0.11824,31.699
46.861,0.71029,-12.767,31.634,-0.23982,33.714
49.786,-2.6221,-1.9033,31.701,0.10652,31.666
43.718,-2.0935,-16.566,31.704,1.2011,36.058
48.565,-8.8792,-0.65946,32.532,0.13255,31.632
34.42,-2.8537,14.001,32.318,-6.7048,44.928
34.379,-11.212,8.7321,41.143,-13.107,35.334
31.656,-0.040109,1.6523,31.641,-1.1435,49.895
32.369,7.2472,-3.6204,45.902,-12.044,33.637
31.797,3.8611,-0.94968,48.845,-6.9771,32.178
47.012,12.488,-0.80727,33.604,-0.24804,31.635
37.729,-17.533,-3.3927,41.557,3.3836,31.876
33.164,8.5288,-7.3248,41.608,-15.087,36.219
35.097,-10.713,11.084,38.682,-13.265,36.813
39.222,-4.7453,-17.678,32.283,4.8307,39.471
34.528,13.763,4.5256,44.584,7.2826,32.466
33.303,-11.44,2.2729,46.946,-5.0938,31.967
36.976,-16.159,6.4728,41.378,-6.8909,32.665
33.321,11.646,1.2954,47.262,2.9026,31.735
35.728,-8.1757,-14.039,35.247,11.792,39.686
41.2,3.1034,-17.845,31.845,-2.4951,38.092
48.711,-1.1813,8.3694,31.644,-0.22771,32.424
33.388,5.6204,10.501,35.726,14.436,41.899
46.273,8.7603,10.604,32.674,2.4926,33.056
36.546,4.067,-16.578,32.398,-6.2086,42.21
36.969,-13.828,10.565,39.016,-10.222,34.649
32.389,-7.1981,3.9317,45.422,-12.781,33.971
47.558,7.3741,8.7411,32.302,1.5823,32.533
37.765,-17.205,-4.8495,41.178,4.7594,32.139
47.115,-12.156,-2.0214,33.489,0.60184,31.675
32.952,10.5,-0.90566,47.855,-2.3247,31.694
34.969,-5.6848,-14.122,33.846,10.661,42.226
32.348,-5.2259,6.0439,39.916,-17.18,38.707
32.765,-9.7654,1.3136,47.983,-3.6503,31.789
49.804,2.0005,2.3305,31.67,0.099485,31.685
31.929,5.2268,-0.64024,49.274,-3.5491,31.767
45.088,13.291,7.6618,34.226,2.8821,32.386
47.393,-5.8083,10.247,32.053,-1.491,32.9
41.487,-13.579,-11.842,35.442,6.2955,33.989
32.759,-9.5,-2.5153,47.328,6.935,32.235
43.394,-16.179,5.0693,36.013,-2.5806,31.981
31.858,2.9331,3.5711,39.855,17.967,39.361
31.7,2.4409,0.92794,47.931,10.288,32.893
41.552,-16.907,-6.1567,37.337,3.84,32.214
41.484,-14.498,-10.7,35.945,5.9908,33.516
32.524,-8.6178,1.987,47.873,-6.2204,32.098
36.133,15.654,5.7776,42.464,6.9785,32.573
31.695,1.8033,-1.7658,41.935,-17.706,37.601
42.238,-13.257,11.711,34.994,-5.6622,33.812
47.356,-7.37,9.2839,32.312,-1.7051,32.662
33.576,-7.071,-10.211,37.336,15.227,39.867
42.874,-16.949,3.5631,36.651,-1.9673,31.805
44.169,-5.2859,15.42,32.089,-2.6728,35.261
39.138,-18.233,1.4888,40.324,-1.267,31.668
33.282,11.337,2.4671,46.878,5.5576,32.033
44.452,16.025,0.32758,35.547,0.1514,31.629
37.287,16.777,5.363,41.5,5.5606,32.298
49.046,6.1968,-3.8222,32.057,-0.52595,31.787
35.307,-13.358,8.2735,41.534,-10.808,34.081
31.762,-2.6682,-2.3344,42.845,17.059,36.725
36.309,-5.9282,-15.781,33.329,8.8274,41.298
31.696,2.3707,-0.91727,47.875,-10.44,32.935
31.629,-0.00042162,0.31218,31.628,-0.063873,49.961
36.68,-14.61,-9.0415,40.237,9.5155,33.863
47.216,9.5669,7.4566,32.784,1.7709,32.286
41.659,-16.997,-5.7764,37.328,3.5788,32.139
36.677,14.924,8.5077,40.575,9.0765,33.584
31.928,4.1764,-3.197,43.75,-15.988,35.779
37.565,9.7688,14.849,35.109,10.06,37.894
45.869,-14.344,0.17578,34.45,-0.066336,31.628
35.543,9.0806,-13.199,36.248,-12.577,38.792
31.785,2.7854,-2.6241,42.188,-17.407,37.271
40.195,-17.554,-5.2194,38.746,3.8441,32.091
44.046,7.3309,14.686,32.519,3.5238,34.892
31.628,0.14845,-0.23998,37.607,-17.795,42.018
38.538,-1.0198,18.14,31.661,-1.2054,40.959
34.125,-10.381,8.9448,40.705,-13.898,35.98
34.469,-14.193,-2.3184,45.53,3.8486,31.845
32.373,-4.5098,6.7536,37.77,-16.902,40.873
31.672,1.8509,-0.85532,47.194,-12.014,33.436
33.424,4.5435,11.119,34.307,12.603,43.584
31.745,2.972,-1.4624,46.796,-12.508,33.643
31.657,-1.6317,0.33911,49.294,-6.027,32.027
31.682,0.17161,-2.2538,31.763,-3.5452,49.665
35.523,-15.907,1.6876,44.361,-2.314,31.715
31.678,-0.95551,1.9519,35.888,-16.374,43.961
37.104,9.3848,14.766,35.133,10.482,38.338
33.077,-6.1689,-9.0614,37.501,15.903,40.292
43.794,15.818,-5.1484,35.68,-2.4881,31.984
35.215,-15.571,-0.66542,44.853,0.96372,31.642
32.788,-7.7246,-6.2585,42.41,15.251,35.941
32.688,3.5626,-8.8584,34.444,-13.433,44.388
31.665,-1.8628,-0.16828,49.783,2.6821,31.704
31.826,-4.2327,0.72593,49.228,-4.9578,31.899
43.024,16.786,3.8421,36.491,2.0781,31.833
49.414,3.583,-4.4011,31.768,-0.34448,31.837
39,-9.4666,-15.629,34.241,8.3009,37.425
46.9,-10.542,7.1149,33.06,-1.8922,32.233
44.885,-6.9826,-13.918,32.379,2.96,34.389
32.825,-10.052,0.75402,48.063,-2.0441,31.678
31.794,3.9264,-0.30922,49.61,-2.319,31.686
35.839,-15.326,-5.7598,42.746,7.2702,32.623
46.605,-1.3305,13.159,31.651,-0.47221,33.881
32.747,-8.8481,4.1732,45.681,-11.218,33.409
31.651,0.90972,-1.194,39.349,-18.281,40.128
49.216,-4.8232,4.4931,31.885,-0.47813,31.848
37.273,-16.369,6.4797,41.102,-6.6361,32.623
42.215,1.6578,17.623,31.683,1.1798,37.367
42.676,-17.404,1.1759,37.005,-0.67385,31.647
33.862,-4.0531,12.482,33.356,-10.369,44.248
31.691,-2.3595,-0.61521,48.905,7.4182,32.247
34.649,9.2583,11.419,37.796,13.974,38.163
45.756,-8.8435,-11.491,32.739,2.8399,33.362
48.743,-7.8043,2.9628,32.32,-0.52024,31.724
38.203,-15.378,9.4716,38.929,-8.1512,33.605
32.172,0.007127,-7.0025,31.628,-0.045444,49.117
37.723,17.12,5.0703,41.157,4.9907,32.19
31.636,-0.85861,-0.13937,49.564,4.7695,31.874
40.784,13.386,-12.362,35.646,-7.0042,34.378
32.945,-10.494,0.68847,47.906,-1.7732,31.666
32.003,5.8023,-0.83197,49.082,-4.1154,31.817
31.827,-4.0666,-1.4109,48.039,9.4425,32.688
32.628,8.953,2.5065,47.411,7.3665,32.308
31.995,-5.2827,-2.3901,46.848,11.536,33.343
31.963,5.4324,-1.1219,48.838,-5.8562,32.017
32.787,-0.76927,9.9079,31.753,-3.2144,48.006
33.428,-3.3726,11.539,33.128,-10.034,45.131
47.179,-6.9035,10.061,32.237,-1.7587,32.861
32.855,-9.6487,3.2887,46.653,-8.5935,32.605
32.359,7.9333,1.3588,48.427,4.7565,31.892
33.037,10.138,-3.813,46.133,-9.196,32.792
32.777,8.2475,5.4733,43.812,13.923,34.803
34.928,-15.156,-0.29378,45.237,0.44824,31.631
32.454,6.9798,4.8846,43.82,14.691,35.142
41.633,17.039,-5.6865,37.37,-3.5383,32.123
33.705,7.8105,10.076,38.077,15.231,38.942
35.826,-15.827,4.1375,43.416,-5.327,32.131
31.992,-5.5246,1.6945,48.124,-8.385,32.462
45.007,-15.249,-2.3854,35.031,1.013,31.699
42.133,-14.467,10.27,35.643,-5.3804,33.279
37.564,16.417,6.8098,40.702,6.6891,32.688
43.432,11.708,-12.224,33.986,-4.754,33.858
35.192,-9.5305,12.291,37.172,-13.234,38.204
31.686,2.3414,0.16251,49.799,2.0622,31.673
31.658,1.6316,0.45603,48.82,7.9183,32.336
39.609,-11.252,14.474,34.972,-8.1928,36.079
34.12,-0.22228,13.692,31.632,-0.58723,46.305
32.26,-5.1726,-5.4545,40.777,17.131,37.993
35.127,-15.458,0.13106,44.985,-0.19287,31.628
46.774,9.5645,-8.7155,32.823,-2.1393,32.553
33.079,-0.77599,10.941,31.729,-2.8508,47.618
31.683,0.056013,-2.292,31.642,-1.1479,49.852
33.157,10.452,4.0794,45.862,9.3868,32.867
35.768,12.053,-10.962,39,-12.143,35.827
31.873,4.7509,-0.364,49.492,-2.2434,31.682
40.528,-10.945,14.629,34.451,-7.239,35.794
36.784,-17.176,1.7396,42.858,-1.9768,31.701
36.392,13.411,10.34,39.439,10.852,34.821
37.979,-16.012,-8.1634,39.753,7.4389,33.102
33.981,4.4001,-12.65,33.552,-10.748,43.835
31.667,0.0055764,-1.9242,31.628,-0.13651,49.9
41.257,14.299,11.089,35.94,6.2882,33.705
44.265,11.185,11.734,33.627,4.0709,33.576
47.967,10.057,3.0526,32.834,0.71916,31.732
32.735,-8.4487,4.8358,44.744,-12.814,34.121
47.46,-11.118,-3.4547,33.152,0.92555,31.764
49.867,0.80241,-2.2447,31.634,-0.038316,31.681
31.634,0.64895,0.45869,44.69,15.767,35.352
48.189,6.5546,-7.4929,32.137,-1.1565,32.271
36.752,-17.22,-0.81796,42.974,0.93564,31.644
31.982,4.9061,-2.9023,45.472,-13.886,34.366
46.436,-13.135,3.1174,33.906,-1.0451,31.743
37.608,9.8516,-14.821,35.14,-10.039,37.818
46.687,-1.5032,-13.001,31.658,0.52358,33.814
40.666,14.75,10.74,36.515,6.6417,33.657
32.99,-0.78446,-10.642,31.738,2.9893,47.733
32.454,-8.2249,2.2102,47.733,-7.1957,32.262
34.223,12.938,5.0958,44.497,8.6715,32.819
43.033,17.213,0.14497,36.72,0.07983,31.628
31.681,-0.19274,-2.2424,31.8,3.9911,49.608
40.1,5.4412,-17.495,32.389,-4.8381,38.48
45.497,-9.0962,-11.728,32.828,3.0389,33.462
39.222,5.666,17.405,32.557,5.6314,39.138
32.617,-9.0587,1.8802,47.869,-5.5985,32.009
31.688,2.144,1.0301,46.989,12.349,33.565
43.24,-15.292,-7.5833,35.628,3.7447,32.441
40.204,13.345,-12.541,35.909,-7.5676,34.618
31.879,4.2727,-2.2355,46.303,-12.923,33.858
31.699,0.94732,-2.4052,34.637,-14.616,45.52
32.496,-8.6852,0.70296,48.536,-2.2604,31.687
32.73,8.0801,-5.3925,43.828,-14.018,34.84
33.294,8.8136,-7.5998,41.456,-14.94,36.21
32.806,6.7437,7.3987,39.99,16.431,38.095
32.407,-8.2875,0.10024,48.759,-0.34164,31.629
32.987,-9.2453,5.3088,44.427,-12.582,34.102
36.409,16.949,0.1481,43.401,0.17784,31.628
31.904,-5.0466,-0.23522,49.498,1.3651,31.648
38.922,12.32,13.475,35.991,8.9663,35.677
45.899,9.1453,-10.998,32.801,-2.7724,33.196
40.11,-7.7654,-16.594,33.158,6.3887,37.579
39.509,-18.306,0.91149,39.978,-0.7447,31.642
32.29,1.4284,7.5505,32.38,7.8659,47.8
35.327,11.577,10.663,39.264,12.698,36.031
44.858,15.444,2.21,35.158,0.95961,31.689
33.831,12.61,3.3642,45.861,6.4159,32.212
39.318,-13.401,-12.483,36.463,8.4114,34.86
48.714,-5.4682,6.4302,31.97,-0.8014,32.09
33.581,-6.5995,10.538,36.637,-14.905,40.622
32.322,-3.9735,6.7734,36.826,-16.472,41.988
35.155,15.492,-0.51276,44.937,-0.75058,31.636
35.522,-1.2749,-15.945,31.726,2.4505,44.347
33.288,11.215,-3.0471,46.554,-6.8107,32.25
32.434,-4.5615,7.078,37.461,-16.694,41.134
37.852,12.792,-12.545,37.132,-9.9959,35.558
32.066,-5.2617,-3.4975,44.618,14.756,34.931
33.48,12.164,0.091764,47.198,0.19617,31.628
35.692,-9.4517,-13.161,36.427,12.484,38.44
39.807,-15.091,10.412,37.285,-7.2145,33.673
42.525,-4.4075,16.97,32.005,-2.8929,36.721
34.478,13.673,4.505,44.642,7.3258,32.471
32.226,-6.9779,2.2181,47.703,-8.4979,32.511
36.382,-12.101,-11.833,38.122,11.62,36.034
31.631,0.45853,-0.31772,44.84,-15.613,35.237
43.839,-11.145,12.297,33.692,-4.4155,33.837
31.863,-3.9107,-2.5524,44.984,14.847,34.868
46.891,8.7094,9.2895,32.613,2.0706,32.681
37.204,4.5156,16.971,32.457,6.153,41.388
32.656,-3.1736,-8.8664,33.95,12.534,45.078
31.65,1.4482,-0.13155,49.805,-2.6998,31.705
40.336,-18.142,2.3859,39.06,-1.7689,31.722
36.091,-15.705,5.5093,42.621,-6.7185,32.49
32.135,-5.6629,-3.7155,44.625,14.572,34.851
36.134,-14.862,7.5876,41.519,-8.8969,33.313
49.878,2.0341,-0.94447,31.671,-0.040789,31.637
46.294,-1.8568,-13.596,31.675,0.69757,34.082
47.853,2.9102,-10.379,31.731,-0.73834,32.914
31.79,2.0294,-3.3258,37.407,-17.479,42.027
31.773,-1.5535,3.3458,35.519,-15.842,44.285
48.928,1.8443,7.4929,31.666,0.31322,32.257
48.278,1.4034,-9.6179,31.651,-0.32063,32.707
37.534,-17.739,0.81087,42.081,-0.837,31.642
31.966,-4.1192,3.7588,42.283,-16.996,36.976
32.573,-8.0918,4.0771,45.601,-11.924,33.647
31.88,4.2176,2.3653,45.917,13.533,34.141
39.764,11.115,-14.582,34.829,-8.0135,36.086
41.296,-14.085,11.34,35.802,-6.3295,33.804
37.16,-17.467,-1.5245,42.452,1.6486,31.681
41.362,16.917,6.3265,37.459,4.0222,32.256
42.048,11.199,-13.813,34.113,-5.9084,34.843
38.807,-14.463,-11.105,37.605,8.4495,34.247
38.741,18.207,-0.68778,40.777,-0.61372,31.637
31.628,-0.10223,-0.010589,49.803,3.0782,31.729
47.733,10.948,-1.5346,33.077,-0.39752,31.654
31.902,-4.9326,-1.0002,48.95,5.7821,32.004
46.65,-12.998,-1.9917,33.823,0.65107,31.674
39.094,-14.793,-10.751,37.614,8.0099,33.987
34.151,13.566,2.286,45.93,4.0695,31.863
36.796,17.271,0.28928,42.942,0.32908,31.63
33.363,-8.4829,8.258,40.478,-15.349,37.007
40.97,17.347,-5.4307,38.001,-3.6559,32.1
40.675,18.125,-2.0838,38.764,-1.4898,31.697
32.459,7.3335,-4.3825,44.828,-13.454,34.347
31.634,-0.7799,0.12207,49.593,-4.6054,31.857
47.469,-11.294,-2.7487,33.198,0.74648,31.714
42.023,-16.413,6.8747,36.773,-4.0088,32.342
31.628,0.17687,-0.0096377,49.918,-1.6281,31.656
44.205,-14.327,-7.7046,34.865,3.3203,32.427
43.796,-10.819,-12.633,33.584,4.4353,33.979
37.179,17.527,0.79491,42.483,0.85881,31.642
46.248,13.791,-0.16176,34.167,-0.057362,31.628
46.892,-12.367,-3.0268,33.585,0.9302,31.735
31.828,3.9372,-1.7697,47.103,-11.627,33.336
38.879,-17.868,3.7156,40.31,-3.2221,31.889
32.255,-6.8286,-3.0819,46.51,11.284,33.314
31.663,1.4074,-1.1575,43.467,-16.822,36.314
36.095,14.882,7.4608,41.623,8.8189,33.265
41.337,-17.838,-2.8829,38.074,1.9072,31.755
31.634,-0.72425,0.31831,47.468,-11.601,33.283
42.025,9.6173,-14.97,33.483,-5.6164,35.517
33.199,11.267,-1.3888,47.398,-3.2409,31.761
33.756,9.7702,-8.3822,41.065,-14.333,36.053
42.649,4.9767,16.735,32.102,3.17,36.503
31.629,-0.13489,0.30798,35.228,-15.603,44.854
32.828,5.4814,8.4759,37.264,16.112,40.854
35.708,-14.969,-6.2495,42.617,7.9926,32.842
34.299,13.405,-4.2327,44.953,-7.1682,32.414
31.651,-0.078936,1.4862,31.694,-2.4937,49.821
31.635,0.00056591,-0.85676,31.628,-0.031217,49.95
32.488,7.6488,-4.1032,45.394,-12.53,33.888
32.878,8.372,-5.9604,43.237,-14.311,35.157
40.012,-15.876,9.1574,37.683,-6.4249,33.146
38.876,-18.242,0.53275,40.64,-0.46807,31.633
49.262,3.8931,-5.0707,31.795,-0.4354,31.908
41.528,-12.305,-13.141,34.776,6.4214,34.606
33.833,-11.841,5.502,44.403,-10.165,33.267
38.812,7.2093,-16.751,33.212,-7.1867,38.772
34.565,13.322,-5.8631,43.739,-9.1852,33.057
33.094,10.577,-3.0869,46.685,-7.3715,32.348
48.747,8.3318,-0.20739,32.416,-0.038751,31.628
36.786,-10.541,-13.674,36.266,11.266,37.462
32.366,8.0664,-0.51191,48.766,-1.7931,31.664
41.183,7.865,16.322,33.004,5.5923,36.77
33.73,3.6947,-12.266,33.161,-9.947,44.681
47.055,10.086,7.2729,32.926,1.8358,32.257
44.161,15.987,3.2194,35.629,1.5212,31.763
34.241,9.2405,10.439,38.685,14.491,37.73
32.083,6.1256,1.9557,47.896,8.6239,32.524
46.422,-5.2877,-12.445,32.008,1.7809,33.635
48.477,-1.1992,9.0871,31.644,-0.25523,32.58
39.497,-1.2504,18.285,31.672,-1.2901,39.952
31.827,-2.8321,-3.2397,40.432,17.952,38.838
42.278,-9.6373,14.808,33.441,-5.4229,35.349
39.781,-14.069,-11.757,36.611,7.7624,34.315
35.032,-15.319,-0.070112,45.106,0.10494,31.628
44.188,-4.0376,15.775,31.897,-2.0977,35.459
45.658,12.806,-7.0784,33.935,-2.4643,32.256
39.175,-0.992,18.271,31.657,-1.0718,40.3
40.539,-16.501,-7.8391,37.734,5.3324,32.672
35.639,15.147,5.5744,43.02,7.2748,32.597
32.677,9.0111,3.0145,46.945,8.5761,32.58
33.769,-11.17,-6.4607,43.492,11.853,34.029
36.047,-6.559,15.247,33.826,-9.8885,40.988
31.652,1.2719,-0.80552,45.445,-14.842,34.745
32.337,4.8489,-6.2802,38.969,-17.225,39.661
35.032,15.08,2.694,44.751,4.0017,31.879
41.321,-2.2685,17.932,31.742,-1.8127,38.103
31.637,0.95444,-0.083979,49.832,-2.6184,31.701
42.969,-16.296,5.6795,36.253,-3.0183,32.083
44.673,-13.437,8.314,34.377,-3.2659,32.544
33.467,12.024,-1.5957,46.991,-3.4109,31.779
36.459,-16.992,-0.25786,43.339,0.30742,31.629
41.211,-5.7429,17.175,32.366,-4.367,37.469
31.775,3.0884,-2.0523,44.967,-15.098,34.978
33.966,-13.053,2.8452,45.952,-5.2714,32.02
36.362,8.1197,-14.829,34.716,-10.779,39.592
34.024,-12.845,4.1116,45.272,-7.4184,32.446
37.229,-16.546,5.9329,41.355,-6.1558,32.461
48.059,2.2478,10.036,31.688,0.54388,32.817
36.743,-12.761,11.581,38.288,-11.038,35.525
33.603,-12.188,2.7353,46.404,-5.5766,32.051
31.964,5.55,0.20765,49.417,1.0916,31.641
32.635,0.21415,-9.323,31.639,-0.97544,48.404
32.024,4.3949,4.1033,42.033,17.025,37.129
39.921,-17.344,5.936,38.825,-4.4701,32.245
40.029,-18.322,0.42318,39.472,-0.32637,31.631
35.859,-15.755,4.5349,43.242,-5.7881,32.231
36.258,16.017,5.1007,42.621,6.0991,32.34
44.907,-4.5451,14.868,31.947,-2.0819,34.836
33.953,12.426,-4.829,44.867,-8.7721,32.807
42.614,-13.393,11.233,34.933,-5.2814,33.573
31.643,1.136,-0.43367,47.998,-10.367,32.906
32.169,3.7811,-5.8756,37.603,-17.095,41.315
33.819,6.2498,11.425,35.676,13.961,41.423
32.977,-9.6787,4.3879,45.555,-10.697,33.268
36.365,-16.88,0.99035,43.419,-1.1957,31.653
36.675,7.4811,15.463,34.098,9.8428,39.964
49.72,-1.9138,3.2747,31.667,-0.1345,31.742
37.12,-14.212,-10.222,39.184,9.8224,34.361
38.946,18.192,1.6101,40.512,1.4002,31.676
33.888,8.1337,-10.377,38.041,-14.984,38.768
32.405,-4.4194,-7.0033,37.318,16.66,41.328
38.545,-10.601,14.758,35.098,-9.1851,36.942
43.921,2.6561,-16.31,31.747,-1.4697,35.842
32.489,4.9516,-7.1339,38.003,-16.829,40.478
31.94,4.2925,-3.2082,43.92,-15.803,35.627
35.929,-16.193,-3.0218,43.622,3.861,31.888
45.021,-11.417,-10.362,33.575,3.4332,33.063
32.197,-5.3454,4.7508,42.275,-16.543,36.718
32.951,4.2191,-9.6546,34.766,-13.715,43.627
46.644,10.553,7.8649,33.092,2.1345,32.379
32.235,-7.2415,-1.4048,48.499,5.4074,31.968
33.919,12.264,-5.0265,44.745,-9.1768,32.93
33.217,-11.317,-1.4263,47.364,3.3078,31.766
34.716,-13.52,-6.0563,43.507,9.1895,33.09
40.659,1.9018,18.148,31.715,1.6675,38.758
45.296,-4.563,14.387,31.939,-1.9554,34.545
32.253,-5.9361,4.5441,43.395,-15.573,35.709
38.509,16.403,7.7929,39.471,6.7122,32.88
31.692,2.0013,1.447,44.452,15.87,35.475
31.686,2.0044,-1.2224,45.651,-14.477,34.551
31.699,-1.4426,2.1427,38.254,-17.981,41.215
32.197,6.5281,2.9321,46.607,11.294,33.304
44.528,13.811,7.9809,34.562,3.2473,32.475
39.776,3.8636,-17.923,32.031,-3.7171,39.228
31.628,0.028607,0.0070042,49.109,7.0367,32.178
39.443,9.8232,-15.469,34.265,-7.9864,36.979
36.707,-1.0821,17.169,31.681,-1.69,42.977
31.628,-0.0031932,0.11292,31.646,-1.3357,49.933
34.571,-0.38771,-14.559,31.64,0.91592,45.691
31.75,2.1161,2.6366,39.735,18.142,39.615
36.988,-17.394,0.85908,42.698,-0.95179,31.645
32.758,9.4474,-2.692,47.195,-7.4086,32.327
31.901,4.0286,-2.9953,44.003,-15.815,35.603
37.015,-17.009,3.8302,42.223,-4.1732,31.978
31.756,-1.3966,3.1668,35.222,-15.47,44.683
36.807,17.228,-1.3659,42.87,-1.549,31.673
31.702,-2.6245,0.34067,49.598,-3.82,31.785
37.161,17.492,-1.2151,42.477,-1.3148,31.662
33.708,-12.093,-4.0566,45.569,7.9229,32.537
46.101,10.856,8.8616,33.243,2.5732,32.611
33.728,12.395,-3.2125,46.042,-6.302,32.184
40.824,0.71365,-18.199,31.64,-0.61627,38.693
31.786,-3.203,-2.1278,44.955,15.083,34.975
46.804,1.8249,12.758,31.672,0.61775,33.715
31.731,-2.8988,1.1571,47.713,-10.677,33.01
31.889,0.13203,-4.9168,31.644,-1.2339,49.526
33.764,12.363,3.6522,45.77,7.0647,32.341
47.223,-12.083,0.91609,33.452,-0.26916,31.637
32.373,7.759,-2.3974,47.562,-8.1974,32.459
33.187,2.0553,-11.125,32.282,-7.0107,46.65
32.794,-9.9587,-0.35077,48.168,0.96513,31.639
43.727,-12.681,10.853,34.303,-4.4018,33.319
32.441,-8.2009,2.0525,47.873,-6.7518,32.181
45.179,-10.832,10.713,33.363,-3.3428,33.158
37.953,-17.961,0.0293,41.635,-0.028727,31.628
34.675,-14.249,3.7922,44.784,-5.9742,32.184
44.557,-13.936,-7.7004,34.605,3.1493,32.413
36.936,14.439,-9.6708,39.664,-9.6752,34.113
43.256,15.874,-6.2429,35.913,-3.1699,32.172
31.946,-1.0606,5.3077,32.494,-8.5533,48.146
36.421,9.4895,-14.058,35.727,-11.449,38.408
41.737,-17.688,2.8766,37.713,-1.8197,31.751
34.533,14.438,-1.2997,45.663,-2.1387,31.694
31.63,-0.0081183,0.50372,31.634,-0.76175,49.949
43.011,15.591,-7.3332,35.867,-3.7528,32.396
31.629,-0.000968,-0.33522,31.628,0.13656,49.96
31.628,2.2709e-05,0.023631,31.628,0.045455,49.963
33.787,-0.29591,12.944,31.637,-0.85735,46.755
31.838,3.2325,3.0206,42.206,17.292,37.192
32.147,4.2195,-5.3949,39.214,-17.522,39.646
33.684,12.607,-1.4968,46.734,-3.0075,31.748
32.404,-7.4168,3.6745,45.896,-11.941,33.604
34.293,13.336,-4.406,44.864,-7.4556,32.484
31.637,0.82594,0.44059,46.516,13.342,33.961
41.07,-9.7843,15.288,33.761,-6.4563,36.044
48.93,-6.622,3.9472,32.121,-0.58398,31.798
31.863,-1.5835,4.3897,34.181,-13.627,45.889
34.968,14.811,3.5108,44.573,5.2459,32.066
42.506,-15.479,8.2562,36.02,-4.4005,32.642
49.44,-4.5414,-3.1682,31.853,0.3129,31.736
31.774,-2.4765,2.7529,40.732,-17.98,38.615
46.125,-13.731,2.6158,34.17,-0.9328,31.71
32.602,8.1026,-4.3264,45.277,-12.38,33.858
45.751,3.1633,-14.159,31.772,-1.2903,34.382
49.251,0.10924,-6.4395,31.628,-0.015608,32.084
31.641,0.41951,-1.0309,34.821,-14.978,45.361
40.057,1.7394,18.242,31.707,1.6567,39.35
33.595,-12.47,-0.14905,47.034,0.308,31.629
31.647,-0.05058,-1.3562,31.66,1.7562,49.88
46.602,-12.959,2.667,33.818,-0.87265,31.711
45.746,-11.585,8.7427,33.514,-2.7674,32.598
32.485,-8.1018,3.0709,46.847,-9.6632,32.841
31.628,0.0015572,0.22823,31.629,0.32267,49.96
38.612,-18.041,-2.3075,40.793,2.0811,31.731
42.5,1.5658,-17.477,31.676,-1.0723,37.125
31.654,0.038826,-1.5951,31.641,-1.1468,49.898
42.63,5.639,-16.536,32.237,-3.5413,36.366
35.919,16.017,3.8002,43.423,4.8369,32.043
32.805,-9.2707,3.7657,46.188,-9.9643,32.984
42.421,17.313,3.1139,37.087,1.8193,31.767
33.114,-3.2064,-10.61,33.274,10.626,45.358
34.385,0.35908,-14.218,31.639,-0.88686,45.94
34.88,-14.926,2.1717,45.063,-3.3269,31.797
33.546,-11.965,3.0254,46.322,-6.2524,32.163
31.657,-1.5393,-0.65754,47.555,11.329,33.198
48.52,-4.1537,8.0268,31.828,-0.77393,32.362
36.901,15.02,-8.6895,40.308,-8.9625,33.6
45.176,12.438,8.8026,33.897,3.1049,32.637
47.957,-9.2748,-4.9938,32.657,1.0916,31.911
49.758,-1.211,3.2685,31.643,-0.084797,31.742
44.56,15.894,-0.892,35.451,-0.406,31.638
31.671,-0.55828,1.9537,33.357,-11.793,47.306
33.441,9.7315,7.1218,42.461,13.834,35.197
31.725,-2.3722,1.864,43.77,-16.435,35.992
31.639,0.023569,-1.0337,31.64,-1.0762,49.925
31.749,2.2461,-2.5075,40.716,-18.028,38.662
34.856,14.753,-2.9495,44.886,-4.5183,31.944
47.558,0.019288,11.436,31.628,0.0055303,33.227
34.34,-12.809,5.9815,43.789,-9.7807,33.236
40.452,15.825,9.1556,37.338,6.1026,33.089
32.581,-1.5886,8.9566,32.273,-7.2037,47.531
33.363,10.044,6.2684,43.53,12.825,34.413
36.101,-15.726,-5.4815,42.623,6.6767,32.48
32.728,-5.4267,-8.051,37.631,16.391,40.58
38.939,-17.956,-3.3274,40.316,2.873,31.836
31.657,1.5051,-0.68672,47.273,-11.914,33.396
31.687,2.157,0.9796,47.251,11.845,33.379
31.893,-4.8109,1.1757,48.712,-6.8862,32.169
31.68,1.977,0.99335,46.778,12.759,33.725
31.914,-1.7355,-4.8363,34.145,13.513,45.864
34.038,1.3068,13.456,31.798,3.4941,46.175
37.509,14.662,9.993,39.104,9.217,34.073
35.132,14.987,3.82,44.28,5.5281,32.127
32.367,-8.0043,-1.1557,48.531,4.0314,31.817
36.103,-15.319,-6.5391,42.126,7.8462,32.861
44.472,-15.909,1.7745,35.487,-0.81411,31.668
48.092,9.0021,4.8038,32.589,1.0113,31.888
42.805,-16.697,-4.7638,36.545,2.617,31.949
42.87,-17.242,1.6672,36.815,-0.93253,31.666
38.848,-10.475,14.937,34.871,-8.8202,36.893
31.631,-0.50537,-0.31707,45.534,14.785,34.7
32.051,0.46276,6.1903,31.753,3.349,49.108
31.959,2.4309,-4.9563,35.782,-15.959,43.703
39.99,18.315,0.71524,39.504,0.55388,31.636
49.856,-2.4629,-0.52062,31.692,0.027247,31.63
34.832,3.647,14.557,32.6,7.649,44.013
46.201,13.833,0.92651,34.192,0.3306,31.638
40.051,5.0836,-17.606,32.297,-4.5911,38.636
32.278,7.468,-1.5067,48.394,-5.5937,31.994
31.635,-0.82749,-0.062508,49.866,2.2516,31.681
38.486,-18.084,-1.588,40.994,1.4571,31.677
43.95,-15.844,-4.6074,35.636,2.2003,31.91
35.792,15.879,3.7667,43.573,4.8902,32.046
36.89,16.824,-4.2155,42.256,-4.6561,32.061
33.654,11.811,4.445,45.335,8.7578,32.757
40.116,-1.8429,18.228,31.716,-1.7398,39.281
49.66,-0.15879,4.2264,31.628,-0.01448,31.82
34.448,-12.705,6.6542,43.204,-10.502,33.58
42.931,-16.89,-3.6606,36.591,2.0055,31.815
31.639,0.57586,0.84426,38.402,18.113,41.134
44.151,-15.375,5.4682,35.348,-2.507,32.024
31.884,4.4775,1.9097,47.246,11.121,33.177
39.88,17.833,4.2515,39.235,3.2755,31.941
31.653,-0.35064,1.4964,32.832,-10.094,48.091
36.226,-16.45,-3.2975,43.219,4.024,31.921
32.56,-5.7925,6.8921,39.513,-16.892,38.847
49.147,-3.9852,-5.6106,31.804,0.49694,31.973
34.304,-13.019,5.3247,44.286,-8.8744,32.898
31.641,0.031004,1.1254,31.645,1.2995,49.913
42.159,-1.7142,17.645,31.687,-1.2288,37.411
36.513,-5.5497,-16.113,33.058,8.1278,41.405
35.722,-8.0072,-14.127,35.112,11.686,39.846
32.252,-7.3601,1.3025,48.559,-4.9478,31.911
40.248,16.599,-7.7249,38.014,-5.4453,32.665
47.649,1.6025,11.124,31.659,0.44343,33.129
32.355,-7.5385,-2.7631,47.13,9.4951,32.774
34.781,-6.0733,-13.632,34.3,11.529,41.893
42.138,-16.71,-5.9543,36.886,3.4802,32.155
33.931,12.216,-5.2127,44.597,-9.4583,33.028
45.043,-15.39,0.2862,35.08,-0.1221,31.629
31.648,0.037053,-1.4019,31.644,-1.2459,49.904
32.447,-5.1224,-6.7655,38.73,17.041,39.77
43.035,14.066,-9.9214,35.11,-4.6685,33.077
32.164,-6.8283,1.3039,48.621,-5.3557,31.958
47.543,-9.9044,5.781,32.836,-1.3843,32.014
31.704,2.6312,0.54919,49.216,6.0304,32.029
40.839,-0.88741,18.187,31.646,-0.76424,38.67
36.884,-17.34,0.1005,42.842,-0.11299,31.628
38.383,0.027906,-18.122,31.628,-0.03382,41.169
31.769,-3.6338,0.11764,49.724,-0.95848,31.637
39.157,-11.277,-14.407,35.199,8.6627,36.26
33.051,10.804,1.2614,47.63,3.1089,31.748
39.434,-14.525,-11.171,37.158,7.8738,34.108
40.027,5.3865,17.517,32.381,4.8429,38.559
48.693,6.2192,5.8061,32.071,0.82164,32.004
44.683,-15.629,2.2508,35.292,-1.0008,31.692
32.462,-7.2288,-4.5734,44.477,13.91,34.615
36.044,-13.084,10.208,39.664,-11.27,34.958
45.652,5.4495,13.588,32.058,2.1319,34.149
35.86,0.9251,16.371,31.675,1.6743,43.999
31.633,-0.010319,-0.74246,31.632,0.65675,49.946
47.722,-4.1927,-10.255,31.844,1.0575,32.887
37.982,-16.77,6.4676,40.451,-6.0633,32.529
34.967,-14.394,4.9457,43.957,-7.2841,32.515
32.307,-7.7287,0.85059,48.741,-3.1056,31.738
32.112,3.1247,-5.8379,36.288,-16.295,42.89
33.192,-11.19,-1.7749,47.28,4.1437,31.847
33.042,-9.3118,5.5667,44.139,-12.839,34.267
48.795,2.3527,-7.8295,31.691,-0.42111,32.319
32.087,4.9054,4.1952,42.701,16.484,36.477
31.696,1.8161,1.7835,41.908,17.716,37.624
32.427,6.6102,-5.1633,43.057,-15.485,35.795
44.914,8.6307,12.922,32.765,3.3482,33.961
48.658,-7.1808,4.7669,32.218,-0.77727,31.88
46.565,3.4483,12.836,31.788,1.1925,33.764
41.51,-16.966,6.0412,37.398,-3.7928,32.194
34.591,-14.6,-0.063244,45.682,0.10303,31.628
46.329,-6.3106,-12.125,32.172,2.0759,33.531
32.781,-9.7437,-1.8323,47.733,5.0355,31.94
31.731,-0.38077,-3.0855,31.977,5.6251,49.257
44.735,-13.873,-7.4262,34.535,2.9813,32.35
32.202,-4.1313,5.8796,38.283,-17.296,40.54
46.833,1.6796,-12.727,31.665,-0.56601,33.701
44.452,-15.79,-2.7528,35.439,1.2575,31.725
35.302,-15.391,3.1281,44.316,-4.4193,31.946
31.666,-1.8636,-0.40725,49.217,6.3137,32.068
32.168,-6.2438,3.1103,46.176,-12.211,33.646
32.04,6.0729,0.83209,49.052,3.9267,31.801
33.426,-9.8039,-6.9482,42.686,13.644,35.027
38.967,-15.645,9.428,38.378,-7.42,33.419
33.103,-8.0582,7.558,40.993,-15.561,36.83
41.699,-17.428,4.2383,37.573,-2.663,31.899
37.513,-17.153,4.5482,41.515,-4.6191,32.091
47.544,0.02817,11.466,31.628,0.0081066,33.236
45.7,-12.003,-8.2685,33.656,2.7106,32.493
32.759,9.7915,-0.87725,48.127,-2.4496,31.7
33.059,10.363,-3.3971,46.477,-8.1803,32.527
49.633,3.9969,1.8779,31.8,0.16137,31.665
43.765,-16.551,1.8918,36.052,-0.94941,31.675
41.591,-8.3655,15.914,33.11,-5.5129,36.292
34.666,14.7,0.94926,45.534,1.5217,31.662
32.122,5.8329,-3.2783,45.598,-13.298,34.121
46.876,-12.391,-3.0528,33.595,0.94092,31.736
44.561,-12.116,10.324,33.902,-3.7457,33.083
40.413,2.6321,-18.098,31.8,-2.3673,38.888
31.775,3.7012,-0.20149,49.687,-1.609,31.655
42.351,-6.5223,16.378,32.464,-4.1489,36.35
34.297,-9.395,-10.451,38.756,14.4,37.599
31.63,-0.46072,0.15369,48.437,-9.2685,32.621
34.914,8.2133,-12.716,36.178,-13.203,39.567
37.642,11.458,-13.641,36.27,-10.346,36.606
36.053,3.398,16.252,32.231,5.7227,43.009
31.628,2.7874e-06,0.0052679,31.628,0.025027,49.963
31.694,-1.1566,2.2144,36.314,-16.787,43.424
32.554,-5.0449,-7.4239,37.798,16.677,40.617
32.808,-2.9247,9.5794,33.359,-11.048,45.665
48.775,-7.9502,2.1764,32.344,-0.38812,31.679
40.627,-17.026,-6.5785,38.03,4.531,32.347
41.257,-18.094,-0.17875,38.301,0.12036,31.628
42.365,-2.2506,17.477,31.728,-1.5609,37.181
37.933,-15.862,8.4082,39.675,-7.6662,33.208
34.712,-14.072,4.6113,44.367,-7.1508,32.452
47.153,-9.9608,7.1332,32.885,-1.767,32.23
49.191,-6.694,-0.21236,32.123,0.031185,31.628
31.628,-0.00037034,-0.23213,31.628,0.075455,49.962
37.678,-17.742,1.8022,41.847,-1.8227,31.697
32.398,8.2033,-0.81623,48.636,-2.7929,31.718
31.631,-0.55961,0.17723,48.573,-8.8611,32.528
44.116,-14.753,7.048,35.078,-3.1345,32.296
31.628,-9.2883e-05,-0.19764,31.628,0.022228,49.962
39.442,14.069,11.741,36.835,8.0775,34.4
31.791,-0.0038428,-3.9007,31.628,0.045801,49.706
43.373,12.235,11.76,34.21,4.7759,33.683
33.13,-9.3663,-6.0227,43.613,13.296,34.589
45.73,14.249,2.8744,34.445,1.0903,31.728
32.546,-8.2697,3.4051,46.482,-10.278,33.036
31.643,0.4523,-1.117,34.795,-14.933,45.392
37.495,17.671,1.5143,42.076,1.5684,31.678
34.847,14.722,3.0326,44.87,4.6504,31.963
34.484,12.912,-6.3928,43.398,-10.074,33.396
31.658,-1.595,0.60449,48.001,-10.294,32.888
33.434,11.043,-4.798,45.143,-9.9864,33.113
31.657,1.6615,0.24075,49.607,4.2661,31.824
32.127,-0.6918,-6.6879,31.864,4.5574,48.82
43.373,1.9991,16.853,31.699,1.2069,36.351
31.707,-2.7113,-0.28788,49.672,3.1357,31.733
49.401,-4.3474,-3.7427,31.834,0.355,31.779
31.653,1.4167,0.60648,47.552,11.352,33.204
32.026,5.7297,1.8772,47.912,8.8569,32.571
42.552,-12.533,-12.237,34.557,5.4782,33.987
36.259,-9.075,14.15,35.529,-11.498,38.795
32.185,7.0845,-0.048931,49.096,-0.19837,31.628
44.338,-10.412,-12.334,33.356,3.9883,33.793
37.299,17.476,-2.2564,42.212,-2.3906,31.743
31.628,7.0084e-05,0.17639,31.628,0.018793,49.962
33.253,-10.453,4.8336,45.128,-10.619,33.304
36.407,-15.415,7.0432,41.609,-8.0272,32.992
36.23,-10.909,12.753,37.168,-11.987,37.114
40.41,17.39,-5.6621,38.45,-4.0487,32.165
33.953,6.3615,11.715,35.578,13.741,41.374
46.425,-13.415,1.666,34.002,-0.56928,31.66
32.774,-4.8403,8.6216,36.3,-15.574,42.009
33.522,-10.163,6.8882,42.866,-13.237,34.78
37.172,16.359,6.3299,41.256,6.5815,32.589
32.749,9.6181,1.8234,47.772,5.0871,31.945
49.109,-6.9966,-0.72182,32.171,0.11126,31.633
47.268,-5.926,10.467,32.074,-1.5676,32.964
31.656,1.6215,-0.13799,49.811,-2.5299,31.696
39.605,13.92,-11.93,36.625,-7.9816,34.455
33.047,2.8386,-10.488,32.986,-9.8317,45.847
31.628,-0.00059203,0.20263,31.628,-0.13819,49.962
35.719,-16.023,-2.6141,43.959,3.4594,31.83
34.336,3.5273,-13.681,32.71,-8.261,44.498
40.368,-7.4951,16.688,33.009,-6.0238,37.507
33.412,-11.965,0.55209,47.266,-1.2045,31.646
36.858,-9.8165,14.27,35.628,-10.979,38.058
41.925,-15.397,9.0103,36.24,-5.0553,32.893
49.146,-3.9869,-5.6154,31.805,0.49762,31.974
42.32,16.618,5.9344,36.738,3.3961,32.145
32.18,-6.9062,1.4269,48.513,-5.7632,32.013
46.127,13.604,-3.1938,34.125,-1.1297,31.75
31.835,3.338,2.8519,42.968,16.821,36.536
47.133,-7.8487,-9.4573,32.415,1.8757,32.712
41.846,17.842,-1.0734,37.742,-0.67612,31.645
31.662,0.81458,-1.5957,36.172,-16.687,43.638
31.69,-0.41281,2.3872,32.302,-7.7247,48.822
32.858,-3.0448,9.7392,33.424,-11.183,45.507
48.19,-7.103,-6.9717,32.225,1.1628,32.183
31.63,0.44394,0.013287,49.946,0.89545,31.636
42.079,-17.105,-4.8055,37.151,2.873,31.969
35.555,-15.959,-1.5742,44.338,2.148,31.703
44.189,-10.704,12.27,33.476,-4.1207,33.785
31.684,-2.2984,-0.1966,49.765,2.5374,31.696
49.767,-2.7005,-2.0853,31.706,0.12034,31.674
35.128,12.805,-8.6644,41.257,-11.511,34.484
42.69,17.312,2.0641,36.946,1.1769,31.688
33.595,-12.469,-0.14806,47.035,0.30598,31.629
33.807,4.7588,-12.093,34.046,-11.855,43.421
47.45,11.513,-1.8645,33.261,-0.516,31.667
43.274,9.657,14.045,33.275,4.674,34.708
33.156,11.198,0.66606,47.612,1.5824,31.659
32.033,6.0691,0.33133,49.288,1.5828,31.655
37.576,-16.429,6.7979,40.696,-6.6685,32.682
31.981,3.9705,-4.0731,41.261,-17.458,37.875
31.633,-0.69808,-0.00049596,49.954,0.021264,31.628
31.647,-0.001495,-1.3462,31.628,0.052421,49.932
31.629,0.0041005,0.39524,31.63,0.49053,49.956
32.625,-3.0236,-8.7814,33.807,12.252,45.312
42.895,-9.7093,14.326,33.356,-4.9676,34.93
31.629,-0.015929,0.39566,31.666,-1.8985,49.9
42.384,12.765,-12.133,34.714,-5.6061,33.968
46.465,13.383,-1.3713,33.984,-0.46621,31.65
41.687,15.084,-9.7134,36.179,-5.4931,33.138
31.653,1.1505,-1.0297,42.763,-17.338,36.922
41.358,-13.956,11.467,35.702,-6.3131,33.847
38.371,-18.052,1.5509,41.12,-1.4427,31.675
31.631,0.022046,0.54491,31.666,1.9076,49.897
32.147,6.7419,1.1909,48.718,4.9786,31.912
40.154,-12.54,-13.352,35.459,7.7177,35.102
41.553,17.731,-3.058,37.859,-1.9725,31.769
32.454,-8.4443,-1.1341,48.44,3.7321,31.791
32.098,6.5329,-0.040093,49.229,-0.17743,31.628
44.927,-14.072,-6.5567,34.567,2.6225,32.182
35.988,9.4944,-13.539,36.14,-12.066,38.426
33.999,-1.9303,13.293,32.004,-5.1541,45.932
31.633,0.030982,0.7071,31.673,2.0643,49.883
43.689,-16.342,3.5422,35.977,-1.7717,31.796
31.999,-5.8147,-0.40424,49.313,2.018,31.672
46.56,-12.705,3.9342,33.743,-1.2691,31.811
41.449,17.842,-2.6051,37.999,-1.7047,31.731
33.488,-5.7346,10.755,35.662,-14.276,41.848
41.255,-17.046,6.0746,37.61,-3.9249,32.21
32.608,9.0225,-1.8586,47.891,-5.5628,32.004
33.519,2.9408,-11.912,32.719,-8.6921,45.571
31.63,-0.47961,0.041968,49.845,-2.6056,31.7
35.94,-16.428,1.3634,43.895,-1.7517,31.68
33.726,-11.717,-5.1516,44.74,9.841,33.122
34.36,-11.929,7.6586,42.304,-11.979,34.382
45.737,12.154,-7.9563,33.7,-2.6296,32.425
46.691,1.4136,-13.005,31.654,-0.49247,33.815
36.513,11.905,-12.194,37.764,-11.55,36.245
37.191,7.6131,-15.816,33.937,-9.2692,39.597
35.361,-15.715,1.4859,44.589,-2.0948,31.698
45.444,6.3176,-13.505,32.215,-2.4879,34.139
34.757,13.331,6.6201,43.081,9.8632,33.377
31.692,2.2355,1.0407,47.132,12.061,33.458
31.999,2.9993,-4.9981,37.163,-17.076,42.027
32.476,-7.7917,3.6944,46.006,-11.504,33.45
40.906,1.0041,-18.165,31.651,-0.8565,38.601
39.442,17.506,5.4147,39.399,4.3332,32.161
37.238,-17.161,3.829,41.985,-4.0517,31.966
33.267,1.9733,-11.387,32.201,-6.5624,46.655
48.475,7.2241,-5.6483,32.233,-0.93829,31.985
45.946,-11.453,8.457,33.443,-2.6084,32.525
31.841,-4.4,-0.66412,49.298,4.3783,31.839
31.735,2.8693,-1.3663,46.967,-12.224,33.53
34.822,-14.303,4.4865,44.322,-6.8232,32.382
46.932,12.649,-0.52091,33.666,-0.16283,31.631
32.262,-7.5261,-0.26041,48.962,0.98724,31.639
45.499,-14.499,-3.1606,34.596,1.2385,31.751
37.405,14.285,-10.425,38.886,-9.6048,34.36
42.911,16.985,3.2627,36.652,1.7981,31.776
39.392,-16.633,-7.6803,38.758,5.9794,32.735
40.283,-13.278,-12.6,35.828,7.5043,34.628
44.146,-12.951,9.9349,34.31,-3.9544,32.996
44.889,-2.4191,-15.378,31.719,1.1562,35.101
36.276,-16.552,-3.0211,43.227,3.6662,31.871
49.747,0.83795,3.4762,31.635,0.062465,31.757
37.882,-12.247,13.096,36.68,-10.061,35.968
36.968,-16.06,-6.699,41.286,7.115,32.745
48.2,-1.848,-9.7536,31.668,0.43038,32.742
34.349,-7.9268,-11.725,36.748,14.092,39.595
37.599,-16.581,6.4519,40.812,-6.3434,32.57
32.015,2.63,5.3401,35.785,15.904,43.623
33.923,1.9939,-13.113,32.043,-5.4248,45.978
49.88,-1.804,1.2993,31.662,-0.049776,31.645
33.342,-11.168,3.7389,46.05,-8.1445,32.55
35.382,15.507,3.1048,44.229,4.3274,31.936
48.851,-3.2595,-7.2932,31.748,0.54036,32.224
48.899,-4.3818,6.4775,31.845,-0.64103,32.095
31.638,0.99317,0.064895,49.882,1.9491,31.668
31.792,3.6539,-1.4104,47.748,-10.344,32.923
31.791,1.6065,-3.5605,35.341,-15.596,44.482
31.628,0.18831,0.0019766,49.96,0.31426,31.629
47.528,6.0712,-9.766,32.087,-1.4686,32.771
33.886,-12.175,-5.0452,44.75,9.2807,32.959
35.728,-14.976,-6.2942,42.576,8.0195,32.856
38.836,14.733,-10.756,37.786,-8.2587,34.058
36.559,5.6414,-16.122,33.09,-8.177,41.313
32.218,-7.0204,-1.91,48.05,7.4088,32.284
31.628,0.00015671,0.13187,31.628,0.056206,49.962
31.825,-0.1581,-4.2764,31.659,1.7086,49.604
33.976,12.211,5.4776,44.365,9.7869,33.155
32.485,-8.5487,-1.4014,48.275,4.517,31.869
44.442,15.433,4.36,35.281,1.9571,31.874
37.609,-17.083,-4.993,41.293,4.989,32.181
31.63,-0.43825,0.19024,47.526,-11.494,33.246
32.398,-7.142,4.1166,45.113,-13.222,34.195
31.779,-1.8833,-3.254,37.009,17.246,42.493
36.496,-1.0904,-16.991,31.684,1.7638,43.221
47.519,-3.5936,-10.944,31.789,0.98391,33.085
45.785,7.7464,12.211,32.482,2.6577,33.605
38.237,1.652,-17.997,31.721,-2.0305,41.205
34.59,-14.096,-3.7955,44.873,6.0803,32.199
35.057,14.457,5.1774,43.755,7.4827,32.582
44.01,-5.3306,15.559,32.104,-2.7591,35.373
32.922,-10.428,-0.33237,47.985,0.86499,31.637
35.035,-12.961,-8.175,41.713,11.185,34.198
33.317,-10.245,-5.6599,44.243,11.952,33.905
31.629,-0.0081907,-0.42879,31.636,0.90274,49.946
38.129,17.169,-5.5143,40.626,-5.1402,32.264
36.529,-4.787,16.37,32.694,-7.1767,41.847
49.196,-2.7944,6.0649,31.714,-0.37646,32.032
38.489,16.758,6.9823,39.802,6.1123,32.624
49.56,4.1602,-2.5344,31.815,-0.22769,31.696
38.166,-16.847,6.4726,40.278,-5.9336,32.51
38.885,5.5762,17.378,32.574,5.8151,39.457
32.282,-2.9152,-7.0589,34.694,14.194,44.624
42.023,-17.01,-5.2238,37.126,3.1269,32.034
33.415,-5.4118,-10.696,35.387,14.071,42.266
44.678,5.5173,-14.801,32.107,-2.5548,34.84
42.939,13.159,-11.195,34.723,-5.0316,33.52
33.013,-9.7893,-4.4431,45.504,10.676,33.269
31.652,-1.3352,0.75071,46.195,-13.798,34.18
38.752,-5.677,-17.316,32.628,6.0102,39.526
33.933,-4.8619,12.365,34.011,-11.698,43.305
31.724,2.8809,0.88835,48.502,8.5964,32.48
42.507,-5.116,16.78,32.137,-3.313,36.586
32.241,-6.6294,-3.3128,46.065,12.169,33.65
38.012,-1.9069,-17.885,31.757,2.4163,41.402
31.635,-0.039657,-0.83753,31.68,2.2292,49.868
33.398,9.4229,-7.3295,42.093,-14.257,35.55
44.858,-2.8839,-15.333,31.757,1.3764,35.083
41.95,8.4885,15.678,33.094,5.2963,36
37.182,-17.379,-2.4273,42.317,2.6088,31.763
31.862,-4.6394,-0.39129,49.492,2.4695,31.694
36.888,-15.663,7.4451,41.003,-7.8937,33.043
41.979,15.294,9.1354,36.158,5.0729,32.926
31.628,-0.0014635,0.13393,31.63,-0.51671,49.958
49.622,-4.4515,-0.564,31.841,0.053948,31.631
39.279,6.416,17.149,32.805,6.184,38.785
38.847,-13.698,-12.049,37.003,8.7691,34.768
43.474,8.6605,14.505,32.934,4.2885,34.906
49.874,-2.0036,1.1329,31.67,-0.04821,31.641
42.934,14.55,9.3235,35.377,4.5502,32.905
47.387,0.84394,-11.761,31.637,-0.25204,33.337
39.261,6.1258,-17.253,32.706,-5.9737,38.922
31.628,-0.0066308,0.15945,31.668,-1.961,49.898
39.668,-18.26,1.6461,39.776,-1.3187,31.675
35.622,-15.064,-5.7342,42.958,7.4882,32.66
44.897,-12.133,9.7395,33.842,-3.4396,32.892
38.869,17.279,5.8687,39.815,4.9901,32.294
31.629,0.34495,0.25956,44.218,16.25,35.734
44.528,-12.693,9.6607,34.123,-3.6591,32.893
39.323,-18.257,-1.4563,40.136,1.2136,31.666
31.999,-5.3024,-2.4155,46.813,11.592,33.364
31.629,-0.005893,0.36086,31.634,-0.77194,49.95
40.673,15.338,-9.88,36.88,-6.2849,33.318
49.42,-5.3085,-1.9174,31.935,0.2211,31.667
31.628,-4.6464e-06,-0.0088926,31.628,0.024714,49.963
40.075,-16.629,7.6964,38.17,-5.537,32.672
33.451,-11.39,4.0414,45.759,-8.4797,32.651
31.969,2.5319,-4.9923,35.993,-16.172,43.433
33.27,11.204,2.869,46.676,6.4647,32.183
37.476,-6.2164,16.599,33.105,-7.7148,40.283
35.154,-15.492,-0.44042,44.942,0.64488,31.634
31.749,0.011871,3.3693,31.628,0.16452,49.771
34.582,-14.012,-4.0469,44.768,6.4765,32.282
41.793,-7.8188,16.099,32.897,-5.1279,36.35
31.636,-0.0056182,0.88211,31.628,-0.30097,49.948
40.796,-15.374,9.7749,36.829,-6.1469,33.263
43.269,14.825,-8.4175,35.39,-4.0455,32.638
31.639,0.53257,0.91573,37.12,17.492,42.553
34.93,-14.365,4.8546,44.037,-7.2059,32.49
31.628,-6.0251e-06,0.066776,31.628,-0.0042677,49.962
32.279,4.8501,-5.8832,39.563,-17.321,39.135
45.338,-4.2951,14.416,31.903,-1.8399,34.553
45.276,8.5035,12.5,32.699,3.098,33.758
31.738,3.1827,0.43587,49.515,4.0144,31.803
44.93,-11.784,10.102,33.715,-3.4678,32.992
31.782,3.5431,-1.3637,47.772,-10.327,32.917
41.92,0.59332,17.832,31.635,0.44191,37.686
31.628,-4.7843e-05,-0.15044,31.628,0.015042,49.962
33.267,3.3217,-11.069,33.227,-10.407,45.214
31.709,-2.2103,-1.651,44.185,16.095,35.672
35.189,-14.338,6.0138,43.18,-8.3946,32.892
33.571,-12.285,-1.7484,46.813,3.6212,31.801
34.042,-13.397,1.8735,46.18,-3.4287,31.791
37.85,-17.211,4.9761,41.057,-4.8263,32.16
43.822,-5.298,-15.743,32.106,2.8243,35.522
39.477,-0.88276,18.305,31.65,-0.91504,40
33.903,11.479,6.5542,43.408,11.627,33.96
49.856,2.3106,-1.0063,31.684,-0.049421,31.638
31.634,-0.22112,0.74109,33.504,-12.225,47.155
42.317,-8.8759,-15.252,33.166,5.1654,35.609
32.093,6.4527,-0.77673,49.031,-3.4462,31.761
31.664,1.8001,0.41719,49.138,6.6703,32.121
40.014,12.668,-13.244,35.602,-7.8466,35.083
45.473,14.136,-4.6247,34.461,-1.7777,31.893
48.69,-7.166,4.6091,32.215,-0.74839,31.863
33.892,-3.087,12.827,32.627,-8.1824,45.195
33.733,11.716,5.1984,44.698,9.903,33.146
31.628,-0.14401,-0.12167,43.28,17.039,36.511
44.374,-9.0976,13.29,32.951,-3.789,34.181
41.567,-12.732,12.707,34.974,-6.3606,34.378
32.102,5.85,-2.971,46.165,-12.442,33.723
32.144,5.1614,-4.4742,42.532,-16.482,36.556
31.864,-4.4737,-1.388,48.282,8.5521,32.485
45.751,12.835,-6.761,33.928,-2.3411,32.197
31.638,0.99414,0.10755,49.773,3.2104,31.738
43.796,7.5814,-14.804,32.603,-3.7519,35.001
41.753,10.848,-14.256,34.04,-6.1162,35.164
39.43,18.184,2.2566,39.962,1.8528,31.718
46.443,-8.6687,10.335,32.639,-2.3739,32.97
35.755,-12.532,-10.386,39.563,11.834,35.331
35.024,15.273,1.0191,45.066,1.5261,31.663
45.304,4.6916,-14.335,31.957,-2.0009,34.521
32.934,9.4064,-4.6172,45.27,-11.375,33.521
32.328,3.0992,7.2514,34.854,14.401,44.355
32.16,6.9266,0.14709,49.129,0.6109,31.632
31.859,-3.4792,3.0615,42.697,-16.956,36.74
49.36,-2.6389,5.3218,31.704,-0.30854,31.936
31.73,3.096,0.12829,49.776,1.2299,31.644
49.101,-4.3561,5.5633,31.84,-0.53974,31.968
48.345,3.2241,-8.9761,31.75,-0.68197,32.559
36.968,-16.475,-5.6029,41.73,6.0398,32.397
39.421,-8.4889,16.238,33.623,-7.4064,37.707
34.368,-14.127,1.3401,45.871,-2.2829,31.702
41.802,16.615,-6.6421,37.012,-3.9922,32.302
31.634,-0.0087104,-0.75696,31.631,0.5438,49.948
37.384,-12.64,12.351,37.451,-10.496,35.696
37.294,-16.473,-6.2493,41.174,6.4034,32.547
35.576,-16.023,1.1307,44.362,-1.5393,31.666
32.162,-6.1794,3.1583,46.057,-12.439,33.74
39.464,-8.7244,16.116,33.719,-7.4869,37.558
31.901,-4.1668,2.8073,44.72,-15.06,35.032
35.664,-15.565,4.378,43.504,-5.7691,32.212
43.394,-15.789,-6.1789,35.816,3.0866,32.156
37.046,-7.077,-15.957,33.689,9.0115,40.045
48.161,-8.2777,5.6584,32.439,-1.0949,31.99
41.781,15.679,8.6395,36.472,4.9843,32.797
31.651,-0.039348,1.4732,31.644,-1.2587,49.9
32.426,-6.4934,-5.3024,42.719,15.763,36.079
38.197,-18.005,-1.3938,41.319,1.3245,31.667
37.375,9.9319,-14.611,35.342,-10.356,37.835
37.259,-9.5469,14.781,35.147,-10.353,38.164
31.885,4.7308,1.1974,48.667,7.1156,32.207
31.651,0.90306,1.1675,39.483,18.292,39.993
48.347,9.0492,-2.9918,32.582,-0.62162,31.727
45.871,12.014,7.8325,33.632,2.5355,32.395
31.909,-3.917,-3.2606,43.105,16.564,36.336
41.948,-17.828,0.22929,37.669,-0.14295,31.628
36.598,-6.0619,16.004,33.297,-8.5953,41.012
49.304,3.8701,4.8494,31.793,0.41278,31.884
41.03,-13.931,11.651,35.84,-6.6311,33.987
35.746,14.139,8.0425,41.485,9.8821,33.702
48.52,-1.7194,8.8725,31.662,-0.35598,32.532
32.06,-1.502,-6.0892,32.898,10.1,47.386
45.6,9.6362,11.112,32.96,3.0114,33.252
48.246,-9.6773,-1.5714,32.724,0.35018,31.655
34.082,13.574,1.0271,46.294,1.868,31.676
40.064,-14.32,-11.433,36.599,7.3987,34.084
32.727,9.6707,0.80882,48.188,2.2941,31.69
32.192,0.68164,-7.0899,31.831,-4.2174,48.773
37.248,16.476,-6.1587,41.252,-6.3561,32.526
33.116,-10.735,-2.7769,46.871,6.6037,32.199
35.454,15.354,-4.1612,43.807,-5.684,32.179
36.608,3.2464,16.812,32.114,5.0025,42.511
37.666,-17.297,4.3139,41.419,-4.3067,32.035
34.845,14.619,3.4779,44.721,5.3179,32.072
33.775,-2.8643,12.598,32.538,-7.8967,45.476
37.883,-14.932,-9.9271,38.9,8.7659,33.914
40.448,15.446,9.7814,37.091,6.4096,33.313
41.111,-13.937,11.61,35.804,-6.5531,33.953
34.258,13.364,4.0858,45.07,6.9938,32.369
35.865,2.6589,-16.185,32.016,-4.701,43.524
31.631,-0.0010589,0.58748,31.628,-0.085219,49.957
31.653,1.2917,0.84865,45.193,15.15,34.937
31.883,-2.8999,3.9015,38.968,-17.89,40.226
35.831,-13.546,9.1815,40.59,-10.808,34.363
41.474,17.154,5.5246,37.54,3.5082,32.1
33.371,11.078,4.2433,45.643,9.0883,32.811
35.23,-15.437,-2.2983,44.608,3.3028,31.801
32.655,-5.0407,7.9465,37.218,-16.302,41.122
32.007,5.5901,-1.852,47.909,-8.9552,32.592
39.112,18.21,-1.7049,40.334,-1.4543,31.681
36.111,1.9653,-16.547,31.828,-3.3653,43.484
37.221,-16.778,-5.2228,41.612,5.4701,32.268
33.055,7.5101,-7.8856,40.144,-15.987,37.664
49.809,-2.9729,0.56254,31.722,-0.035617,31.631
31.65,1.0257,1.0358,41.703,17.892,37.864
33.283,-11.22,2.9669,46.607,-6.6491,32.219
31.648,-0.77855,1.162,38.246,-18.048,41.289
31.71,2.7732,0.11317,49.809,1.2131,31.643
41.243,-16.862,-6.5783,37.499,4.2227,32.315
44.958,13.448,-7.6864,34.315,-2.9515,32.396
33.095,7.3559,-8.2091,39.625,-16.048,38.111
31.712,1.4533,-2.4052,37.374,-17.56,42.168
37.395,17.343,3.4279,41.906,3.5648,31.892
32.46,5.6362,-6.4269,39.946,-16.995,38.543
32.472,-8.5073,-1.2684,48.357,4.1257,31.828
48.755,2.1715,-8.0198,31.682,-0.39937,32.355
45.114,-6.6092,-13.811,32.288,2.7323,34.31
32.478,-7.331,4.557,44.567,-13.752,34.528
31.783,-0.47632,3.7809,31.989,-5.7049,49.156
35.43,14.333,-6.8301,42.499,-9.0362,33.191
43.092,17.172,0.23447,36.669,0.12822,31.628
35.175,14.521,5.505,43.476,7.7598,32.68
31.733,3.1217,0.31442,49.648,2.9712,31.723
33.44,-12.054,-0.22674,47.249,0.49054,31.631
32.257,-5.7241,4.8475,42.606,-16.199,36.365
31.628,0.00041409,-0.25965,31.628,-0.075426,49.961
42.634,-15.61,7.8413,36.035,-4.1571,32.531
32.733,4.9055,-8.4004,36.586,-15.832,41.732
45.899,-10.608,9.594,33.197,-2.7716,32.8
32.889,3.6024,-9.6686,34.055,-12.567,44.621
40.876,-8.2505,16.223,33.194,-6.0153,36.834
43.436,-15.085,-7.6699,35.456,3.6828,32.452
31.704,2.134,-1.6298,44.017,-16.261,35.812
32.09,1.4725,-6.3116,32.769,-9.618,47.526
37.536,-17.513,-2.9417,41.846,3.0136,31.818
48.079,6.9067,7.5524,32.198,1.2358,32.284
31.778,-0.0063375,3.7499,31.628,-0.078676,49.726
31.63,8.1914e-05,0.47692,31.628,0.0081219,49.959
33.534,-1.8977,-12.162,32.083,5.7934,46.454
46.065,-0.058983,14.065,31.628,-0.023392,34.303
39.987,18.328,0.23241,39.517,0.18012,31.628
49.294,-5.0585,-3.6715,31.909,0.40727,31.774
31.831,4.3036,-0.62894,49.334,-4.2465,31.826
34.748,-12.123,8.61,41.352,-12.189,34.781
34.096,13.642,0.14613,46.344,0.26523,31.628
33.121,4.8162,10.008,35.216,14.156,42.847
35.231,10.137,-11.869,37.774,-13.223,37.554
37.73,-7.9323,16.001,33.897,-8.8487,39.077
39.069,15.256,-10.076,37.985,-7.6946,33.677
31.645,-0.036415,1.2663,31.647,-1.3558,49.905
31.63,3.3729e-05,0.43873,31.628,0.0036355,49.959
32.486,-8.5101,-1.656,48.127,5.3205,31.966
39.816,-13.58,-12.319,36.271,7.8857,34.606
43.968,-14.019,8.6713,34.8,-3.7455,32.663
37.368,6.5976,16.384,33.32,8.1933,40.139
31.88,4.8079,0.48052,49.421,2.9165,31.721
37.963,-14.52,10.58,38.453,-9.0642,34.236
34.993,-12.457,8.8126,41.143,-11.906,34.714
32.431,-6.475,5.366,42.6,-15.843,36.175
33.521,11.394,4.5692,45.309,9.3167,32.906
42.383,-16.057,-7.2348,36.391,4.0116,32.403
41.849,-14.784,10.044,35.936,-5.5033,33.232
48.58,-0.83782,8.8197,31.636,-0.17183,32.519
36.674,9.2319,14.485,35.322,10.986,38.581
33.515,11.362,-4.6018,45.285,-9.3946,32.929
38.606,-1.0543,18.157,31.663,-1.2337,40.885
46.636,-8.3272,-10.208,32.548,2.2241,32.926
39.299,4.7732,-17.679,32.283,-4.8055,39.393
34.09,12.533,-5.3599,44.397,-9.3515,33.021
32.178,-0.71655,-7.0042,31.858,4.4849,48.753
42.822,-9.9618,14.209,33.458,-5.0777,34.883
32.963,4.319,-9.6556,34.881,-13.868,43.468
48.744,-8.3224,0.62062,32.414,-0.11587,31.632
32.276,-7.4532,-1.5171,48.388,5.6415,32.001
32.356,7.6794,-2.3601,47.598,-8.1696,32.451
36.447,13.815,9.8787,39.777,10.461,34.473
31.664,-1.8196,0.38171,49.271,-6.0771,32.034
31.633,0.02363,0.71207,31.654,1.5657,49.913
31.631,0.010523,-0.54532,31.636,-0.91182,49.944
46.246,13.433,-3.1396,34.042,-1.0886,31.745
31.628,0.0065369,-0.27668,31.641,-1.1163,49.94
34.844,10.067,-11.154,38.4,-13.683,37.353
33.813,6.7067,11.147,36.262,14.42,40.761
31.693,2.0302,1.4274,44.66,15.652,35.31
31.628,0.0021979,0.24617,31.629,0.4222,49.959
33.927,-13.218,-1.2026,46.473,2.27,31.698
32.184,7.0189,-0.88627,48.873,-3.5868,31.774
42.251,-0.20822,17.68,31.628,-0.14834,37.399
48.778,-7.1424,4.0985,32.207,-0.65933,31.813
46.847,10.682,-7.0729,33.104,-1.9114,32.226
44.778,7.4398,-13.812,32.487,-3.1489,34.356
33.92,-13.256,-0.15761,46.584,0.29855,31.629
49.879,0.92776,-2.0291,31.637,-0.04001,31.671
36.398,11.321,-12.601,37.355,-11.771,36.758
49.384,5.3281,2.3481,31.938,0.2724,31.687
47.515,7.5518,-8.7092,32.337,-1.6181,32.527
31.866,4.6476,-0.71472,49.247,-4.4498,31.846
48.631,7.2609,4.7967,32.233,0.79199,31.883
45.223,-12.653,-8.3903,33.964,2.9925,32.538
34.624,14.114,3.9564,44.766,6.2851,32.244
32.65,-8.4352,4.1285,45.64,-11.611,33.539
39.613,10.507,-15.024,34.56,-8.0305,36.506
32.636,8.2304,-4.4008,45.227,-12.357,33.859
43.512,-7.4,15.153,32.583,-3.8549,35.251
44.953,15.458,1.0793,35.136,0.46543,31.642
33.899,-9.0151,9.654,39.326,-14.875,37.49
47.198,-11.94,2.3292,33.414,-0.67836,31.69
32.143,0.9816,6.7511,32.088,6.2859,48.456
49.774,-1.7846,2.8362,31.662,-0.10826,31.713
31.932,0.42267,5.2801,31.773,3.6262,49.259
31.692,-2.3789,-0.66653,48.764,7.9151,32.339
31.628,-0.060264,-0.11836,36.17,16.723,43.688
36.403,-0.0072232,16.944,31.628,-0.011915,43.408
37.278,-16.469,-6.2292,41.197,6.3982,32.543
32.179,4.3641,-5.5341,39.26,-17.476,39.559
42.677,12.191,12.475,34.371,5.3906,34.071
32.538,7.3026,5.1003,43.74,14.577,35.116
34.602,-14.4,2.5201,45.313,-4.0668,31.875
31.895,0.37854,-4.9595,31.76,-3.4745,49.336
45.538,12.745,-7.5018,33.936,-2.6255,32.34
32.813,10.027,0.39306,48.137,1.0723,31.641
47.737,0.61971,11.027,31.632,0.16902,33.097
33.533,2.0599,-12.135,32.163,-6.2597,46.338
32.026,2.5442,5.4686,35.433,15.481,44.042
32.826,-8.2563,5.7927,43.392,-14.27,35.087
32.385,8.0305,-1.565,48.273,-5.3692,31.968
34.62,14.48,-2.2279,45.369,-3.5883,31.819
47.74,-10.954,1.36,33.078,-0.35229,31.648
34.255,6.8809,-12.157,35.692,-13.544,40.877
31.872,3.5363,3.1762,42.511,17.048,36.886
39.295,18.211,1.9164,40.129,1.5997,31.694
38.311,-0.42672,-18.094,31.634,0.52231,41.238
35.492,-15.883,-1.537,44.42,2.1195,31.7
36.959,-17.382,0.66784,42.742,-0.74301,31.638
38.076,13.274,12.176,37.315,9.6385,35.175
46.429,-0.48955,-13.502,31.631,0.18093,34.031
47.439,-11.562,-1.6871,33.276,0.46904,31.66
35.1,-0.5991,15.408,31.652,-1.2591,44.985
31.692,1.9651,-1.4996,44.037,-16.271,35.81
38.219,-6.3706,16.906,32.992,-7.0929,39.636
40.97,2.4025,18.018,31.762,2.0101,38.407
45.529,8.0859,-12.397,32.577,-2.8697,33.696
36.896,-8.3166,15.225,34.525,-10.163,39.234
36.731,16.252,5.6992,41.924,6.3347,32.455
34.046,-10.222,-8.8715,40.725,14.027,36.046
43.225,15.427,-7.3293,35.701,-3.6494,32.386
36.757,6.9958,-15.76,33.762,-9.3124,40.272
49.087,4.3505,5.6362,31.839,0.54663,31.977
37.981,-17.503,4.085,41.149,-3.9303,31.978
45.635,-11.707,-8.8287,33.571,2.8459,32.623
31.848,-4.4012,-1.0539,48.811,6.7806,32.149
31.908,4.5706,2.2324,46.614,12.286,33.602
46.678,4.6664,-12.245,31.918,-1.5195,33.545
44.222,-4.5292,15.608,31.965,-2.3158,35.356
48.079,-7.2659,7.2084,32.258,-1.2386,32.224
48.601,-4.7079,-7.4311,31.884,0.80603,32.252
48.541,-5.8547,6.8028,32.025,-0.91745,32.15
40.178,17.561,-5.2033,38.765,-3.8402,32.088
33.108,2.026,-10.878,32.298,-7.1206,46.738
48.707,4.5633,-7.1295,31.867,-0.74432,32.199
43.227,17.077,0.17939,36.555,0.096544,31.628
47.667,-5.4072,9.8092,31.989,-1.3041,32.776
31.653,1.504,0.42421,48.808,7.9861,32.349
46.618,-13.183,-0.74184,33.89,0.24609,31.634
32.497,8.7201,-0.13451,48.622,-0.43268,31.63
47.61,5.0548,-10.135,31.945,-1.2667,32.861
45.893,-14.007,2.9348,34.319,-1.0835,31.732
32.503,8.5468,-1.8555,47.982,-5.8909,32.046
35.602,14.604,6.765,42.411,8.7198,33.099
44.451,13.935,-7.9212,34.633,-3.2681,32.465
44.409,-5.3815,15.143,32.095,-2.6133,35.064
40.077,-17.172,-6.3923,38.564,4.6995,32.337
34.323,-12.208,7.0632,42.882,-11.314,33.956
32.433,-7.2588,-4.258,44.969,13.33,34.267
32.968,-8.3786,-6.4848,42.562,14.751,35.618
32.999,10.613,-1.3898,47.658,-3.4923,31.779
31.648,-1.1638,-0.76928,45.157,15.206,34.971
31.628,-9.4625e-06,0.05988,31.628,-0.0074744,49.963
38.874,9.5776,-15.534,34.35,-8.4803,37.428
35.49,-15.484,-3.8426,43.881,5.2326,32.092
32.507,-6.3721,-6.0183,41.48,16.4,37.065
38.721,-12.699,-13.059,36.381,9.1378,35.478
46.861,-12.708,1.4129,33.696,-0.4458,31.651
33.296,-11.611,-0.86988,47.386,1.9686,31.677
33.036,-3.7084,-10.173,33.931,12.211,44.585
36.339,-5.9859,-15.789,33.35,8.8519,41.239
42.782,-17.353,-0.93568,36.922,0.53002,31.64
33.538,5.5314,-11.01,35.3,-13.859,42.214
36.027,4.1,-16.062,32.508,-6.8075,42.672
33.716,4.3034,-12.029,33.705,-11.256,43.979
32.789,9.289,3.552,46.41,9.5045,32.843
40.09,-12.93,-12.982,35.719,7.7453,34.901
47.499,-6.0448,9.8552,32.084,-1.479,32.794
33.199,-11.3,-1.0755,47.478,2.5136,31.707
35.976,15.834,4.7237,43.05,5.9114,32.269
46.94,-7.445,10.223,32.348,-1.9564,32.915
39.104,17.52,5.247,39.76,4.3732,32.144
34.385,-9.565,10.525,38.77,-14.271,37.49
37.159,10.232,14.237,35.715,10.723,37.659
32.894,10.335,0.11909,48.037,0.31357,31.629
49.773,0.97623,3.2135,31.638,0.067152,31.738
47.741,9.8695,4.9364,32.81,1.1614,31.906
32.331,7.2183,3.2207,46.457,11.121,33.274
32.347,-5.4933,-5.7957,40.697,17.006,37.964
34.514,14.46,-0.19918,45.782,-0.32966,31.629
47.392,-10.013,6.2097,32.876,-1.5188,32.077
39.07,-16.691,-7.4618,39.115,6.0538,32.703
39.708,8.8538,-16.055,33.71,-7.3179,37.337
33.227,6.1644,9.6327,36.97,15.491,40.685
34.872,-12.842,7.8867,42.012,-11.179,34.114
32.078,-1.5818,6.1999,32.977,-10.36,47.245
32.926,8.0093,-6.7119,42.02,-15.265,36.122
32.79,-6.1127,7.8489,38.723,-16.552,39.361
44.862,3.1922,15.267,31.786,1.515,35.047
32.181,-2.0792,6.7472,33.506,-11.85,46.35
31.795,0.6028,-3.8995,32.165,-6.8989,48.869
31.723,1.8461,-2.3621,39.521,-18.181,39.863
36.078,-10.773,12.669,37.224,-12.172,37.215
33.878,-12.372,4.4855,45.157,-8.3402,32.669
33.061,-10.333,3.5058,46.388,-8.4228,32.587
32.021,3.3725,4.9544,38.14,17.502,40.922
37.248,-16.903,4.8661,41.696,-5.0974,32.179
32.631,2.8344,8.8698,33.54,11.625,45.665
32.22,4.8765,5.4161,40.365,17.309,38.428
39.244,15.755,9.3221,38.214,7.1225,33.326
44.137,-13.186,9.6359,34.406,-3.8975,32.911
38.767,-2.3321,-18.076,31.798,2.6387,40.543
35.964,-10.784,12.502,37.378,-12.309,37.178
32.334,-7.0354,-3.6347,45.781,12.364,33.762
48.847,0.14653,8.0004,31.628,0.026756,32.35
33.632,2.401,12.332,32.317,7.0077,45.983
32.456,5.5699,-6.4575,39.81,-17.022,38.68
36.592,-16.926,-2.494,42.971,2.9018,31.784
41.524,-16.225,-7.8036,36.933,4.7367,32.588
35.704,-15.917,3.1036,43.86,-4.1051,31.915
37.912,-5.8202,-16.973,32.83,6.8876,40.153
47.231,-5.3185,10.87,31.989,-1.4693,33.079
32.811,9.9961,-0.78507,48.077,-2.1418,31.683
36.923,-13.48,-10.952,38.743,10.501,34.937
33.192,11.273,1.1397,47.473,2.6692,31.717
41.164,14.776,10.495,36.261,6.162,33.482
34.762,-14.84,1.245,45.375,-1.9573,31.685
47.675,-9.0903,6.5114,32.638,-1.4254,32.118
31.629,-0.29183,0.19124,45.24,-15.157,34.927
32.598,8.109,-4.2822,45.338,-12.291,33.816
31.919,-4.8337,-1.8672,47.566,10.251,32.918
44.591,-8.726,-13.275,32.824,3.5728,34.146
42.218,12.18,12.841,34.497,5.7992,34.316
48.163,-8.9237,4.5605,32.568,-0.94739,31.862
31.733,-0.46127,-3.1139,32.126,6.6749,49.024
32.548,4.9397,7.4661,37.595,16.607,40.843
31.744,3.2982,-0.26481,49.683,-2.3726,31.688
