903.98,-829.69,-400.24,55.453,12.245,42.955
1234,95.848,-367.84,40.958,-0.94359,42.602
614.66,-1037.2,-456.35,80.227,26.154,43.666
44.924,5.523,537.93,42.574,331.82,1125.8
627.68,-1025.3,-465.66,78.332,25.908,43.795
134.83,1212.5,167.3,387.46,52.869,41.218
176.99,679.35,-1042.9,166.18,-239.7,73.21
248.95,588.82,1102.6,106.08,169.21,81.534
384.28,-941.73,784.74,108.61,-77.711,51.592
61.945,-807.66,-537,709.23,469.99,49.012
675.06,36.51,-1098.2,40.895,-3.6007,77.998
372.1,1218.9,-157.86,140.64,-16.678,41.147
944.81,215.86,-852.52,41.889,-8.2218,54.407
49.173,15.825,-718.72,47.158,-535.86,928.57
377.99,680.01,1022,84.428,97.202,67.474
646.71,-1105.5,-148.88,80.992,8.1347,41.11
846.06,564.94,793.92,49.12,21.321,51.814
1182.2,113.89,506.52,41.024,1.6796,44.397
575.53,-1087.8,-382.37,87.491,24.054,42.763
152.3,1001.1,723.75,281.6,199.3,50.206
211.23,1142.9,505.87,228.87,98.075,44.539
1257.2,-291.22,-44.35,41.917,0.32539,40.859
734.77,730.88,-768.08,57.641,-30.174,50.841
250.35,-959.68,800.71,163.83,-128.2,52.499
1167,-452.32,-317.32,43.799,4.0175,42.128
935.29,-116.96,881.78,41.154,-4.7863,55.943
259.11,-729.24,1014.3,123.34,-152.75,67.379
727.37,-927.91,523.28,66.256,-23.171,44.681
917.1,-886.03,-199.38,56.807,6.1777,41.332
266.6,180.47,1235.5,49.497,108.22,163.18
770.3,722.92,740.62,56.038,26.926,49.883
994.55,-420.47,-707.41,44.34,11.328,48.829
253.08,-1026.9,-712.19,172.79,113.14,49.242
583.16,-92.476,-1145.6,41.348,12.625,89.301
596.25,-1137.9,-104.63,88.146,6.3654,40.97
63.407,-47.919,-985.52,57.4,583.05,591.63
552.02,439.94,-1077.9,52.273,-49.913,74.622
374.98,1148.4,-435.8,132.27,-45.41,43.414
714.6,1061.4,-162.97,73.199,-7.7418,41.165
355.18,-1171.8,-384.48,141.64,42.609,42.803
61.026,790.3,-542.44,712.78,-487.63,49.502
499.16,-493.55,1079.5,57.521,-62.404,74.994
1175.8,-164.01,507.8,41.231,-2.4394,44.418
55.858,-839.97,263.31,900.87,-281.82,42.79
1268.2,228.89,81.702,41.495,0.46771,40.917
1116.8,0.33026,647.92,40.835,0.0070159,47.218
124.65,-1011.9,-671.33,353.23,231.2,48.904
453.39,-270.04,-1173.5,47.58,54.47,99.816
668.52,546.83,-957.61,52.796,-37.145,61.008
342.05,-988.2,742.88,125.64,-84.476,50.103
1003.9,-347.33,733.51,43.214,-9.7717,49.637
348.77,-1079.3,-599.88,133.63,67.339,46.201
45.032,18.803,-543.72,57.475,-823.03,831.95
1004,-162.38,-794.96,41.367,5.1705,51.845
458.66,1196.4,-119.45,114.47,-9.9745,41.012
339.94,501.91,-1130.3,73.184,-113.5,86.553
1159,-555.93,121.43,45.295,-1.8524,41.017
1040.6,-762.73,-45.293,50.644,1.0521,40.86
47.328,647.25,-81.384,1105.5,-138.81,41.156
282.51,311.29,-1207.3,61.117,-131.22,124.71
488.14,-333.65,1143.6,49.518,-54.306,89.082
150.81,-1233.7,45.259,349.42,-12.643,40.862
97.287,1168.6,-17.98,541.95,-8.2911,40.84
674.82,51.563,-1097.7,40.955,-5.0794,77.913
1063.4,-546.05,487.61,45.911,-8.5647,44.105
334.73,-494.25,-1134.9,73.197,115.77,87.883
130.91,937.12,-782.05,310.36,-254.52,52.997
135.81,-599.11,-1068.2,193.25,329.17,82.048
47.098,-586.09,264.51,1020.6,-459.89,44.795
751.63,-626.57,840.67,53.195,-29.313,53.855
153.18,-1205.4,-272.48,335.88,74.803,41.85
136.82,-277.06,1193.8,95.778,-337.68,164.31
1187.7,479.15,-164.16,44.036,-2.114,41.169
1201.3,407.35,241.3,43.121,2.637,41.568
389.39,-1223.5,46.462,135.33,-4.6711,40.862
92.641,286.58,1120,146.53,528.22,158.62
524.7,-1070.5,487.69,93.007,-34.205,44.124
317.5,-530.58,1122.2,80.015,-125.16,84.758
1119.3,213.7,-607.03,41.574,-4.1588,46.275
1065.1,-69.732,726.28,40.923,-1.8219,49.404
181.06,1177,-407.75,275.52,-93.351,43.165
192.06,323.67,1205,81.409,226.83,137.71
1229.4,276.56,-281.86,41.857,-2.0569,41.845
628.43,298.24,-1085.5,45.218,-30.358,75.776
42.719,-372.14,-72.059,1211.9,234.4,41.593
670.35,-1080.7,213.68,77.574,-11.088,41.408
596.44,1039.2,475.12,82.177,28.295,43.932
44.769,-525.42,61.506,1169.9,-136.78,41.114
1036.2,769.99,-9.0739,50.89,-0.21357,40.836
321.19,-106.69,-1236,43.064,50.307,155.67
193.45,-62.888,-1246.4,43.034,84.94,258.65
575.58,-1119.1,277.76,89.458,-17.577,41.819
78.14,-262.15,1067.2,165.79,-633.99,166.21
712.37,626.2,874.12,54.408,33.167,55.556
494.51,-118.88,-1182.8,42.006,22.983,103.66
625.29,144.92,1118.1,41.922,16.554,82.144
824.65,-929.16,-348.86,61.56,12.943,42.416
236.09,-278.27,1219.1,63.682,-164.27,143.22
198.93,67.467,-1246.9,43.217,-85.633,250.46
81.363,88.72,-1111.1,65.71,-505.14,402.76
289.23,234.84,1223.6,52.812,110.66,140.97
157.98,-1199.9,-304.96,323.65,80.947,42.113
870.07,-477.83,824.71,46.6,-18.668,53.108
1165,-527.78,176.89,44.835,-2.5613,41.224
229.43,-737.41,1009.9,139.49,-174.66,67.284
448.81,-1167.6,301.12,114.22,-25.693,42.003
291.16,-1243.1,79.932,180.75,-11.029,40.915
69.048,-783.03,684.14,575.73,-500.49,54.166
431.3,-782.65,925.02,84.899,-77.13,58.805
821.51,905.04,-413.61,60.798,-15.25,43.112
388.27,-1217.8,130.51,135.11,-13.157,41.048
40.91,49.079,-60.775,810.43,-1001,64.946
110.89,-44.613,-1195.3,44.494,188.03,436.43
869.28,-920.67,249.39,59.516,-8.5322,41.62
264.17,-82.166,-1246.1,42.811,58.547,190.4
692.1,353.41,-1029.3,45.867,-27.705,67.831
403.18,1182,-303.84,127.08,-29.292,42.027
712.32,-1074.9,-30.608,74.007,1.4658,40.847
479.35,1035.4,595.94,97.495,46.268,46.075
981.62,-701.87,458.35,50.214,-11.106,43.685
51.8,-27.805,793.39,54.191,-668.26,767.08
1022.6,543.41,-570.5,46.251,-10.705,45.527
217.85,-672.58,1053.9,134.68,-191.65,73.387
668.79,-1002.3,-459.48,73.665,23.394,43.707
1215,93.251,-427.16,40.955,-1.0999,43.274
150.25,-1231.8,78.265,350.25,-21.951,40.916
124.96,-1190.9,239.01,413.81,-82.238,41.641
40.875,-1.6697,56.795,55.706,-876.66,945.68
514.45,929.91,-727.5,84.559,-50.726,49.498
921.2,-815.11,390.99,54.549,-11.503,42.851
42.021,-1.4001,304.48,41.24,-175.4,1242.5
1276.9,-31.292,-189.59,40.847,0.14869,41.283
747.44,-108.82,-1045.8,41.267,8.2556,69.81
227.54,-1191.3,380.05,221.13,-68.139,42.795
621.98,-1117.6,-161.48,84.111,9.2887,41.16
766.44,-788.62,674.6,58.634,-25.829,47.915
942.63,-86.724,877.48,41.008,-3.4891,55.705
935.66,877.27,-144.62,56.002,-4.3235,41.094
63.583,-594.64,-789.77,499.91,659.52,67.744
181,967.7,784.28,227.79,178.68,52.226
95.102,-1160.8,-72.748,553.39,34.493,40.915
127.96,797.32,-920.47,271.56,-306.42,61.965
340.86,-1032.5,680.43,131.11,-78.024,48.181
827.99,-314.96,938.27,43.696,-16.49,59.515
1116.8,-61.97,644.88,40.898,-1.3081,47.144
617.22,-1041.2,443.63,80.21,-25.318,43.494
40.902,0.36763,-73.736,41.337,-200.26,1273.5
1053.4,622.7,411.46,47.446,8.1276,43.084
1055.1,543.16,508.36,45.936,9.0175,44.428
373.06,511.81,-1117.2,69.599,-99.624,82.931
279.31,-1048.7,675.03,160.28,-96.468,48.099
255.97,1241.1,-144.5,204.68,-22.883,41.1
173.88,-1211.4,-282.04,295.51,67.49,41.907
420.42,-284.56,-1181.4,49.383,64.836,103.71
1050.6,738.77,-130.93,49.933,-2.931,41.047
1175.9,-263.38,463.83,41.848,-3.5248,43.759
643.37,-1093.7,-228.8,80.658,12.549,41.494
843.69,976.3,16.951,62.495,0.62179,40.839
1087.8,-675.41,-165.34,48.076,3.278,41.174
83.214,-774.94,-812.5,438.35,455.61,59.031
42.039,-274.78,136.09,1124.2,-556.04,45.563
266.27,-254.23,1222.5,56.782,-131.83,142.42
151.25,815.62,927.1,232.32,255.91,61.282
672.46,-360.13,1039.8,46.341,-29.906,69.098
345.78,550.8,-1105.9,77.191,-111.61,80.674
108.67,-159.56,-1181.7,76.512,405.23,258.98
799.52,122.88,-1005.2,41.316,-7.8195,65.186
776.65,-146.63,-1019.7,41.558,9.9744,66.714
316.46,-211.55,-1223.3,49.248,88.983,138.17
203.49,-1129.3,534.2,234.89,-107.76,45.048
599.8,838.33,773.87,70.287,42.982,51.077
174.49,-273.06,-1213.6,77.38,248.14,159.48
708.41,-604.24,-892.57,53.709,33.476,56.593
299.74,1242.5,-67.847,175.67,-9.0746,40.893
649.71,-266.9,1081.3,44.159,-25.919,75.052
193.05,-852.48,-911.36,188.96,192.57,59.028
865.29,34.177,-956.85,40.867,-1.7862,60.893
349.54,689.61,-1024,90.818,-107.6,67.832
276.71,-1193.3,363.9,182.67,-52.924,42.601
365.95,99.1,-1226.6,42.324,-36.213,139.02
1127.8,-321.56,540.13,42.465,-5.3694,44.963
1157.7,569.3,-51.932,45.511,-0.80923,40.868
453.45,-303,-1165.4,49.175,58.712,96.566
273.09,-1207.3,315.94,187.08,-46.627,42.146
118.14,757.25,939.44,281.92,342.41,64.653
328.52,-1078.2,610.72,141.11,-73.232,46.451
548.14,1107.3,365.1,92.253,24.457,42.582
824.65,408.44,904.55,45.58,19.924,57.286
1000.1,154.58,-801.45,41.321,-5.007,52.107
1182.1,-367.63,367.03,42.767,-3.7696,42.594
227.64,1015.5,729.65,189.62,129.92,49.884
682.94,-986.43,-473.04,71.825,23.31,43.898
309.86,1030.5,694.51,142.95,88.484,48.612
371.82,206.5,1211.7,46.777,65.305,123.8
40.844,-25.103,-10.548,1190.3,499.6,44.29
43.347,431.4,-36.694,1212.1,-102.98,40.982
545.98,-1003.4,595.81,85.621,-39.277,46.062
938.21,786.98,-407.96,53.32,-11.428,43.044
1279.1,143.4,-104.47,41.091,-0.37199,40.969
47.18,-30.471,-645.64,66.633,881.61,684.94
122.39,-1096.8,515.44,390.3,-181.42,45.075
44.382,-465.28,-197.78,1093.5,464.18,44.366
592.6,1142.5,68.675,88.856,4.213,40.893
526.35,-1012.4,597.63,88.734,-41.288,46.103
304.58,1044,-675.63,147.03,-87.809,48.083
1188.8,-163.38,-476.84,41.219,2.2328,43.945
304.25,966.84,782.16,137.17,101.13,51.595
1223,-114.52,-398.13,41.014,1.2408,42.929
479.92,-177.59,-1181.2,43.56,35.118,103
1088.6,-450.43,528.19,44.197,-7.5858,44.756
926.44,-688.59,-577.47,50.897,15.208,45.666
279.34,1235.1,173.3,187.03,24.992,41.216
411.88,-169.31,1206,44.182,-45.879,118.33
434.79,1203.8,-128.05,120.68,-11.367,41.039
401.15,919.75,803.13,102.59,75.392,52.321
713.78,-713.55,-803.16,57.788,32.566,52.204
651.08,1018.9,447.72,75.946,23.723,43.547
366.83,-1134.7,475.77,133.5,-50.739,43.968
509,1121.8,375.51,99.09,27.537,42.692
898.19,-406.34,-832.98,44.827,15.639,53.479
861.01,-897.66,-343.92,59.026,11.791,42.369
152.1,208.17,1217.6,70.948,277.5,199.54
224.19,1168.8,-444.47,220.32,-80.907,43.593
1149.7,-587.53,8.6951,45.864,-0.1407,40.836
1118.1,-645.51,-6.8415,47.159,0.12507,40.836
453.12,-902.25,797.65,91.286,-64.553,52.057
426.2,-1210.6,-81.371,123.47,7.3916,40.917
92.759,-912.93,-709.9,449.46,346.62,51.648
907.15,-734.28,551.08,52.557,-15.633,45.163
63.509,983.17,95.583,826.4,80.147,41.027
475.95,989.36,-671.96,94.479,-52.182,47.886
568.09,1141.6,185.89,91.849,12,41.267
606.35,492.81,1025.2,52.669,43.706,67.425
1288.1,60.958,67.019,40.881,0.10053,40.89
242.48,-806.72,955.13,143.74,-156.45,61.776
728.5,-1064.5,4.4419,72.383,-0.2059,40.835
47.914,-386.5,-553.44,631.02,899.78,71.219
1251.1,156.1,-278.85,41.152,-1.128,41.823
351.58,961.47,-773.72,119.62,-85.043,51.201
890.76,-834.51,-419.29,55.983,13.162,43.18
862.98,-413.49,865.87,45.29,-17.74,55.093
931.57,484.04,-750.89,46.028,-15.202,50.218
1121.9,-593.52,-236.54,46.204,4.0306,41.539
455.19,116.16,-1197.9,42.154,-26.782,112.22
1033.1,-33.049,773.4,40.856,-0.97893,51.015
661.14,305.44,-1064.1,44.997,-27.662,72.38
1208.6,-357.98,279.84,42.59,-2.6879,41.83
234.42,-832.57,932.97,152.84,-159.04,60.099
378.07,-1138.8,458.22,130.29,-47.274,43.715
229.74,817.43,-946.32,153.19,-164.74,61.184
98.346,776.85,876.65,356.91,397.49,61.345
195.93,-849.18,-915.01,185.51,190.2,59.243
480.63,-1048.9,570.92,98.32,-44.284,45.567
149.54,-459.09,-1145.3,136.57,310.24,105.44
382.15,1124.1,-490.41,127.52,-49.93,44.185
120.73,790.53,-915.91,287.04,-325.84,62.134
500.97,-489.32,-1080.6,57.175,61.856,75.176
226.36,-1144.7,503.38,213.88,-90.627,44.477
938.11,875.01,142.48,55.866,4.2364,41.086
85.009,-44.073,1129.3,47.436,-314.72,533.98
620.97,111.5,1124.2,41.491,13.122,83.575
577.66,-297.21,1113,45.947,-36.158,81.128
665.14,-39.903,1104,40.909,-4.0743,79.135
273.74,-1112.6,565.06,172.75,-82.832,45.537
378.35,-1146.9,437.16,131.04,-45.097,43.431
547.24,1163.6,79.62,96.173,5.3941,40.913
540.78,-771.68,878.48,71.291,-54.531,55.852
136.68,-1224,59.399,385.36,-18.492,40.883
852.78,-514.68,-820.5,47.71,20.342,52.923
897.29,-924.99,70.548,58.679,-2.308,40.896
438.18,1009.7,665.69,102.96,57.198,47.731
589.43,4.5071,-1146.2,40.836,-0.61009,89.458
136.28,-671.23,-1024.8,214.74,316.01,73.581
1218.1,-425.2,-52.569,43.254,0.58142,40.869
217.17,1096.2,-601.1,213.81,-112.96,46.374
1271.3,-201.43,103.27,41.345,-0.51963,40.966
46.338,-542.55,278.78,1012.3,-519.32,45.902
914.97,-868.4,273.04,56.326,-8.4014,41.782
983.3,763.77,-340.68,51.723,-8.691,42.338
40.858,-28.461,32.659,848.46,-971.36,62.114
603.46,-1138.7,27.17,87.361,-1.629,40.844
79.8,627.06,-912.66,375.7,-540.37,71.82
602.79,-1139.3,-9.9469,87.476,0.59729,40.836
57.32,-45.796,-904.16,61.877,689.6,607.1
677.87,1096.6,31.994,77.765,1.6432,40.848
42.062,-277.32,137.32,1123.6,-555.65,45.561
402.34,-947.96,-769.09,104.98,72.283,50.981
220.84,-1249.4,48.673,238.6,-9.0229,40.865
385.69,-1225.2,22.028,136.7,-2.2383,40.841
885.59,-815.54,-465.01,55.54,14.549,43.779
803.3,1001.8,-126.29,65.327,-5.0176,41.032
168.47,-1233.3,147.67,310.82,-36.574,41.122
436.36,-516.02,1094.5,63.403,-78.696,77.828
206.81,1174.1,427.73,239.98,84.898,43.387
1175.4,-376.06,379.71,42.877,-4.0245,42.726
116.51,1051.3,587.76,395.55,218.78,46.724
949.97,395.83,779.07,44.244,12.903,51.231
197.56,1240.7,139.66,265.28,29.154,41.087
87.584,597.62,-970.5,317.59,-507.23,77.41
326.1,1206.1,286.28,157.61,34.899,41.894
139.91,1184.8,-322.07,363.85,-97.659,42.298
281.61,-1232.7,-188.05,185.21,26.881,41.285
1033,69.534,771.12,40.928,2.0504,50.931
637.99,354.53,1062.8,46.739,33.163,72.211
1131.2,-610.19,-122.58,46.404,2.1032,41.021
43.03,-301.82,273.01,909.21,-820.77,55.038
1249.1,-301.88,126.06,42.012,-0.96908,41.031
550.95,-1111,-349.64,92.114,23.293,42.429
1134.6,-386.45,-480,43.142,5.577,43.991
1281.3,58.807,-148.86,40.878,-0.21772,41.109
313.85,1229.9,-172.34,166.48,-21.924,41.21
458.97,525.75,1081.2,62.234,72.878,75.387
398.31,-177.2,1209,44.733,-50.869,120.85
582.75,-920.51,688.51,76.477,-40.893,48.316
270.56,1013.4,-728.69,160.02,-107.57,49.735
969.91,-710.38,469.93,50.632,-11.708,43.847
1287.7,-30.248,-91.096,40.846,0.067903,40.937
498.96,-597.18,1025.9,63.814,-64.735,67.627
1187.8,304.27,-404.78,42.155,-3.4575,43.005
637.38,-1083.8,285.44,80.676,-15.804,41.875
863.6,607.96,-741.63,49.957,-20.224,49.91
314.96,1236.6,-113.11,166.77,-14.339,40.995
56.679,-32.452,894.08,52.954,-591.34,717.43
1269.6,-191.41,137.4,41.297,-0.65952,41.068
693.17,-952.57,-524.9,69.48,25.062,44.709
168.13,-1213.3,-265.5,306.5,65.881,41.784
889.39,-839.76,-411.63,56.189,12.996,43.088
298.06,-1152.2,470.52,164.51,-63.04,43.914
780.13,1011.6,180.75,66.925,7.5061,41.242
339.49,1207.6,-267.45,151.91,-31.213,41.754
42.109,0.8947,-315.07,40.989,-108.52,1247.5
1089.3,-275.95,635.71,42.127,-5.8604,46.924
421.47,680.7,1006.2,77.835,83.391,65.639
1056.9,-135.43,-728.91,41.169,3.5848,49.487
46.096,399.26,-446.16,763.44,-850.68,61.187
613.41,-1081,-342.07,82.878,19.86,42.355
533.37,1167.8,105.61,98.53,7.3797,40.973
613.2,-1127.8,-117.46,85.635,6.8905,41.006
420.2,937.93,772.75,100.27,68.913,51.104
429.3,-976.12,-719.01,101.82,62.937,49.262
619.33,931.95,640.18,73.89,35.255,47.053
973.18,803.55,271.04,52.975,7.2513,41.767
356.17,-89.444,1229.8,42.12,-34.785,143.53
598.97,1050.6,446.05,82.592,26.495,43.527
109.78,-402.74,1124.4,166.48,-436.8,117.82
239.72,1220.1,273.33,214.83,46.388,41.811
1178.5,-396.51,347.92,43.087,-3.8487,42.405
551,-820.28,826.77,73.372,-51.046,53.261
44.498,-18.302,-512.43,58.774,851.23,823.33
170.02,-1006.8,728.33,252.43,-177.83,50.173
125.35,889.88,827.41,309.32,282.59,55.534
41.349,-202.94,-2.4727,1275.2,15.521,40.838
924.04,-836.02,-336.35,55.092,9.9875,42.298
511.41,852.78,-818.39,79.585,-56.268,52.905
1270.1,-91.251,214.26,40.94,-0.49415,41.41
53.725,315.31,-776.87,371.05,-903.13,108.02
480.91,534.78,1067.7,61.192,67.763,73.171
41.213,-2.0682,174.48,43.558,-444.99,1199.5
437.36,-1037.1,622.76,105.48,-53.846,46.676
475.94,1033.1,602.63,97.887,47.165,46.219
957.26,-447.99,741.01,45.093,-13.421,49.884
772.44,190.35,1015.7,42.06,12.882,66.278
318.02,628.84,-1070.1,91.086,-123.85,74.335
954.61,845.75,-198.89,54.578,-5.65,41.329
484.16,-1020.8,-617.08,95.57,47.224,46.536
94.98,1054.1,490.66,503.62,232.88,45.016
376.55,1024.6,676.74,119,69.342,48.055
632.19,1097.8,-239.56,81.955,-13.445,41.56
1000.1,-518.91,629.94,46.012,-11.863,46.791
210.58,-1241.5,143.83,248.79,-28.045,41.101
432.61,-1160.1,-348.42,117.33,30.97,42.423
992.06,402.37,-721.29,44.071,-11.177,49.25
1247,-72.304,-327.27,40.904,0.621,42.215
68.396,-578.89,857.32,432.76,-635.2,72.747
212.83,1154.9,-478.29,229.44,-92.013,44.096
220.52,-1004.9,744.05,193.7,-137.05,50.409
1013.7,-262.53,-754.99,42.184,7.6374,50.356
50.346,-72.021,751.31,107.89,-964.29,396.41
755.03,-423.91,-956.31,46.847,25.386,60.877
1168.1,-447.38,320.26,43.731,-4.0091,42.154
872.45,-446.92,-839.41,45.892,17.948,53.781
1046,671.19,-349.21,48.529,-7.3717,42.418
1157.6,-492.47,-290.7,44.381,4.0188,41.912
44.185,-492.17,27.607,1191.5,-66.758,40.899
193.2,1210.8,-302.35,264.99,-64.601,42.06
354.43,-1093.5,570.66,133.24,-63.003,45.596
164.07,-1026.9,695.99,267.03,-176.75,49.148
550.6,958.1,-662.48,82.126,-42.746,47.62
513.73,-1176.7,-100.33,102.33,7.3355,40.96
738.35,634.61,846.27,53.88,30.581,54.126
1188.8,-477.36,161.46,44.008,-2.0688,41.158
177.57,-1226,-215.16,292.57,50.345,41.447
920.62,-72.837,901.69,40.963,-3.1607,57.099
1128.7,-340.5,526.38,42.655,-5.5072,44.725
321.85,1076.5,616.41,143.62,75.589,46.584
1283.9,-133.42,-36.293,41.055,0.11943,40.851
50.499,66.121,756.22,99.637,948.14,427.95
56.792,176.5,-879.03,187.12,-887.52,202.62
581.58,-619.16,969.2,59.723,-49.782,61.994
177.73,175.5,-1232.4,58.171,-207.2,208.27
50.498,518.25,554.66,713.53,761.16,59.76
577.58,1147.4,103.23,91.003,6.539,40.967
1246.7,-117.2,-315.07,41.015,0.96686,42.109
1240.3,11.134,-359.06,40.837,-0.10623,42.513
953.43,-869.76,24.346,55.297,-0.70374,40.842
81.694,-86.927,-1112.8,64.686,498.08,407.47
52.369,-440.66,677.03,550.34,-840.89,74.713
129.66,887.49,-836.25,297.32,-274.87,55.858
531.23,-117.87,-1167.6,41.834,19.553,96.892
185.83,1246.6,1.2645,283.76,0.28187,40.835
870.06,-868.21,-393.33,57.72,13.061,42.877
97.315,1168.4,-28.496,541.7,-13.136,40.847
253.52,1233.1,202.53,205.35,32.392,41.361
82.498,-350.44,1063.5,203.77,-593.54,128.09
1162.9,306.03,470.28,42.227,4.2079,43.85
326.94,1077.1,613.31,141.61,73.928,46.51
1030.8,-317.14,709.53,42.727,-8.2779,48.89
982.96,-193.57,814.01,41.621,-6.5447,52.632
298.91,-1233.4,-165.59,174.93,22.205,41.182
183.88,1245.2,-50.436,286.54,-11.37,40.868
340.19,586.31,-1088.9,81.812,-114.08,77.369
84.314,869.55,717.5,483.09,395.77,52.865
229.61,-884.92,-883.53,165.06,154.71,56.816
501.65,840.49,836.68,79.872,58.728,53.74
306.32,1218.3,247.71,168.89,32.33,41.622
272.93,-880.96,883.89,139.42,-127.88,56.587
778.23,-665.36,-785.01,53.756,26.826,51.471
464.95,1200.1,-2.2541,113.41,-0.18541,40.835
628.8,-1103.1,-223.32,82.591,12.633,41.462
859.56,-853.4,445.27,57.575,-14.929,43.51
41.573,0.94161,-242.04,41.132,-152.01,1259.3
44.553,-504.51,108.85,1157,-249.31,41.774
174.87,1039.4,-683.62,252.94,-162.03,48.683
41.022,0.58342,-123.23,41.286,-189.28,1271.4
440.11,-1010.8,662.88,102.66,-56.675,47.657
222.75,1246.9,-93.201,236.09,-17.119,40.946
727.07,-981.08,415.66,68.653,-18.796,43.138
43.352,-1.0867,433.37,40.949,-90.491,1213
645.5,1053.2,-369.55,78.26,-19.983,42.625
1035,-771.08,28.351,50.936,-0.66914,40.845
1115.4,-171.12,627.4,41.313,-3.4881,46.73
783.15,-637.78,802.84,52.692,-26.492,52.181
113.76,-1178.1,-231.39,454.92,88.633,41.609
994.85,240.55,786.61,42.014,7.6008,51.517
1253.7,-212.48,-224.61,41.418,1.2237,41.468
229.82,-738.29,1009.3,139.42,-174.24,67.204
1103.8,153.1,651.96,41.227,3.3182,47.318
382.43,172.18,-1214.2,44.826,-53.787,125.61
54.463,-773.99,-360.16,877.99,407.67,45.031
1271.4,64.764,216.29,40.888,0.35376,41.421
1127.4,81.478,-623.99,40.942,-1.6314,46.651
1262.4,265.54,56.124,41.73,0.37406,40.874
271.61,-296.05,1212.5,60.782,-136.57,130.43
1102.2,-240.39,627.81,41.796,-4.9626,46.739
1003.8,-571.57,-576.36,47.001,11.62,45.642
1110.9,-605.7,-256.93,46.518,4.5267,41.669
726.27,638.56,853.62,54.412,31.77,54.489
264.26,-625.77,1080.7,106.05,-155.99,76.834
151.87,1069.3,618.18,301.28,170.97,47.059
943.25,-789.89,-390.37,53.283,10.866,42.843
391.46,-269.38,1193.8,49.657,-71.248,110.77
293.2,-1243.3,70.783,179.57,-9.6945,40.898
468.63,1147.9,-345.16,108.39,-27.966,42.389
1109.8,458.69,-474.28,44.19,-6.6747,43.908
144.32,1230.1,-41.501,365.17,-12.166,40.858
181.36,485.29,1147.3,119.35,249.13,99.48
556.58,728.76,905.16,67.392,52.973,57.406
460.42,1152.9,-339.04,110.48,-28.051,42.332
417.6,-1046,-620.28,110.59,56.639,46.626
45.025,-92.259,-535.76,202.78,1129.8,235.84
154.05,1236.2,3.9457,342.29,1.077,40.835
572.58,489.47,-1045.6,53.78,-48.649,69.927
497.54,-1120.4,393.91,100.9,-29.664,42.894
235.41,-1242.5,-140.8,222.62,24.379,41.088
1257.8,149.09,-251.02,41.121,-0.96015,41.63
477.59,721.8,-952.83,74.191,-68.269,60.77
307.33,-100.55,1239,43.002,-52.065,162.93
273.42,-1112.5,565.33,172.92,-82.973,45.542
74.511,27.846,-1078,44.725,-288.11,646.13
376.43,-1167.7,379.95,133.81,-39.484,42.751
528.1,-15.735,-1174.8,40.853,2.7217,99.806
382.46,-1143.9,442,129.44,-45.039,43.493
1160,-456.34,336.52,43.885,-4.3418,42.298
92.175,-456.84,-1060.5,229.41,515.69,101.83
72.94,-172.51,1054.3,123.5,-672.24,239.03
76.086,-1053.8,-269.28,671.54,170.96,42.142
107.43,-1186.4,96.058,489.25,-39.338,40.968
169.85,811.69,-940.8,205.15,-228.36,61.797
1143.8,-598.09,-33.957,46.087,0.56243,40.849
72.801,-875.76,-610.14,594.76,412.42,49.73
487.63,553.18,-1055.3,61.875,-66.63,71.366
401.99,1091.3,-547.22,118.68,-52.465,45.135
979.03,-740.01,400.2,51.204,-10.079,42.954
256.08,-1225.6,-242.9,202.14,38.428,41.597
170.13,-995.67,-743.5,249.55,181.35,50.719
250.17,1213.9,-297.56,204.95,-48.243,41.997
40.845,0.022976,27.832,40.849,33.65,1290.6
79.33,850.55,705.41,512.3,422.18,52.983
44.028,-2.9923,-482.49,41.504,214.08,1178.4
164.39,1142.5,-483.63,295.83,-122.84,44.279
250.09,133.96,-1242.7,46.465,-98.13,185.3
166.33,-1146.4,476.31,293.18,-119.45,44.156
52.277,-767.06,-246.15,960.53,307.68,42.882
867.31,-195.51,935.43,41.862,-9.7063,59.307
1287.8,22.114,92.462,40.841,0.050389,40.94
354.52,1210.1,-238.58,146.14,-26.562,41.56
1163.3,94.397,552.16,40.969,1.5695,45.179
476.91,-1144.1,347.07,106.47,-27.546,42.407
892.64,888.46,-282,57.644,-9.1148,41.847
707.85,673.54,-841.96,56.412,-33.567,53.924
98.307,-1111.3,-369.93,509.1,168.38,43.024
81.74,53.827,-1115.1,51.294,-389.16,513.57
956.45,574.83,648.77,47.654,14.291,47.243
836.57,-898.73,-397.02,59.972,14.21,42.919
115.7,1032.2,-618.61,391.5,-232.08,47.539
237.19,1163.5,-457.9,207.41,-78.463,43.769
43.251,-227.81,359.13,653.98,-1026.9,76.127
59.573,774.36,-531.5,730.15,-499.59,49.504
982.11,826.16,138.57,53.381,3.7141,41.073
325.48,-1187.8,355.19,155.66,-43.345,42.501
332.1,-345.83,-1189.1,59.19,106.66,109.54
682.07,357.25,-1034.6,46.115,-28.831,68.458
928.87,-820.67,360.08,54.513,-10.497,42.525
365.46,-1129.1,-489.77,133.36,52.426,44.18
267.57,-176.88,1235.9,49.128,-106.11,163.81
1114.6,-594.32,267.15,46.284,-4.6105,41.739
1063.1,442.45,-583.73,44.235,-8.6271,45.788
363.25,-1155.7,424.99,136.97,-45.894,43.278
1182.5,-442.85,269.79,43.608,-3.2712,41.758
172.38,-1059.1,-651.24,261.45,156.84,47.776
693.16,738.27,-798.67,59.713,-34.389,52.023
318.54,1183.7,373.11,158.36,46.597,42.687
1227.2,-254.73,310.49,41.706,-2.102,42.071
1232.1,333.5,195.29,42.306,1.693,41.311
69.701,-1010.3,-266.99,731.49,192.71,42.233
636.76,-1011.6,-483.29,76.767,26.298,44.05
1029.8,-222.28,746.06,41.777,-6.2511,50.05
162.97,-1157.9,444.07,302.45,-113.88,43.684
515.55,-455.03,-1089,54.541,57.358,76.579
249.71,-1121.2,552.39,190.29,-89.431,45.317
352.07,176.34,-1221.3,45.733,-64.216,133.73
275.14,1064.4,-651.01,164.88,-94.657,47.466
281.52,690.69,1038.2,109.18,141.15,70.056
190.84,1228.9,-215.11,272.27,-46.588,41.442
442.29,467.78,-1113.8,59.572,-75.193,81.725
455.5,-1179.5,-239.1,113.75,20.087,41.56
246.9,-1120.5,554.06,192.3,-90.797,45.352
836.55,-952.75,-240.07,61.932,8.8211,41.561
77.464,1087.4,-131.6,675.8,-81.49,41.132
293.36,1129.2,-525.1,163.89,-71.482,44.785
671.6,1091.2,146.11,78.009,7.5834,41.1
43.043,25.998,407.23,88.051,1082.6,568.15
1121.4,-636.99,-61.353,46.971,1.1048,40.881
928.07,855.33,-270.25,55.557,-8.0704,41.762
270.08,1229.9,-213.38,192.5,-31.896,41.418
745.62,-984.54,-372.7,67.702,16.305,42.656
189.84,-1217.3,272.5,271.21,-59.336,41.823
667.31,414.72,1022.6,48.104,33.136,67.08
1092.4,-667.32,-167.84,47.86,3.2747,41.185
1174.3,-388.54,370.47,43.015,-4.0515,42.629
134.08,899.09,829.55,290.38,262.62,55.308
41.523,7.9605,-233.79,59.44,-921.8,872.44
61.614,-55.712,-964.27,64.022,657.3,545.88
902.16,-922.7,21.986,58.441,-0.71264,40.841
432.31,1181.7,266.21,119.33,23.733,41.74
786.88,-542.12,-866.95,49.61,25.583,55.16
235.88,1154.4,-480.59,206.98,-82.815,44.105
457.14,-718.38,964.79,76.279,-73.085,61.751
347.6,-824.01,-919.97,105.69,100.38,58.615
51.984,-15.641,-798.29,45.406,443.12,912.25
1048.4,679.67,325.02,48.677,6.8959,42.196
1126.7,-622.52,-99.601,46.66,1.7477,40.957
808.51,812.4,592.65,57.926,21.257,45.977
1217.4,-217.3,-371.35,41.481,2.191,42.638
877.47,-475.5,818.24,46.457,-18.177,52.823
308.16,-1200.4,322.6,165.59,-41.797,42.197
765.07,-897.18,-523.59,62.985,21.308,44.685
832.01,857.09,-488.17,58.663,-17.222,44.117
167.41,-1227.8,-185.67,311.5,46.297,41.291
878.22,795.16,-511.87,55.113,-16.001,44.488
1197.8,-467.21,-119.36,43.835,1.4804,41.011
900.01,-189.28,905.48,41.73,-8.472,57.333
45.913,187.51,-559.36,367.09,-1081.5,127.76
732.02,-539.24,-915.07,50.746,30.353,57.966
970.6,805.11,275.58,53.074,7.4127,41.8
40.852,-0.037129,36.94,40.856,-40.949,1290.1
186.9,-1246.2,39.518,282,-8.7547,40.855
398.98,1208.4,179.91,130.86,17.587,41.242
966.25,338.69,-786.03,43.275,-11.007,51.496
369.99,-542.51,1103.5,72.779,-101.43,79.965
1253.4,-23.518,-309.5,40.842,0.18936,42.062
1153.3,306.66,-492.92,42.256,-4.4903,44.185
1256,-264.28,141.85,41.73,-0.95063,41.084
100.19,-130.87,-1168.3,71.27,427.38,301.56
547.41,214.54,1146.4,43.875,31.367,89.653
608.7,-1106.5,-258.49,84.867,15.236,41.683
383.7,-1209.5,200.35,135.74,-20.45,41.341
239.52,113.45,1245.2,45.308,93.336,198.42
495.61,267.59,-1157.8,46.443,-45.599,93.55
123.8,-1.0497,1213.4,40.837,-3.8081,425.93
535.68,-1029.8,558.57,88.693,-37.909,45.322
723.11,-1068.1,8.0757,72.921,-0.37844,40.836
1238.6,242.86,-272.46,41.613,-1.7302,41.777
99.557,918.81,731.11,415.23,327.21,52.087
496.79,-490.5,-1081.9,57.481,62.8,75.404
890.64,571.48,-738.81,48.533,-18.326,49.815
357.39,94.079,1229.2,42.244,36.209,142.62
1027.8,-3.2577,781.1,40.835,-0.098516,51.304
1053.4,726.04,173.14,49.607,3.8139,41.208
312.39,691.12,-1032.2,99.855,-124.2,69.029
891.33,682.86,636.32,51.461,17.759,46.944
890.05,-746.85,561.86,53.33,-16.597,45.364
152.31,-1207.9,-259.22,338.6,71.611,41.751
300.06,-714.11,-1019,106.25,129.22,67.537
891.18,932.05,52.442,59.121,1.7395,40.869
60.142,-507.63,-799.46,471.24,736.58,75.976
136.42,-1012.1,690.57,320.11,-214.87,49.308
860.5,-880.14,-387.68,58.446,13.177,42.815
1061.7,571.82,-460.9,46.388,-8.4164,43.719
638.61,-807.84,775.83,65.93,-39.028,51.142
271.11,193.61,1233,50.375,110.01,157.66
1098.4,-667.71,120.39,47.797,-2.3276,41.014
1185.3,-138.18,493.05,41.112,-1.9691,44.187
1036.2,-744.83,-195.04,50.303,4.4918,41.31
203.09,-1175,424.24,244.61,-85.859,43.345
770.23,-386.35,-960.19,45.697,22.882,61.177
1047.1,712.75,-249.34,49.409,-5.4784,41.619
969.24,-467.4,-712.97,45.343,13.068,48.996
542.06,627.44,-986,62.566,-56.437,63.492
79.483,377.89,-1039.2,229.95,-612.41,117.81
1200.9,441.15,-174.84,43.506,-2.0524,41.215
975.56,824.76,185.2,53.492,5.0118,41.262
779.57,1002,230.07,66.556,9.5295,41.501
440.32,410.22,-1137,55.923,-72.352,87.447
550.38,-284.18,-1129.7,45.984,38.646,85.08
494.06,1182,129.05,106.19,9.8797,41.042
595.88,-701.4,-902.39,63.156,47.286,57.216
354.85,-1216.6,-202.48,146.74,22.53,41.353
484.75,686.56,-975.19,70.967,-67.427,62.593
799.71,-672.9,-756.63,53.397,24.926,50.426
196.97,876.3,-889.27,190.15,-184.06,57.494
408.95,-1054.9,610.32,113.47,-57.145,46.404
822.41,-913.21,-393.36,61.063,14.54,42.878
134.36,1160.4,-388.08,372.43,-123.06,43.032
915.95,527.67,740.58,47.138,16.51,49.872
646.96,-655.33,-902.5,58.183,40.659,57.204
567.7,-883.91,-746.3,75.703,45.32,50.103
60.281,9.8999,-948.81,41.84,-190.39,853.74
544.67,-1132.3,-284.53,94.42,19.288,41.87
47.05,0.53767,-641.03,40.846,-25.758,1120.4
532.7,526.02,-1048.3,57.473,-56.714,70.333
78.504,955.78,-546.19,583.54,-331.84,47.004
93.2,1123.1,-280.93,548.96,-136.55,42.086
982.04,-168.51,820.66,41.433,-5.7811,52.921
925.09,-752.24,494.23,52.652,-13.785,44.208
819.27,-671.94,-736.43,52.839,23.324,49.741
654.99,1108.5,69.641,80.389,3.7471,40.895
831.54,-979.72,-117.58,63.149,4.4098,41.006
379.63,-201.98,1210.4,46.315,-61.787,122.47
555.66,-1059.1,479.19,88.084,-31.287,43.994
966.42,312.18,796.73,42.916,10.366,51.917
1248.1,-326.14,56.088,42.208,-0.46439,40.874
1283.1,-91.959,112.2,40.94,-0.25552,40.99
1154.6,32.102,-577.01,40.851,-0.56787,45.652
1283.7,-113.24,-82.199,40.994,0.23,40.918
1008,-101.11,-800.05,41.04,3.2398,52.049
1230.5,-390.23,-28.982,42.841,0.29104,40.845
455.04,-240.37,1179.4,46.223,-49.791,102.37
451.56,-950.57,740.29,95.486,-60.764,49.939
60.891,-23.22,956.55,45.915,-395.36,770.18
233.52,1118.6,-558.83,202.83,-97.218,45.462
116.84,1170.1,-287.79,438.34,-106.88,42.042
1161.4,562.91,-36.387,45.384,-0.5586,40.851
687.67,-1071.2,-207.28,75.683,10.382,41.373
335.44,938.96,-806.41,122.18,-93.216,52.536
509.34,-822.05,850.45,77.711,-58.197,54.401
775.16,-267.38,-996.08,43.202,17.156,64.299
464.05,1140.3,374.96,108.7,30.698,42.689
350.41,-1210.7,240.54,147.81,-27.126,41.573
640.53,-1038.7,416.1,77.915,-22.638,43.146
352.37,1226.4,136.4,148.8,15.303,41.068
556.11,-584.91,-1004.4,59.348,53.663,65.243
882.05,161.42,-928.18,41.515,-7.7517,58.803
1236.9,-51.802,367.02,40.871,-0.50755,42.594
359.36,581.49,1086.4,78.043,105.89,76.778
1127.9,400.22,484.43,43.333,5.8723,44.057
612.4,270.26,-1101.7,44.651,-29.781,78.747
640.08,-889.35,679.5,69.999,-35.281,48.059
236.58,-1097.4,599.4,196.59,-102.75,46.298
1185.9,329.3,390.35,42.382,3.6003,42.842
689.85,-1048.8,-295.62,74.401,14.654,41.953
1166.1,-546.96,-90.948,45.109,1.3541,40.937
311.25,1237.8,-106.77,168.82,-13.71,40.978
499.48,-443.19,-1101,54.673,60.052,78.85
230.16,-817.9,945.91,153,-164.35,61.147
288.53,-1234.9,166.11,181.21,-23.138,41.184
1284.5,86.374,100.62,40.927,0.21484,40.96
151.6,1225.8,-150.15,345.29,-41.704,41.136
1073.1,621.84,358.48,47.204,6.8481,42.508
1178.5,-260.09,458.88,41.819,-3.4305,43.69
896.9,-699.44,-609.98,51.804,17.107,46.343
287.68,-1204.6,-318.94,177.5,44.508,42.169
992.31,-787.86,246.86,52.158,-6.3253,41.604
134.02,776.41,945.29,251.72,298.4,63.83
82.365,1046.1,397.7,598.6,226.51,43.674
900.22,-869.03,-316.45,56.786,9.9853,42.122
896.7,-746.86,-551.21,53.166,16.091,45.166
256.35,-1217.5,280.72,200.65,-44.346,41.863
584.49,1077.6,397.73,85.809,24.499,42.933
80.28,792.83,-776.34,470.18,-456.93,57.047
935.1,-666.79,589.04,50.17,-14.958,45.899
1176.9,-330.24,415.99,42.414,-3.9041,43.138
378.33,-698.8,-1009.1,86.16,96.472,66.058
966.77,-837.01,175.96,54.034,-4.8715,41.22
1029.7,-252.49,736.58,42.047,-6.9676,49.735
770.37,-1031.5,84.226,68.303,-3.5838,40.922
348.21,1206.7,262.58,148.23,29.807,41.719
1043.1,760.42,15.544,50.547,0.35891,40.838
660.29,1055,337.24,77.078,17.723,42.309
1251.6,270.41,-166.79,41.778,-1.1504,41.18
525.26,-999.84,619.28,88.013,-42.778,46.578
105.64,-893.31,-781.57,376.62,325.64,54.119
596.54,-401.8,-1069.6,49.27,41.065,73.261
80.707,1036.8,-401.15,609.52,-234.78,43.772
41.714,-0.35598,263.58,40.871,-52.748,1263
621.27,-960.54,-594.43,75.304,32.898,46.025
1170.6,429.7,334.92,43.502,4.0305,42.284
905.72,-870.58,-295.86,56.668,9.258,41.953
621.05,981.45,559.48,76.485,31.173,45.331
151.43,980.58,-750.63,277.62,-207.92,51.22
677.59,603.07,916.67,54.71,36.832,58.085
1109.4,-660.44,8.0935,47.532,-0.15258,40.836
542.7,662.24,-962.62,64.534,-56.247,61.482
112.93,872.96,-822.4,341.01,-316.65,55.913
828.78,-948.04,-281.88,62.087,10.475,41.847
1023.8,351.21,703.55,43.175,9.1192,48.714
41.555,125.82,-203.4,668.47,-1076.6,77.517
735.95,-59.468,1057.8,40.969,-4.7417,71.417
429.55,-918.39,791.3,96.745,-68.506,51.816
459.17,-1186.4,-193.8,113.53,16.146,41.307
234.12,-694.41,1039.9,129.6,-174.82,70.964
69.119,944.41,-436.43,692.74,-319.01,44.971
363.07,465.77,1139.9,66.684,102,88.936
99.693,1053.8,-518.55,474.93,-231.97,45.478
61.173,-940.32,195.42,844.01,-174.99,41.706
74.119,81.685,-1072.8,67.643,-564.6,429.49
541.26,-1162.5,123.33,96.974,-8.4637,41.024
72.13,-467.29,954.55,323.51,-650.33,92.276
648.71,597.74,940.45,55.578,40.238,59.724
325.69,-697.66,-1024.8,97.166,117.52,68.043
1011.7,762.48,-248.18,51.149,-6.0373,41.612
518.33,-1178,-50.342,101.66,3.6433,40.866
291.42,-967.81,-784.12,142.92,106.34,51.699
278.64,465.4,-1157.2,80.133,-147.51,96.435
65.441,-1003.7,-90.671,802.52,72.31,41.001
125.26,-1197.5,205.38,414.96,-70.478,41.426
974.17,825.54,188.95,53.545,5.1278,41.28
1267.6,155.54,-191.05,41.142,-0.75036,41.29
762.54,-539.14,-890.08,50.035,27.583,56.437
1156.4,-476.11,321.34,44.165,-4.3253,42.163
1063.6,-328.14,-654.08,42.737,7.414,47.372
295.98,-1241.4,93.119,177.69,-12.624,40.944
115.86,1199.9,-94.494,453.75,-35.445,40.96
563.98,-1084.5,-407.58,88.692,26.266,43.047
1143,-60.409,597.47,40.892,-1.128,46.07
286.24,-1127.2,531.65,167.53,-74.319,44.904
57.875,554.01,-727.16,553.12,-722.03,67.265
1259,-209.96,195.59,41.4,-1.0446,41.312
659.42,-1030.3,407.85,75.856,-21.326,43.047
933.93,83.442,887.01,40.998,3.4579,56.237
956.99,-864.22,58.392,55.044,-1.6723,40.877
405.7,-376.7,1160.1,55.856,-80.074,95.022
78.258,-1064,-277.42,652.09,169.36,42.195
473.95,753.69,929.57,76.914,68.124,59.068
1104.2,-408.09,-530.27,43.538,6.8075,44.792
1238.3,-342.08,129.86,42.366,-1.1415,41.043
716.2,-913.39,562.59,66.245,-25.299,45.384
200.86,1.2712,-1249,40.836,-1.6762,262.52
687.32,1046.3,309.88,74.47,15.423,42.069
47.237,-640.32,-103.94,1101.9,178.62,41.369
860.21,706.72,-652.68,52.873,-19.704,47.343
310.49,-1239.9,81.348,169.49,-10.475,40.918
168.19,1229.4,-176.28,310.4,-43.736,41.245
125.53,-1148.2,-398.35,397.09,136.31,43.198
270.63,1202,336.51,187.95,50.137,42.332
166.41,-1131,-511.72,289.19,128.23,44.744
159.39,1213.1,-250.53,324.1,-65.873,41.683
291.28,-96.422,1241.9,43.057,-55.752,171.69
363.43,-345.44,1181.8,56.509,-92.376,104.85
1168.9,-310.27,452.2,42.251,-4.0576,43.599
299.72,-1177.8,401.45,167.05,-53.535,43.008
231.94,1232.5,211.1,224.2,37.125,41.41
321.19,1161.2,-436.74,154.33,-53.984,43.438
290,1038,688.86,153.18,94.429,48.474
496.24,-1187.9,-23.025,106.24,1.7551,40.842
246.29,1024.2,716.74,176.97,117.25,49.403
904.37,873.45,-291.5,56.799,-9.1581,41.919
390.93,749.89,967.38,88.719,90.203,62.086
563.07,-1121.3,293.15,91.191,-19.06,41.936
165.86,-1186.6,363.97,304.18,-91.618,42.68
1069.3,-714.7,-111.8,49.127,2.3754,40.989
929.83,-729.96,518.19,51.934,-14.074,44.59
677.54,1013.6,420.42,73.571,21.115,43.197
994.14,569.56,-594.68,47.072,-12.161,46.014
516.62,-722.94,932.31,70.38,-60.209,59.221
76.122,1085.3,75.325,691.06,47.796,40.933
61.738,931.69,260.4,822.66,229.36,42.396
796.74,-622.9,801.24,51.859,-25.347,52.114
429.16,-19.679,1212.2,40.878,-5.3319,122.74
216,-860.25,-907.13,170.57,169.56,58.442
511.64,-1181.8,10.02,103.06,-0.73658,40.836
1150.6,432.95,-394.52,43.633,-4.9364,42.888
325.92,-87.702,1236.6,42.31,-40.879,156.15
74.863,26.398,-1080.2,44.302,-272.6,649.25
334.65,1153.2,450.08,147.54,53.172,43.613
558.96,858.87,-781.13,75.004,-47.995,51.361
137.9,1222.8,-93.685,381.28,-28.878,40.953
846.65,-583.41,779.81,49.61,-21.383,51.266
628.11,-1120.1,113.45,83.626,-6.4501,40.994
602.11,902.59,695.91,73.702,39.381,48.523
702.86,-963.46,-491.2,69.364,23.108,44.167
416.65,399.61,-1148.9,56.712,-78.512,91.128
66.602,2.9524,-1018.8,40.899,-44.298,790.48
884.99,742.3,575.68,53.321,17.099,45.631
1034.2,533.08,559.25,45.948,10.131,45.312
1204.1,446.14,135.41,43.551,1.5972,41.062
284.67,-1081.8,619.21,162.04,-86.855,46.681
1181.5,-497.29,-154.53,44.309,2.0741,41.131
1287.2,34.616,-96.838,40.85,-0.082668,40.95
46.239,494.39,349.45,931.55,657.18,49.99
1213.9,289.74,-331.22,41.983,-2.5895,42.25
625.99,-1125.8,-53.476,84.163,3.0567,40.87
163.67,1067.6,-631.54,278.08,-160.95,47.312
1135.3,-598.27,141.99,46.164,-2.3836,41.084
680.23,606.52,-912.46,54.754,-36.557,57.814
1146.7,-68.15,-589.42,40.907,1.2468,45.903
853.97,782.13,569.53,55.403,18.427,45.512
315.72,-91.275,-1238.2,42.535,45.205,160.34
246.21,-1207.2,324.41,207.1,-53.489,42.228
438.17,1125.3,443.2,112.97,38.679,43.501
974.64,846.33,7.1278,54.102,0.19607,40.836
73.897,-92.016,-1070.5,73.413,589.85,396.92
823.63,295,-948.52,43.381,-15.894,60.265
1092.2,-421.96,-544.04,43.781,7.3403,45.033
775.11,319.27,980.72,44.172,19.728,62.89
269.19,-1222.3,253.7,191.98,-38.045,41.666
76.858,984.31,472.94,618.66,295.96,45.286
984.79,-747.67,-370.78,51.286,9.3098,42.633
829.26,720.47,-677.04,54.123,-21.907,47.977
139.46,1087.6,-569.06,335.56,-172.97,46.013
81.735,409.11,-1038.7,239.45,-590.28,110.02
252.3,-1245.7,100.82,208.35,-16.215,40.963
284.01,1036.9,-692.01,156.09,-97.04,48.573
349.47,935.01,-806.25,117.34,-88.929,52.509
293.69,838.85,920.33,124.66,122.09,58.816
239.21,-1250.2,15.123,220.43,-2.5747,40.838
315.39,-1076.8,618.31,146.41,-77.531,46.632
603.24,1139.1,9.9534,87.41,0.5971,40.836
145.73,-1230.3,-57.345,361.47,16.633,40.879
758.09,704.35,770.4,55.778,28.309,50.923
1110.7,420.83,-506.1,43.671,-6.6008,44.391
824.17,-420.83,-899.29,45.862,20.308,56.968
791.18,-1017.9,50.685,66.597,-2.0693,40.867
220.98,232.42,1228.6,59.81,168.78,162.92
526.76,864.6,796.33,78.658,52.921,51.969
1062.3,726.2,103.92,49.476,2.257,40.968
402.82,1179.3,314.62,126.92,30.354,42.118
780.52,-751.73,-700.22,56.732,25.466,48.628
1237.1,-239.78,281.97,41.596,-1.773,41.846
378.86,-651.39,1040.2,81.577,-97.625,69.671
226.03,-632.73,1078.6,123.19,-186.92,77.333
513.81,1180.3,-39.067,102.58,-2.8573,40.854
541.21,-93.179,-1165.4,41.439,15.003,96.011
348.88,1191.6,-323.75,146.25,-36.638,42.202
243.26,-677.26,1050.9,122.34,-168.68,72.353
695.17,775.61,-760.65,61.241,-33.356,50.579
181.12,-1037.4,-689.54,243.52,157.32,48.821
368.72,1229.9,9.2784,143.01,0.99088,40.836
553.48,-678.71,-945.04,64.72,54.241,60.112
807.68,-828.26,571.44,58.528,-20.724,45.551
949.45,-219.82,846.35,41.917,-8.2252,54.104
459.85,1141.5,376.12,109.66,31.12,42.702
210.23,-1191.1,378.61,239.36,-73.871,42.791
601.44,-815.14,-797.05,68.882,43.682,51.976
43.581,370.59,-256.79,994.81,-688.15,49.667
1013.8,-536.65,592.12,46.211,-11.173,45.96
135.33,-1025.3,-669.18,327.06,210.13,48.649
1156,393.41,419.62,43.138,4.7815,43.182
655.07,285.59,1073.3,44.561,26.835,73.767
274.45,-420.49,-1174.8,75.301,148.51,104.19
56.971,895.88,-81.381,921.79,-83.57,41.003
836.35,-974.31,128.13,62.737,-4.7551,41.038
581.58,-1085.3,380.71,86.618,-23.633,42.745
194.19,-1043.5,-684.67,228.14,144.89,48.604
584.57,-1023,522.28,82.458,-31.774,44.671
1287.7,87.737,-40.738,40.93,-0.087908,40.855
1128.9,-84.796,-620.87,40.95,1.6845,46.581
1199.1,129.33,-461.25,41.072,-1.6865,43.723
114.75,626.11,-1026.1,241.9,-385.12,77.577
109.35,-502.67,1082.6,206.43,-427.19,95.39
1246.4,80.617,327.53,40.92,0.69332,42.217
1217.9,61.949,-424.56,40.888,-0.724,43.242
675.69,-1097.3,50.158,77.981,-2.5872,40.866
160.21,-915.24,835.16,244.68,-217.06,54.93
263.15,-1115.3,561.97,179.89,-85.968,45.487
139.82,1070.9,600.55,329.54,181.97,46.732
805.31,611.16,-801.78,51.287,-24.63,52.135
887.02,-730.2,587.91,52.914,-17.231,45.877
652.28,-1108.1,-96.713,80.613,5.2306,40.95
890.44,875.03,327.25,57.282,10.535,42.216
925.51,566.55,-698.84,47.891,-16.125,48.58
751.49,-831.69,-638.59,60.959,25.802,47.005
747.69,1050.5,-39.683,70.492,-1.7692,40.854
40.931,-87.962,-9.1111,1281.4,132.6,41.053
1193.7,487.49,-68.332,44.113,-0.88473,40.892
145.2,-1206.8,-244.71,356,71.24,41.655
1145.1,-589.67,-90.359,45.938,1.477,40.936
767.89,-838.62,-609.52,60.514,23.955,46.338
431.84,1194.7,201.31,120.6,17.992,41.345
628.88,1125.3,18.848,83.841,1.0712,40.839
356.74,-883.43,860.01,109.68,-91.97,55.034
870.04,909.63,-284.77,59.112,-9.6745,41.868
854.46,960.75,-110.46,61.486,-3.951,40.986
247.03,1073,-641.24,184.43,-104.81,47.263
46.172,-595.02,93.136,1128.3,-176.38,41.332
1181.9,-505.08,-122.93,44.411,1.6708,41.022
924.25,-830.98,348.07,54.937,-10.297,42.408
41.12,151.49,-8.2547,1280.5,-69.703,40.896
1031.4,-683.77,-367.71,49.005,8.0549,42.602
1011.8,-521.48,-608.93,45.948,11.275,46.318
653.48,1110.4,50.361,80.63,2.7189,40.866
1126.8,630.35,-7.3935,46.798,-0.13097,40.836
1156,-558.63,-136.72,45.358,2.1038,41.066
125.85,1108.8,-498.39,382.52,-169.98,44.728
755.67,-1023.7,212.88,68.823,-9.2735,41.403
215.25,-1139.5,-514.26,223.92,97.696,44.675
64.415,770.37,-633.58,632.79,-518.26,52.827
581.9,1028,515.35,83.051,31.569,44.556
889.12,-923.5,-149.25,58.909,4.9459,41.111
46.194,-552.3,242.74,1045.2,-458.66,44.6
924.37,486.89,-757.89,46.163,-15.63,50.461
339.31,1227.6,-151.31,154.32,-17.689,41.122
395.79,927.91,-796.09,104.55,-76.017,52.035
955.66,247.32,831.67,42.183,8.9192,53.415
41.853,-113.51,259.17,506.84,-1149.7,101.51
296.42,676.01,1045.3,102.51,133.36,70.865
554.62,-1073.2,-448.05,89.137,29.403,43.556
444.74,1151.2,-363.5,113.73,-31.282,42.571
57.628,-48.277,908.98,63.388,-698.18,589.47
47.059,0.42364,-641.36,40.842,-20.28,1120.4
251.26,1101.3,-590.81,185.94,-94.939,46.089
302.48,1013.3,-721.43,143.97,-94.256,49.444
818.86,-863.84,498.27,59.396,-18.066,44.273
755.47,-1045.3,30.528,69.779,-1.34,40.846
1261,169.36,-220.59,41.202,-0.95187,41.445
899,-632.94,-675.95,49.958,17.706,47.944
403.04,-1106.8,514.31,119.89,-49.246,44.562
751.82,414.44,-962.94,46.644,-25.315,61.402
467.14,1097.6,-483.1,104.62,-39.029,44.06
327.65,1189.7,-347.2,154.92,-42.069,42.422
1238.5,365.17,-9.0897,42.575,-0.084846,40.836
628.21,-687.35,-891.64,60.599,42.914,56.563
232.96,1248,-79.198,225.91,-13.869,40.915
881.14,409.34,849.48,45.035,16.619,54.263
393.32,352.82,-1171.3,54.99,-81.888,99.555
1163.4,454.28,327.58,43.842,4.1872,42.218
1029.3,763.82,153.81,50.864,3.6411,41.128
439.71,801.29,905.2,85.166,74.092,57.5
184.32,1187.3,379.07,272.81,85.15,42.821
1134.7,-240.89,-566.95,41.746,4.2425,45.457
1226.6,-52.776,399.91,40.873,-0.57291,42.949
790.53,-69.566,1017.3,40.993,-4.6188,66.446
125.49,-799.82,-914.96,278.25,311.45,61.666
937.12,-484.16,743.9,45.972,-14.904,49.981
806.24,-773.01,-646.01,56.607,22.689,47.181
504.4,-1184.8,-5.4226,104.54,0.40546,40.835
1030.6,-192.78,753.21,41.544,-5.4964,50.294
1099.6,592.13,-327.29,46.387,-5.7696,42.215
772.48,-56.02,1031.8,40.943,-3.9563,68.083
847.21,-879.24,-417.69,58.887,14.522,43.161
549.72,1093.5,402.44,91.12,26.799,42.988
277.17,1183,395.75,180.89,57.427,42.949
396.98,-1058,-611.98,116.78,59.291,46.445
578.53,-455.09,1057.9,52.005,-46.352,71.57
57.96,773.41,-489.84,768.9,-485.61,48.317
228.48,764.22,-989.79,144.7,-172.49,65.13
504.34,1166.4,208.38,103.18,15.545,41.381
888.32,-117.5,928.83,41.191,-5.6107,58.846
48.495,693.37,-61.008,1083.2,-95.171,40.993
971.5,-802.6,279.73,52.987,-7.4992,41.83
1053.6,-634.43,392.55,47.676,-7.8586,42.867
367.44,1219.6,-161.84,142.36,-17.338,41.164
606.62,-1137.2,-17.258,86.918,1.0279,40.839
882.6,-298.6,893,43.114,-13.268,56.588
109.85,994.82,-661.06,400.45,-263.33,48.95
415.26,-1188.9,259.14,124.37,-24.188,41.692
600.07,547.89,-1000.6,55.354,-46.076,64.826
420.52,-1157.3,370.44,120.07,-33.988,42.645
656.65,-1044.6,374.57,76.836,-19.77,42.677
1208.2,99.567,444.55,40.974,1.2354,43.497
625.42,-834.82,757.62,68.2,-39.705,50.483
381.01,-1196.9,268.64,135.34,-27.609,41.759
159.58,1237.9,46.315,330.21,12.166,40.863
271.53,28.661,-1247.8,41.067,-20.151,193.1
172.45,908.82,848.52,225.24,203.38,55.437
813.92,-947.31,324.21,62.706,-12.36,42.19
819.8,-996.21,23.01,64.312,-0.88654,40.842
565.37,-1112.8,320.29,90.338,-20.689,42.159
593.08,1090.4,347.25,85.62,21.065,42.405
1064.6,-213.49,698.37,41.649,-5.2745,48.562
414.12,1134.5,-440.88,119.6,-41.062,43.474
953.93,-666.26,558.77,49.824,-13.717,45.305
52.634,760.53,-290.33,936.08,-356.67,43.704
200.41,675.85,-1050.2,146.47,-209.91,73.356
401.68,585.94,1071.1,72.476,90.429,73.964
314.23,-1131.1,512.77,153.76,-64.793,44.565
600.28,-1138.7,66.807,87.725,-4.0316,40.89
620.97,492.02,1017,52.143,41.677,66.501
1280.9,-82.724,141.55,40.92,-0.29115,41.083
649.7,-904.17,-650.35,70.07,33.283,47.299
759.5,1038.8,91.939,69.252,3.9981,40.939
408.16,752,-959.36,85.936,-84.878,61.389
238.99,-667.27,-1057.4,122.71,172.92,73.425
736.35,-617.92,860.24,53.342,-30.741,54.821
1017.8,127.64,-783.76,41.155,-3.9189,51.405
251.38,712.63,-1026.7,124.22,-159.63,68.955
154.17,990.27,-740.12,275.05,-201.04,50.778
570.34,-1136,-211.98,91.195,13.605,41.4
1070,-534.92,-485.53,45.66,8.2967,44.074
205.22,-933.88,830,193.97,-164.75,54.095
311.17,497.51,-1138.5,77.491,-128.08,89.301
1144.8,478.8,356.85,44.267,4.9176,42.492
211.84,-1227.1,-238.04,244.49,46.106,41.575
410.96,1127.1,-461.97,119.73,-43.366,43.761
341.21,-1226.8,-154.62,153.41,17.966,41.135
479.37,-1090.3,-488.39,101.77,38.246,44.139
853.59,100.88,962.58,41.12,5.4167,61.348
1082.8,-212.55,670.16,41.615,-4.8749,47.785
214.77,-992.65,759.88,196.53,-143.95,51.014
734.23,958,455.13,67.194,20.133,43.645
78.994,894.1,646.46,541.47,389.27,50.341
76.139,928.88,-566.49,591.66,-359.11,47.799
81.688,-623.34,925.88,362.09,-530.99,72.799
205.36,1139.7,511.91,234.83,102.28,44.651
1046.7,654.25,378.06,48.166,7.8275,42.709
805.93,212.34,-985.02,42.232,-12.747,63.264
40.843,24.668,6.0398,1254.1,306.73,42.04
787.53,547.86,-862.75,49.766,-25.605,54.941
623.03,-70.99,1126.4,41.1,-8.3938,84.089
40.951,-2.7462,97.113,54.69,-855.78,961.44
467.59,-31.921,-1198.7,40.931,7.1842,112.51
101.43,737.59,919.01,326.96,401.02,64.929
641.28,-1117.2,55.177,82.153,-3.055,40.873
287.56,1198.4,-341.49,176.71,-47.665,42.375
144.85,987.97,-734.56,293.15,-213.73,50.709
643.04,-1090.3,245.51,80.501,-13.463,41.597
103.48,-477.24,1082.2,208.98,-455.78,99.569
629.6,1121.5,-88.922,83.554,-5.0423,40.933
83.21,-1113.4,144.53,628.46,-81.231,41.176
652.35,1109.6,-77.077,80.688,-4.1695,40.908
391.17,-1160.4,-389.26,128.46,38.739,42.851
1120,497.59,406.18,44.689,6.0202,43.022
393.1,1184.2,-306.93,130.25,-30.44,42.054
862.32,37.622,-959.38,40.874,-1.9847,61.092
113.42,-999.59,-664.06,387.92,254.85,48.942
1152,82.561,577.17,40.94,1.4643,45.656
94.876,-1079.6,430.95,516.4,-204.85,43.949
142.08,32.999,-1228.9,42.018,-86.899,360.68
396.49,1172.3,346.32,128.07,33.986,42.405
1170.9,-542.64,41.142,45.012,-0.60399,40.856
234.12,1194.7,-369.15,215.53,-64.205,42.673
337.95,224.75,-1216.6,49.152,-82.424,129.63
292.18,-1244.7,-43.842,180.37,6.0275,40.859
1008.4,-612.3,524.03,47.784,-11.029,44.687
244.28,-1212.8,303.52,209.64,-50.476,42.047
1077.3,-505.8,500.28,45.117,-8.0693,44.3
701.27,-1082.5,1.7658,75.193,-0.086485,40.835
476.07,-1155.7,307.58,107.55,-24.497,42.054
1048.1,-659.73,-364.53,48.262,7.5757,42.569
637.94,930.92,-623.51,72.339,-33.012,46.66
985.55,775.82,-305.12,51.986,-7.8305,42.027
155.66,-242.39,1213,77.523,-280.32,178.44
604.1,637.1,-943.78,59.419,-46.45,59.988
909.69,-903.7,146.97,57.589,-4.6566,41.103
464.43,1195.4,-107.62,113.14,-8.8588,40.979
43.087,-6.6364,411.76,45.343,-531.62,1102.1
973.55,767,-360.77,52.003,-9.378,42.532
41.847,-0.81471,-282.14,40.997,111.72,1255.1
40.84,0.019584,20.378,40.854,39.176,1290.6
398.7,-27.924,1221.4,40.936,-8.833,131.93
128.72,890.31,831.95,300.6,275.71,55.648
196.39,769.11,-983.35,168.51,-202.8,65.064
388.86,1216,-144.38,134.75,-14.529,41.096
238.87,-1120.4,555.07,198.63,-94.25,45.382
444.24,1146.4,-378.75,113.43,-32.619,42.731
48.173,604.02,322.21,965.99,514.38,46.273
875.24,-511.25,798.82,47.304,-18.834,52.008
1246.5,-289.45,172.54,41.923,-1.2798,41.205
135.24,-415.42,1151.6,137.77,-348.36,115.57
499.37,1154.9,273.75,103.18,20.627,41.791
948.54,-772.4,411.99,52.681,-11.216,43.091
1268.7,-197.07,-137.48,41.325,0.67983,41.069
109.71,-798.67,887.83,322.87,-353.17,60.787
1121.1,-629.08,119.84,46.832,-2.1386,41.012
267.08,1101.4,-588.08,175.22,-88.478,46.012
1103.9,145.99,-653.43,41.191,-3.1733,47.355
1260.5,4.7528,-280.18,40.835,-0.034259,41.833
50.903,290.37,-713.56,392.28,-953.55,107.83
821.29,94.471,990.75,41.105,5.643,63.783
380.24,-1226.8,-14.665,138.67,1.5138,40.838
55.152,-32.319,-866.57,54.175,627.29,720.67
1142.9,-588.41,121.1,45.936,-1.9829,41.016
1103.7,-534.72,403.52,45.381,-6.5176,42.991
250.77,-1168.7,442.97,197.16,-71.523,43.552
41.307,1.3277,194.6,41.753,266.01,1248.5
740.22,-1048,-134.03,70.851,6.0518,41.057
948.22,78.15,-872.26,40.974,-3.0912,55.422
59.738,22.91,-941.23,46.129,-410.01,781.4
954.72,280.39,-822.2,42.563,-9.9269,52.99
569.63,1124.7,266.84,90.562,17.118,41.741
293.54,-1153.7,468.65,167.14,-63.841,43.889
944.28,866.09,155.78,55.434,4.56,41.136
329.92,-358.37,-1185.9,60.544,109.21,107.8
452.03,30.416,-1204.3,40.928,-7.3635,116.39
492.45,-1177.2,171.29,106.13,-13.155,41.202
375.35,-1190.7,301.09,136.56,-31.444,42.007
61.32,-884.9,-378.01,790.96,336.98,44.396
1228.6,-182.68,353.01,41.284,-1.7276,42.454
635.69,970.92,-561.7,74.656,-30.269,45.372
1077.2,580.84,411.08,46.4,7.4052,43.08
1203.7,-411.49,-221.56,43.158,2.4341,41.45
1282.5,-52.319,141.21,40.869,-0.18346,41.082
1048.3,752.34,-42.223,50.277,-0.96026,40.857
68.963,-285.5,999.12,213.72,-720.62,146.09
364.82,993.34,726.96,119.11,76.922,49.554
92.274,-908.21,713.61,450.05,-350.71,51.851
49.644,16.727,-733.6,47.465,-540.9,913.83
101.07,785.72,-877.15,349.45,-384.78,60.97
490.57,1167.3,-233.36,105.71,-17.979,41.524
1185.9,0.86134,510.69,40.835,0.012787,44.465
448.26,-1092.7,510.26,107.98,-43.21,44.487
842.58,846.01,489.47,57.901,16.838,44.137
264.27,-218.09,1229.6,53.206,-123.28,153.14
356.78,1045.9,652.74,127.23,71.224,47.435
582.29,-1085.7,-378.43,86.561,23.458,42.72
283.85,-696.78,-1033.7,109.22,139.38,69.459
759.1,-1025.7,-190.07,68.706,8.2345,41.286
60.924,870.89,-397.34,787.62,-358.38,44.874
76.633,993.16,451.05,626.74,283.43,44.833
143,-1194.8,291.99,358.33,-86.434,42.021
73.025,955.06,479.87,645.49,323.03,45.681
148.09,-416.48,-1160.6,126.26,315.04,115.16
421.86,117.42,1209,42.402,31.667,120.38
674.16,908.42,619.14,68.603,30.191,46.558
512.05,1145.1,291.85,100.3,21.327,41.927
233.1,-1237.6,-178.7,223.97,31.264,41.245
582.45,-1057.4,-451.36,84.794,27.802,43.599
1044.1,-754.59,84.164,50.397,-1.9306,40.922
1209.6,398.54,212.67,42.997,2.2491,41.401
963.38,-826.15,-235.7,53.814,6.513,41.534
966.6,-851.53,82.338,54.442,-2.3026,40.918
753.86,-601.1,857.12,52.257,-29.014,54.659
43.962,-404.92,-254.04,1016.3,636.58,48.195
177.97,92.802,1241.4,46.326,138.2,261.17
158.65,545.31,-1111.8,150.89,-285.11,89.954
817.64,997.48,38.954,64.462,1.5072,40.854
1286.7,-106.26,-22.463,40.974,0.058731,40.841
488.69,289.46,1155.4,47.504,49.503,92.755
1124.6,632.85,42.386,46.864,0.75569,40.857
820.99,276.16,-956.43,43.089,-15.203,60.869
219.02,1225.6,-247.27,236.15,-46.22,41.633
46.698,-624.23,-47.154,1126,84.946,40.951
732.93,-1057.4,-92.858,71.759,4.2608,40.941
1019.2,-760.83,-221.25,50.974,5.3101,41.449
560.66,1128.8,267.77,91.996,17.523,41.747
634.98,1088.4,-272.72,81.162,-15.188,41.781
385.95,1146.8,431.6,128.68,43.549,43.358
824.49,-99.85,987.58,41.134,-5.8949,63.491
1278.3,-6.8696,182.84,40.836,-0.031421,41.251
457.4,-1065.5,558.05,103.87,-45.992,45.324
969.61,-832.76,-180.48,53.849,4.9593,41.241
49.458,410.22,601.41,601.73,878.12,72.354
1028.8,-734.73,261.31,50.193,-6.0359,41.699
140.7,1129.9,481.92,345.11,145.14,44.346
811.69,975.71,232.61,63.899,9.0125,41.516
58.574,-211,900.44,209.2,-858.75,175.72
590.86,-1123.1,-225.13,87.872,13.81,41.473
261.33,-803.64,956.2,133.53,-144.02,61.704
1256,-173.65,-244.47,41.224,1.0897,41.588
445.13,-1117.2,456.94,110.73,-39.128,43.686
51.113,21.372,775.76,49.734,588.2,847.06
931.11,-86.431,889.67,41.011,-3.6133,56.389
610.22,-369.78,-1073.6,47.776,37.378,73.859
555.63,-573.24,-1011.3,58.754,53.585,65.959
214.74,-1231,217.84,241.91,-41.59,41.452
831.66,894.53,-416.3,60.011,-14.996,43.144
1190,71.454,496.01,40.909,1.0214,44.232
231.33,-1174.1,-430.34,214.48,75.765,43.398
484.63,-485.36,-1089.4,57.896,65.306,76.742
930.06,-843.03,-300.4,55.138,8.8712,41.989
412.11,1120.1,-477.93,118.78,-44.69,43.991
1071,-720.76,13.403,49.232,-0.28567,40.837
55.992,23.322,-882.37,47.807,-489.08,804.42
245.27,-754.61,-996.67,133.8,160.26,65.616
974.71,691.56,-487.79,50.084,-11.842,44.109
199.38,-1226.6,234.22,259.9,-48.402,41.555
1185.2,-442.41,258.22,43.59,-3.1146,41.678
84.207,1103.1,230.26,613.05,127.39,41.711
863.13,-46.755,958.25,40.895,-2.4577,61.003
634.59,-1122.3,6.505,83.094,-0.36531,40.836
726.84,1.641,-1065.6,40.835,-0.1356,72.548
107.97,-1190.6,38.543,488.12,-15.691,40.856
771.48,-637.39,-814.28,52.999,27.513,52.663
322.78,1231.9,143.83,162.33,17.753,41.095
787.04,-810.4,-623.3,58.653,23.246,46.645
819.7,292.9,952.54,43.37,16.005,60.57
1236.1,272.8,254.68,41.819,1.815,41.654
1054.1,-737.75,106.25,49.855,-2.3631,40.974
247.37,-1056.4,-668.32,181.46,108.99,47.97
578.35,-908,708.44,76.146,-42.325,48.894
1099.3,252,628.36,41.896,5.2221,46.752
565.48,65.328,1156,41.108,9.6307,92.631
45.588,-7.9732,-573.69,43.881,423.14,1076.4
1193.2,-186.72,-456.71,41.333,2.4193,43.66
703.03,-1008.9,389.1,71.507,-18.584,42.833
499.33,-1122.5,385.67,100.75,-28.93,42.802
223.7,-1242.9,136.79,234.35,-25.008,41.074
189.82,588.65,-1099.8,135.95,-231.07,83.443
338.5,-1221.8,-193.8,153.99,22.708,41.31
321.8,-1064.7,636.5,142.2,-77.999,47.056
1240.6,103.04,-342.92,40.976,-0.93524,42.358
185.02,947.3,810.15,218.21,180.08,53.333
80.789,793.42,779.17,466.57,454.68,57.126
242.25,985.28,-769.62,173.37,-127.91,51.269
1064.9,405.33,606.89,43.697,8.2895,46.272
1234.6,-315.15,209.21,42.146,-1.7132,41.382
1141.2,156.68,583.22,41.219,2.8423,45.777
898.06,-873.22,310.94,56.985,-9.8717,42.076
469.24,-1198.5,-5.1915,112.37,0.4225,40.835
1130.4,-288,-553.36,42.141,4.9414,45.202
290.53,-1224.3,-230.22,178.53,31.817,41.514
94.568,-142.27,-1152.9,79.412,473.35,286.72
1056.5,-654.1,-350.14,48.038,7.133,42.427
206.23,-718.36,1022.4,150.75,-198.81,69.261
1153.3,75.948,-575.47,40.924,-1.3405,45.622
1043.1,-749.3,-130.63,50.291,2.9871,41.046
524.87,-1152.7,234.28,98.787,-16.647,41.528
66.243,-992.03,-216.78,777.72,169.48,41.796
200.08,-1117.9,556.85,236.61,-114.35,45.486
175.76,1232.8,168.91,297.3,39.966,41.209
363.24,-1004.6,-711.98,120.77,75.805,49.085
760.69,-892.46,537.8,63.003,-22.017,44.929
328.66,-903.79,847.69,120.31,-99.844,54.456
907.75,-891.51,216.8,57.264,-6.8442,41.424
674.42,-1062.5,281.71,76.297,-14.435,41.847
1185.3,1.2582,512.15,40.835,0.018753,44.488
1101.6,-554.51,-381.98,45.723,6.3746,42.751
287.79,1241.1,-111.2,182.53,-15.535,40.99
323.74,1178.4,-386.29,155.3,-47.389,42.829
1277.1,172.98,81.271,41.208,0.34915,40.916
1010.3,-798.42,91.26,52.064,-2.2902,40.938
902.25,-429.42,816.88,45.233,-15.918,52.762
475.4,1193.7,77.081,110.72,6.1771,40.909
191.82,1087.7,-611.32,240.47,-131.26,46.68
1155.3,-559.86,-137.94,45.383,2.1287,41.07
1048.3,-573.5,488.7,46.555,-9.1491,44.122
840.53,140.92,-968.96,41.406,-7.8022,61.87
109.81,1192.6,-64.924,479.5,-25.914,40.895
940.79,-326.95,821,43.235,-11.719,52.938
444.56,-807.12,-897.79,84.915,72.612,57.04
42.932,-377.98,126.09,1165.2,-388.21,43.044
495.2,644.84,-998.39,67.189,-65.602,64.717
682.37,703.84,-837.96,58.72,-36.1,53.74
578.94,235.63,1127,44.103,30.106,84.332
40.835,0.002404,4.5434,40.841,21.582,1291.1
79.671,-512.37,980.94,308.55,-580.39,87.593
260.48,-702.08,-1033.2,118.69,153.98,69.649
293.85,-363.62,1191,65.354,-130.48,112.13
1239.7,-348.31,95.348,42.418,-0.85036,40.947
851.89,-904.2,-349.35,59.585,12.209,42.421
884.98,-939.33,-9.2796,59.583,0.31214,40.836
941.47,-112.78,875.75,41.128,-4.5262,55.611
700.08,-957.08,507.33,69.243,-23.939,44.419
479.05,-1135.4,372.08,105.37,-29.345,42.658
1167.8,-447.88,320.74,43.739,-4.021,42.158
1257.9,-291.5,-9.2475,41.918,0.067838,40.836
41.323,-0.31564,-197.85,40.886,63.472,1274.5
684.54,-1087.4,110.46,76.748,-5.589,40.986
237.85,1244.2,-123.8,220.64,-21.202,41.03
43.865,-449.36,142.31,1146.1,-362.5,42.831
1027.2,-705.59,337.09,49.554,-7.5979,42.304
41.19,-0.07942,-168.99,40.839,18.84,1280.1
787.44,784.7,654.87,57.688,24.02,47.402
114.87,-1.1843,-1202.2,40.838,5.0436,459.04
991.29,596.15,572.97,47.661,12.182,45.576
331.71,-1041.7,-669.85,135.52,79.232,47.9
1102.9,657.88,132.71,47.556,2.5201,41.053
259.46,-1155.1,475.64,188.57,-74.004,44.011
52.446,303.88,-750.46,379.26,-925.74,108.26
673.3,1095.8,93.907,78.109,4.864,40.944
489.9,1166.1,240.21,105.74,18.534,41.566
460.41,1076.9,-533.18,104.23,-43.681,44.872
61.975,-907.28,343.85,795.75,-300.79,43.662
364.12,1129.1,-490.6,133.82,-52.728,44.193
61.424,953.59,138.17,849.62,122.82,41.26
192.76,-128.4,-1241.2,49.417,151.53,226.05
991.26,97.404,821.13,41.032,3.3136,52.941
85.144,-1124.3,-119.38,615.87,65.103,41.064
1267,-188.75,-162.5,41.286,0.77242,41.163
58.656,851.31,364.44,826.6,353,44.411
172.92,1181.7,387.15,290.07,93.151,42.929
950.84,-624.59,-609.83,48.871,14.402,46.339
593.13,-617.78,963.23,59.035,-48.006,61.496
203.26,1249.2,-8.6278,259.42,-1.7474,40.836
1037.7,-495.36,-586.81,45.255,9.9615,45.851
661.01,1098.1,-141.78,79.289,-7.5223,41.084
41.118,0.06003,151.09,40.838,15.985,1282.3
345.12,-1121.5,518.61,139.74,-59.1,44.65
603.11,-1036.2,473.45,81.314,-27.784,43.907
591.17,-744.5,870.31,65.764,-47.236,55.386
840.35,931.19,-303.19,60.99,-10.956,42.012
414.08,580.84,1069.6,70.574,86.453,73.683
1134.8,-611.12,75.897,46.387,-1.2964,40.906
289.64,-609.9,1086.3,95.974,-140,77.461
372.95,-1017.2,689.43,119.26,-71.352,48.411
653.05,1036.9,401.22,76.733,21.282,42.97
286.45,1224.5,232.14,181.02,32.573,41.526
1254.3,-305.03,-31.47,42.026,0.24233,40.847
1172.9,-265.93,469.71,41.873,-3.6199,43.842
60.375,946.69,-80.564,870.25,-73.895,40.982
796.52,770.72,-660.55,56.858,-23.595,47.545
322.37,324.04,-1197.3,58.135,-108.82,114.89
41.208,-0.506,173.18,41.006,-116.55,1274.3
555.4,-1147.4,-187.21,93.933,12.429,41.273
447.86,301.13,-1167.9,49.271,-59.838,97.58
838.07,-402.01,895.12,45.3,-18.904,56.718
361.8,-1230.4,56.774,145.6,-6.1902,40.875
632.91,-636.59,925.42,57.978,-42.474,58.68
919.31,-781.9,457.58,53.63,-13.189,43.675
1255.9,-173.73,-244.69,41.224,1.0913,41.589
939.2,833.82,297.76,54.629,8.6078,41.968
202.31,-1223.3,252.75,255.39,-51.418,41.676
1121.2,623.25,-146.32,46.727,-2.5921,41.1
127.82,925.77,790.95,314.77,264.4,53.518
1166.8,-353.04,-425.39,42.665,4.3162,43.252
915.25,908.39,-54.651,57.562,-1.7202,40.872
63.767,450.38,-882.29,377.73,-731.31,89.397
77.888,-187.03,1081.6,122.18,-627.6,226.28
300.06,-371.28,1187.6,65.336,-127.35,109.84
1214,-313.98,-308.18,42.18,2.5985,42.052
42.596,367.08,10.987,1237.4,36.995,40.853
927.09,-864.54,-242.88,55.861,7.3071,41.579
543.59,-1162.4,-114.66,96.619,7.8281,40.998
1030.6,-511.06,585.81,45.587,-10.326,45.831
75.19,-1078.5,-92.252,698.76,59.566,40.984
1282.9,-116.66,-90.082,41.004,0.25994,40.935
511.76,978.79,-662.28,88.354,-47.013,47.622
957.67,859.37,102.46,54.888,2.922,40.964
380.21,-1226.8,-14.568,138.68,1.504,40.838
400.61,447.19,-1136.4,61.376,-86.929,87.573
1181.1,515.08,-83.412,44.554,-1.1541,40.921
986.43,471.75,686.09,45.272,12.273,48.218
334.57,1235.7,73.502,157.35,8.7289,40.902
174.3,1242,67.806,302.09,16.191,40.895
678.29,-1013.5,419.36,73.512,-21.031,43.184
163.33,865.73,-888.12,227.25,-225.6,58.015
45.062,-545.69,-0.38769,1170.2,0.83037,40.835
54.951,-0.95875,-863.32,40.849,24.989,959.27
42.236,3.4194,329.6,42.838,377.06,1190.1
270.32,-406.36,-1180.2,74.323,150.7,107.18
967.83,-479.19,707.02,45.574,-13.257,48.818
42.241,-13.282,329.91,64.703,-967.03,787.85
942.42,639.27,-607.64,49.358,-14.804,46.291
1136.6,609.23,-62.423,46.338,-1.0607,40.883
907.14,771.9,-497.06,53.641,-14.524,44.252
58.713,690.66,-618.13,669.79,-597.23,54.756
890.24,-721.96,593.21,52.597,-17.168,45.986
726.18,-1062.2,91.254,72.432,-4.245,40.938
43.463,17.866,441.6,63.799,930.87,776.55
196.32,1229.4,217.15,264.6,45.626,41.452
826.56,-678.37,-722.3,52.853,22.683,49.29
900.26,911.36,-157.17,58.137,-5.0798,41.142
246.32,-1238.9,-166.39,212.24,27.449,41.188
187.27,1246.9,-7.6524,281.57,-1.6917,40.836
1065.6,-660.71,-307.84,48.058,6.2248,42.049
574.47,662.33,-944.48,62.412,-50.9,60.056
418.26,-174.72,1203.2,44.286,-45.685,116.25
45.174,24.158,551.36,65.384,910.2,729.01
1006.6,-789.84,171.2,51.921,-4.2928,41.199
167.26,-1238.7,-86.116,314.51,21.496,40.932
1141,-577.32,178.78,45.771,-2.8922,41.233
894.94,920.17,-134.36,58.6,-4.4016,41.058
369.6,-578.6,1085.1,76.188,-101.83,76.468
884.89,-884.95,315.37,57.782,-10.308,42.113
267.92,1222.8,-251.89,192.94,-37.965,41.654
372.66,294.54,-1193.1,52.171,-81.863,110.75
42.897,-393.8,34.459,1224.6,-107.04,40.991
571.09,-1151.2,95.548,92.079,-6.1391,40.948
392.91,-1120,-492.41,123.95,48.583,44.214
449.99,-1014.3,651.21,101.05,-54.279,47.356
1103.3,561.07,-367.29,45.819,-6.1701,42.597
1146.9,64.085,-589.58,40.899,-1.1726,45.906
610.24,793.21,-812.48,67.064,-43.225,52.615
654.26,481.92,-1001.2,50.752,-37.179,64.848
529.29,-1169.1,110.55,99.258,-7.7966,40.986
1089.7,293.38,-627.16,42.291,-6.1184,46.725
482.72,1068.9,530.8,99.51,41.095,44.827
78.904,999.84,465.45,606.1,280.87,45.025
167.27,638.92,-1064.7,165.94,-259.78,77.574
249.5,-1129.4,535.49,191.77,-86.804,45.004
866.66,52.773,-954.77,40.911,-2.7403,60.731
787.48,976.4,302,65.099,12.213,42.003
657.22,-1082.8,241.59,78.811,-12.863,41.572
346.57,210.92,-1217.1,47.894,-75.462,129.72
1226.6,317.92,-248.57,42.186,-2.0786,41.614
1112.9,-526.56,388.8,45.181,-6.109,42.825
129.41,-1205.5,-181.96,402.95,60.195,41.293
96.3,1052.9,-501.4,494.69,-233.97,45.2
487.88,-1136.8,356.58,103.85,-27.538,42.499
1157.8,570.97,-23.513,45.536,-0.36719,40.842
216.4,-1249.4,-43.231,243.53,8.1893,40.859
1092.2,-672.58,-146.61,47.965,2.8775,41.101
667.69,891.16,-650.34,68.185,-31.912,47.297
968.65,837.87,160.95,54.013,4.4451,41.157
784.65,-929.85,-429.36,63.369,17.11,43.306
833.53,-714.57,-678.07,53.814,21.661,48.005
1028.6,-618.95,474.82,47.668,-9.7326,43.917
1063.8,-113.67,-722.63,41.068,2.9517,49.289
594.26,-1125.2,-205.36,87.599,12.514,41.364
1282,36.208,150.21,40.851,0.1352,41.114
696.98,-741.22,792.62,59.665,-33.917,51.78
640.03,-1033,-430.88,77.647,23.43,43.329
1214.4,-81.677,-431.08,40.927,0.9738,43.323
448.99,-675.28,-998.89,73.966,76.063,64.838
679.67,-1021.4,397.44,73.803,-19.926,42.927
170.75,549.12,1114.9,141.28,262.89,89.262
411.36,183.1,-1204.2,44.734,-49.053,117.01
1287.7,-77.811,56.042,40.91,-0.10729,40.874
354.52,-1169.6,391.57,141.64,-43.476,42.882
530.9,1150.8,230.42,97.719,16.149,41.505
1243,-142.64,-319.17,41.103,1.1966,42.144
1245.2,-191.62,283.27,41.316,-1.4145,41.856
49.05,713.36,46.611,1072.8,69.993,40.922
115.28,1122.1,-433.12,426.97,-163.3,43.746
115.01,494.5,-1096,192.2,-406.77,97.412
41.157,161.14,1.6914,1281.1,13.434,40.837
1184.6,271.25,-436.33,41.893,-3.3613,43.39
407.94,-1126.2,-466.67,120.43,44.168,43.828
556.05,-1071.5,-450.35,88.845,29.452,43.587
753.19,845.92,-617.57,61.458,-25.059,46.518
613.26,374.49,-1070.3,47.876,-37.284,73.34
208.86,-1205.9,-328.08,243.85,64.482,42.278
40.993,0.13463,113.3,40.864,48.07,1285.4
124.86,-44.873,-1213.8,43.688,149.31,394.74
416.26,1109.9,497.88,116.79,45.981,44.294
250.73,-1233.4,-202.18,207.65,32.723,41.359
1042.7,732.52,206.94,49.917,4.6648,41.371
680.32,-1051.6,-307.36,75.273,15.526,42.048
42.866,-360.1,156.31,1128.5,-489.23,44.512
237.84,-1083.3,624.41,193.16,-106.36,46.869
111.19,-599.4,-1035.7,240.17,402.99,80.633
609.06,-72.755,-1133.8,41.127,9.0567,85.964
1184.2,-160.58,-489.04,41.209,2.2688,44.126
1105.5,357.26,563.14,42.917,6.4048,45.385
718.22,97.935,-1066.9,41.214,-8.2222,72.744
469.13,-1157.3,-311.62,109.05,25.247,42.089
506.27,1114.7,399.22,99.019,29.43,42.953
1022.1,-255.6,746.03,42.095,-7.2427,50.049
307.71,-1242.4,-39.599,171.28,5.149,40.855
504.61,-1002.1,-632.04,91.031,45.862,46.876
351.88,-1080.2,-596.74,132.65,66.336,46.132
42.479,-6.7912,-355.53,47.212,622.55,1073.7
711.81,1024.1,-328.92,71.629,-15.528,42.233
611.29,-318.54,1089.3,46.069,-33.761,76.462
1258.1,-121.68,264.09,41.026,-0.826,41.718
733.08,979.77,408.22,68.23,18.245,43.05
1273.9,180.23,-109.79,41.242,-0.49347,40.984
714.05,-1002.7,385.25,70.473,-17.985,42.79
755.98,319.39,995.38,44.34,20.981,64.238
219.57,-477.26,-1155.6,99.135,199.32,98.922
924.27,-861.21,-264.48,55.839,7.9776,41.721
362.15,-556.04,-1098.9,75.159,104.69,79.108
1053.8,260.47,-698.75,42.066,-6.5061,48.573
970.01,648.67,-551.85,49.138,-12.933,45.176
318.43,-1130.2,-512.94,151.73,63.879,44.566
58.473,-804.82,452.52,786.32,-440.93,46.832
748.37,-327.35,-998.49,44.582,21.895,64.54
412.3,-445.58,1133.3,60.286,-82.978,86.631
92.221,1103.6,340.3,546.53,167.59,42.722
948.58,-255.29,837.32,42.291,-9.3843,53.676
212.86,-1118.2,-558.76,222.35,107.36,45.496
704.79,-114.52,-1074.1,41.372,10.015,73.846
46.812,-29.843,-630.26,67.099,892.23,685.52
360.36,972.48,-756.43,118.19,-80.96,50.557
1062.3,-135.61,-720.98,41.167,3.5145,49.238
920.54,430.75,795.57,45.093,14.984,51.874
653.67,-1100.8,-153.75,80.093,8.2788,41.129
134.95,-1219.7,-102.87,389.37,32.479,40.978
634.82,-1013.5,481.74,77.042,-26.332,44.027
922.03,775.4,463.16,53.377,13.223,43.752
40.998,-1.2572,115.06,43.183,-418.11,1216.2
1276.6,-192.68,-24.412,41.298,0.11666,40.842
778.34,360.55,963.72,45.014,21.305,61.458
753.84,-786.08,-691.44,59.042,27.092,48.379
996.19,420.87,704.87,44.335,11.262,48.754
1287.5,-86.427,48.869,40.927,-0.10392,40.864
969.73,717.32,459.66,50.809,11.528,43.703
1178.3,37.795,-526.73,40.856,-0.58598,44.73
777.32,344.53,-970.38,44.677,-20.709,62.004
41.067,-5.6867,136.75,67.163,-1018.1,780.69
800,-1008.2,90.889,65.75,-3.6409,40.937
548.44,-1089.6,-414.74,91.024,27.675,43.133
1064.2,-570.01,457.58,46.332,-8.3015,43.673
755.09,990.44,336.4,67.416,14.497,42.3
42.501,285.87,215.1,991.71,744.95,51.088
1046.7,-601.29,457.63,47.102,-8.9046,43.674
780.82,-1023.8,-81.669,67.397,3.4026,40.917
167.21,-1130,-514.74,287.49,128.32,44.795
42.006,-4.9411,302.57,45.686,-562.54,1122
854.34,813.1,-523.77,56.403,-17.289,44.685
1267.8,-230.42,-83.227,41.505,0.47982,40.92
40.836,-0.0040073,-7.6695,40.841,21.311,1291.1
822.31,-902.44,417.68,60.669,-15.359,43.161
365.8,-1159.8,411.54,136.54,-44.114,43.112
160.8,560.54,-1105.2,152.74,-279.63,87.675
346.89,1196.6,306.42,147.61,34.906,42.053
672.1,-385.99,1030.7,47.112,-31.288,68.004
513.71,-1180.5,-33.561,102.61,2.4552,40.849
101.14,4.1495,1177.8,40.876,23.285,520.84
468.53,-1151.7,-332.63,108.72,26.97,42.273
912.58,-398.74,820.99,44.57,-14.736,52.94
47.407,-4.1749,655.5,41.444,-189.87,1096
860.88,-811.31,515.83,56.141,-16.81,44.553
986.18,724.31,-411.25,50.681,-10.095,43.082
50.041,374.96,644.73,530.94,907.52,81.045
496.44,-1125.5,380.36,101.47,-28.739,42.745
40.876,-0.0051913,57.535,40.835,-3.6735,1290
219.2,795.32,-964.73,156.23,-176.56,62.876
1084.8,-199.9,670.94,41.524,-4.5837,47.805
1081.9,396.28,582.52,43.492,7.5725,45.763
97.167,1157.6,158.54,537.7,73.213,41.214
1065.7,-553.21,474.25,46.016,-8.3832,43.908
112.14,1118.2,-430.36,439.08,-167.53,43.731
919.05,30.136,905.71,40.857,1.3215,57.345
41.041,-0.041056,-129.1,40.837,12.843,1284.8
346.57,355.05,-1183.2,58.671,-100.8,105.9
85.928,-908.25,-678.45,492.25,365.17,50.907
516.37,-1088,456.36,95.487,-32.725,43.671
377.89,-1215.3,-172.96,138.27,17.962,41.211
422.18,-1202.9,168.22,123.83,-15.433,41.189
695.05,-1043.7,301.75,73.759,-14.789,42.002
1013,-255.21,-758.36,42.113,7.4797,50.473
789.43,-49.158,1019.4,40.914,-3.2859,66.667
409.54,1058.2,604.18,113.63,56.5,46.27
1286.7,99.696,-43.417,40.958,-0.10654,40.858
45.969,-169.45,567.9,330.3,-1090.1,141.82
939.09,-445.38,-765.35,45.203,14.286,50.726
186.3,1237.8,-149,281.06,-33.118,41.124
64.959,977.1,226.45,790.85,182.8,41.914
818.95,689.26,-720.6,53.401,-23.183,49.237
1091,656.06,-214.64,47.658,-4.1449,41.412
1236,-314.35,202.18,42.136,-1.6482,41.346
408.51,-285.2,1185,49.885,-68.382,105.67
393.61,1118.1,496.1,123.57,48.84,44.271
41.158,-123.23,-104.12,979.01,825.71,53.439
1039.4,-432.49,631.8,44.234,-9.549,46.833
900.97,-654.11,652.79,50.48,-17.412,47.344
188.08,1111.9,-564.7,250.66,-123.92,45.675
195.86,943.26,-817.67,205.18,-170.82,53.581
135.72,-1169.7,-362.9,371.29,113.8,42.733
1103.9,592.34,-312.02,46.349,-5.4638,42.084
49.121,713.03,77.138,1067.3,115.29,41.073
1011.8,365.43,-713.58,43.421,-9.7983,49.013
910.53,553.93,-727.95,47.811,-16.997,49.463
786.77,1014.8,125.93,66.702,5.1751,41.031
1135.6,-394.77,470.66,43.235,-5.5638,43.856
557.99,-894.25,-741.09,77.288,46.171,49.93
503.75,1182.5,78.903,104.48,5.9067,40.912
1083.2,218.51,-667.66,41.659,-4.9841,47.719
309.22,1115.6,-547.61,154.13,-70.348,45.178
227.02,491.44,1149.9,98.705,191.42,96.093
198.69,1248.4,26.51,265.33,5.5009,40.844
134.37,-918.56,808.3,295.83,-255.36,54.167
1265.2,-114.64,231.19,41.002,-0.67401,41.506
94.312,1159.9,48.064,558.64,23.026,40.87
1254,-189.94,242.57,41.301,-1.1842,41.576
1220.8,142.17,-395.82,41.111,-1.5332,42.903
640.01,-1059.7,-360.39,79.104,19.734,42.532
786.28,-473.92,906.55,47.696,-24.361,57.416
450.61,-1199.8,113.82,116.56,-9.7009,40.996
913.02,847.09,-338.63,55.729,-10.317,42.319
45.765,-6.7044,-582.64,42.931,355.34,1096
666.37,-789.66,771.56,63.387,-36.231,50.978
660.75,-1035.3,-392.78,76.009,20.513,42.875
545.15,-1164.4,82.167,96.53,-5.5927,40.918
199.03,-1111.9,568.31,236.64,-117.35,45.718
788.7,-486.12,897.96,47.986,-24.451,56.895
144.96,-1021.1,687.94,302.53,-200.11,49.098
551.45,-1120.9,315.28,92.712,-21.018,42.117
992.3,-768.86,-300.89,51.675,7.5944,41.993
644.99,-452.63,-1020.6,49.92,37.242,66.876
1212.7,-366.07,250.23,42.657,-2.4376,41.625
911.98,799.91,440.76,54.341,13.034,43.45
57.346,-24.183,905.41,47.635,-472.82,788.26
242.12,-968.39,-790.78,170.66,131.38,52.113
715.85,-1069.8,-82.816,73.51,3.9346,40.92
665.83,620.82,-913.31,55.881,-38.309,57.872
658.53,-601.5,931.29,55.354,-39.063,59.071
141.03,1191,301.47,362.61,90.617,42.107
57.39,554.6,716.99,563.09,724.14,66.632
1220.9,399.03,-131.93,42.963,-1.3722,41.05
1109.5,553.15,360.62,45.635,5.9296,42.529
146.94,-947.18,-788.45,277.04,225.6,52.895
920.45,-904.72,11.636,57.286,-0.36241,40.837
615.83,-401.15,1059.1,48.766,-38.474,71.699
1262.8,168.26,210.84,41.196,0.9014,41.391
873.18,-728.97,609.65,53.219,-18.303,46.337
557.34,1009.8,574.39,84.68,36.967,45.624
1228.6,-75.618,390.2,40.912,-0.79765,42.84
179.8,-298.23,-1209.1,80.652,243.16,148.49
1097,446.06,514.37,44.086,7.2221,44.525
1216.5,-427.39,-69.398,43.285,0.77303,40.894
425.75,1210,91.563,123.54,8.327,40.939
821.69,-777.51,-620.77,56.252,21.244,46.586
283.69,1242.3,103.9,185.26,14.742,40.971
204.37,119.56,-1243.6,47.56,-130,221.53
657.83,1038.9,-388.32,76.434,-20.416,42.825
330.08,-1199.4,-310.24,155,37.311,42.087
536.18,1130.5,-306.4,95.521,-21.157,42.043
616.5,214.66,1111.6,43.25,24.312,80.757
683.82,-1060.9,264.6,75.47,-13.312,41.724
489.7,1158.4,275.57,105.18,21.251,41.805
397.62,-270.93,1191.7,49.497,-69.529,109.41
697.05,-903.67,-600.78,66.931,27.934,46.154
842.36,825.92,523.01,57.222,17.782,44.673
877.39,-727.18,605.77,53.06,-18.022,46.253
441.16,1155.6,353.3,114.93,30.7,42.47
565.84,187.67,-1142.4,43.034,-26.083,88.429
43.87,-0.85016,471.68,40.892,-63.606,1200.3
58.745,775.04,509.2,750.54,491.64,48.838
140.52,-732.7,985.77,226.25,-294.48,67.731
563.44,-959.27,650.19,80.786,-40.766,47.306
896.23,883.99,284.69,57.386,9.1231,41.867
357.62,1151.1,440.92,138.47,48.424,43.484
519.52,-1165.7,-173.56,100.57,12.505,41.211
274.24,-668.38,1053.7,108.62,-147.03,72.291
168.96,1179.2,-390.68,296.54,-96.381,42.977
768.92,1031.5,-96.572,68.386,-4.1198,40.95
582.98,135.56,-1141.4,41.93,-18.194,88.09
656.12,-1059.9,-329.93,77.69,17.503,42.243
323.2,855.31,-898.07,116.34,-107.11,57.266
1284.7,-128.35,24.287,41.039,-0.076824,40.842
57.039,633.75,640.02,651.13,654.98,57.978
348.31,-1193.8,315.7,146.73,-35.797,42.132
55.923,-490.63,732.28,525.94,-780.25,73.21
86.333,1134.2,46.287,610.28,24.793,40.869
884.28,-875.74,-341.66,57.502,11.12,42.347
1067,630.99,-360.64,47.45,-7.0342,42.53
327.78,827.04,-922.96,111.58,-107.85,58.873
87.178,588.67,-974.26,314.75,-512.15,78.473
667.05,1082.7,213.99,77.954,11.18,41.41
247.19,824.19,-939.82,143.97,-150.96,60.508
248.82,-1236.3,-184.32,209.69,30.078,41.269
1238.9,95.162,-351.46,40.955,-0.88821,42.439
1074.3,-309.05,-645.82,42.493,6.7959,47.167
249.77,-1061.5,659.85,180.59,-106.52,47.738
112.51,-149.83,1189.3,71.225,-379.52,268.69
534.43,1058.1,-504.22,90.788,-34.511,44.38
977.52,842.96,11.51,53.941,0.31443,40.837
515.36,1103.6,418.41,96.763,30.151,43.18
95.284,1157.7,116.6,550.64,55.155,41.041
364.72,-1230.7,-23.15,144.55,2.5021,40.842
215.52,-954.01,807.91,188.57,-152.2,52.984
41.445,0.35189,-220.65,40.885,-63.076,1270.7
954.9,-776.08,389.85,52.64,-10.53,42.838
284.45,628.6,-1076.5,99.911,-142.51,75.767
1110.7,-488.13,441.47,44.609,-6.5379,43.457
303.84,434.22,-1165.4,71.663,-129.89,98.89
865.07,-434.12,853.61,45.699,-18.109,54.468
994.32,-733.81,-373.1,50.766,9.1112,42.657
84.143,895.39,-683.84,498.66,-378.29,51.319
185.78,283.24,-1214,75.764,-230.4,152.98
675.81,-1083.2,-181.94,77.245,9.3488,41.248
1209.1,305.83,334.42,42.123,2.7727,42.279
110.93,-2.0216,1196.2,40.843,-9.2808,475.26
42.859,0.067317,391.93,40.836,6.3597,1230.3
374.15,-189.4,-1213.9,45.825,60.481,125.59
1118.4,-2.7054,645.14,40.835,-0.05706,47.15
817.48,998.28,12.659,64.501,0.4901,40.837
1262.4,-219.96,-159.65,41.451,0.8874,41.151
126.72,1203.8,-175.92,411.77,-59.586,41.265
482.02,-973.21,691.17,92.272,-52.696,48.413
426.99,1213,12.994,123.49,1.1781,40.837
330.71,537.12,1116.2,78.322,118.52,83.133
519.59,765.37,-896.16,72.857,-58.509,56.881
687.76,-484.58,977.47,49.982,-33.526,62.639
766.48,865.96,-571.89,61.66,-22.861,45.561
53.521,-23.975,833.69,49.681,-560.45,809.8
42.554,0.027917,363.13,40.835,2.8877,1239.1
250.94,-1226.8,-238.72,206.41,38.593,41.571
808.17,-745.01,-675.82,55.571,23.191,47.945
1020.1,-672.87,416.21,48.931,-9.1871,43.141
665.37,412.61,1024.7,48.074,33.249,67.316
139.72,1221.6,122.09,375.56,37.091,41.036
701.87,-874.54,637.25,65.309,-28.983,46.976
501.3,-968.28,685,89.052,-49.752,48.234
242.92,-962.63,797.74,169.16,-132.01,52.402
372.88,1140.6,457.41,132.13,47.929,43.704
942.36,-804.18,-362.33,53.704,10.207,42.548
915.43,-752.61,511.3,52.885,-14.508,44.478
1231.2,-36.813,387.53,40.853,-0.38457,42.811
620.91,607.21,952.74,57.177,43.953,60.653
372.25,1139.2,-461.37,132.19,-48.428,43.76
739.92,-61.255,1054.9,40.975,-4.8179,71.022
1144.4,-377.88,-463.22,43.006,5.1887,43.751
779.48,267.98,-992.57,43.187,-16.95,63.965
426.48,1115.5,-477.08,114.81,-42.89,43.976
201.98,-127.12,-1242.6,48.541,138.69,219.63
964.22,-492.65,702.68,45.865,-13.562,48.69
312.56,507.2,-1133.9,78.325,-127.51,87.956
1238.4,-364.78,27.203,42.572,-0.25372,40.844
218.65,-1225.2,-249.38,236.46,46.696,41.648
231.48,1195.3,-367.35,218.08,-64.671,42.655
605.8,925.52,661.82,74.681,37.436,47.594
65.202,-984.01,206.42,791.54,-165.6,41.722
45.229,18.403,554.57,56.221,800.42,846.8
43.464,8.5276,-441.92,47.061,-602.63,1052.7
1126.7,614.01,-143.51,46.512,-2.4919,41.09
41.528,5.544,-234.65,50.657,-750.81,1023.6
489.61,797.8,-883.94,78.269,-63.114,56.19
401.15,629.5,1046.3,76.267,90.423,70.381
79.282,903.75,635.41,544.6,380.75,49.871
41.384,1.8705,209.51,42.388,341.58,1227.5
411.72,-1212.9,-110.35,127.6,10.421,40.986
202.97,1239.3,-156.49,257.81,-31.737,41.151
935.78,-10.469,888.93,40.838,-0.43477,56.346
1239.8,-312.9,179.55,42.117,-1.4486,41.236
1154,482.88,-319.74,44.27,-4.3726,42.149
1058.6,350.45,-650.61,43.018,-7.8989,47.286
411.1,-1218,-14.481,128.26,1.3703,40.838
1287.7,40.017,-87.519,40.855,-0.08629,40.929
602.53,761.57,-847.63,65.907,-45.195,54.223
1266.3,231.38,101.97,41.512,0.5917,40.963
1184,337.48,-389.2,42.463,-3.6838,42.829
136.21,1210.8,-186.2,382.69,-58.182,41.31
1233.4,318.79,210.6,42.178,1.7465,41.39
1079.4,-590.29,-391.44,46.55,7.1142,42.854
471.95,1153,323.22,108.15,25.994,42.188
273.63,-1120.8,548.57,174.02,-80.482,45.221
796.99,581.52,-831.53,50.573,-25.167,53.423
271.77,1100.6,-588.49,172.18,-86.887,46.015
998.05,-359.26,735.66,43.404,-10.21,49.707
1066.8,725.34,50.645,49.391,1.0914,40.867
409.14,-831.75,890.7,92.889,-80.248,56.659
1169.8,-536.47,104.65,44.929,-1.5246,40.97
195.61,179.61,1235.3,56.013,180.49,196.52
1283.2,-77.085,122.51,40.909,-0.23402,41.02
152.46,98.58,1231.5,49.179,190.78,287.19
79.016,-1062.5,-297.69,642.7,179.34,42.401
40.996,-51.773,-101.69,584.74,1142.9,89.826
602.87,-0.48569,1139.3,40.835,-0.062458,87.467
659.7,-1036.3,-391.96,76.146,20.518,42.865
202.18,773.46,-980.83,164.65,-195.95,64.684
957.06,605.34,619.46,48.33,14.151,46.552
258.34,1024.2,715.34,168.97,111.12,49.329
470.14,-1180.2,206.54,110.71,-16.738,41.372
143.59,93.635,-1226.8,49.386,-204.67,303.65
1094.1,590.73,-347.7,46.415,-6.1734,42.403
294.48,1244.2,48.771,178.93,6.6488,40.865
1193.9,27.593,490.97,40.846,0.38845,44.155
374.12,205.6,-1211.2,46.66,-64.351,123.35
172.98,524.54,1127.5,133.81,260.84,93.027
296.15,-1019.1,715,147.63,-95.657,49.25
235.96,1227.3,-239.18,219.49,-41.293,41.577
471.59,1183.7,-182.13,110.69,-14.713,41.251
1194,-487.7,60.551,44.114,-0.78388,40.88
440.93,595.27,-1051.7,68.796,-78.725,70.985
137.59,912.19,819.3,286.43,252.04,54.638
779.26,1022.6,107.61,67.432,4.4937,40.978
722.62,-25.192,-1068.2,40.86,2.1098,72.927
538.97,-1164.6,-112.71,97.461,7.7761,40.992
639.39,-1118.8,42.987,82.425,-2.3896,40.858
708.67,794.2,728.47,61.39,31.395,49.494
1135,-22.3,-615.06,40.843,0.43526,46.45
1180.6,-517.35,-75.489,44.588,1.0491,40.905
509.57,-45.952,1181.8,41.002,-8.5606,103.06
79.048,877.33,-669.5,530.88,-402.73,51.311
717.16,-378.05,1003.3,46.178,-26.716,65.02
870,125.98,944.84,41.262,6.3695,59.983
1093.6,374.85,-574.72,43.17,-6.9671,45.608
635.35,-537.81,984.57,53.547,-41.018,63.293
624.62,1064.2,373.2,80.802,21.098,42.664
422.49,-917.26,-796.07,97.988,70.272,52.013
984.05,754.59,-358.5,51.475,-9.0653,42.509
626.33,457.18,-1029.9,50.594,-39.73,67.951
1253.4,189.73,245.8,41.301,1.1998,41.596
702.93,-1053.1,245.79,73.64,-11.902,41.598
1098.5,-541.56,-408.41,45.534,6.7212,43.048
131.45,-1187.5,-284.34,390.25,92.422,41.977
146.67,1107.2,540.8,323.54,155.51,45.376
1146.3,211.6,-555.23,41.526,-3.5949,45.236
1032.2,-216.08,744.63,41.722,-6.0453,50.001
1209.1,-321.74,319.19,42.258,-2.7752,42.144
1232.1,-206.8,-326.41,41.407,1.7927,42.207
1229.5,-257.4,299.08,41.721,-2.0377,41.978
827.88,949.03,-281.2,62.162,-10.47,41.842
329.27,226.86,-1218,49.713,-86.824,131.55
1236.7,200.13,-312.67,41.367,-1.6509,42.089
984.17,835.25,8.7742,53.578,0.23589,40.836
1190.8,-241.03,437.26,41.664,-2.9783,43.402
59.083,897.26,253.08,859.05,241.76,42.425
1143.6,-598.4,-33.675,46.094,0.55811,40.849
252.53,1249.6,-19.276,208.78,-3.0974,40.84
1188.2,225.54,-452.2,41.565,-2.9014,43.599
1110.5,-644.63,135.06,47.225,-2.4964,41.061
253.3,1221.2,-265.12,203.62,-42.428,41.748
547.04,1058.4,490.27,89.134,32.622,44.161
1043.1,661.29,-375.89,48.36,-7.8897,42.686
1041.1,-255.62,719.28,42.05,-6.7372,49.186
822.4,-931.87,-346.88,61.755,12.937,42.397
446.82,-1044.3,604.18,104.18,-51.011,46.259
243.1,-1078.4,-632.57,188.23,105.22,47.056
313.15,-982.24,-760.23,135.49,95.339,50.751
316.84,1230.9,-161.19,165.11,-20.299,41.162
55.855,-734.3,-485.38,787.88,519.4,48.93
40.868,-0.0081546,51.603,40.836,-6.4361,1290.3
755.36,548.88,-890.2,50.503,-28.358,56.446
538.81,-1135.7,-281.84,95.493,19.364,41.85
253.89,-908.48,-858.04,153.57,134.79,55.225
746.55,-733.44,-754.26,57.287,28.979,50.348
1154.6,-574.34,63.858,45.614,-1.007,40.885
349.67,-1231.1,-92.237,150.41,10.439,40.941
321.08,-424.89,-1165.6,68.085,119.59,98.5
598.56,-404.68,-1067.4,49.328,40.947,72.928
962.22,-859.15,-46.325,54.766,1.3112,40.861
374.61,551.45,-1097.7,72.969,-99.759,78.774
577.19,284.98,-1116.5,45.564,-35.127,81.877
391.99,412.18,-1152.2,59.426,-87.679,92.438
291.52,1163.4,444.87,169.58,61.084,43.557
823.11,-701.27,-704.11,53.674,22.698,48.739
1183.3,-270.21,440.54,41.887,-3.3886,43.445
339.28,-1231.3,-117.19,154.77,13.705,41.007
573.61,1105.8,329.91,88.861,20.912,42.244
1158.2,-336.01,461.39,42.521,-4.5383,43.725
768.47,992.73,297.32,66.769,12.517,41.966
452.04,-810.2,891.52,84.073,-70.687,56.659
652.19,649.18,903.24,57.673,40.015,57.247
304.45,1243.5,14.329,173.19,1.8847,40.838
1283.1,42.168,138.8,40.857,0.14524,41.073
1194.1,439.41,219.78,43.515,2.5984,41.44
227.57,1142,509.53,212.26,91.202,44.578
230.02,-860.23,-907.58,160.46,158.33,58.339
462.86,1200.7,-16.538,113.92,-1.3675,40.838
1178.5,-448.4,278.08,43.694,-3.4305,41.817
766.52,-947.38,-423.52,64.977,17.575,43.233
802.21,488.01,-884.96,47.814,-23.464,56.138
342.28,666.36,1041.3,89.881,111.46,69.991
491.82,-1013.9,622.69,93.828,-46.71,46.662
183.41,-308.06,1207.5,81.345,-238.49,144.32
308.26,952.65,-798.34,133.71,-101.6,52.243
291.63,-765.32,982.7,115.68,-130.02,63.829
1062.5,150.09,717.82,41.241,3.8643,49.14
202.55,-367.86,1193.8,86.027,-216.27,123.58
116.05,183.91,-1189.7,80.297,-385.09,231.08
91.802,710.39,-908.93,355.18,-448.43,66.04
580.7,-745.34,876.46,66.545,-48.786,55.723
407.19,-1146.3,415.56,122.54,-39.492,43.155
323.94,-1174.3,398.43,154.7,-48.832,42.966
171.9,699.56,1027.7,175.88,244.45,71.219
657.82,-1065.8,306.82,77.856,-16.248,42.044
271.09,379.93,1188.9,70.843,148.03,112.12
209.23,836.23,928.76,171.34,179.5,60.064
776.36,886.84,524.72,62.043,20.807,44.703
1028.1,-630.32,460.64,47.909,-9.5756,43.716
749.2,-134.38,-1041.6,41.489,10.052,69.274
572.78,-753.97,874.15,67.614,-49.797,55.6
228.01,-1111,-573.97,206.32,102.41,45.773
1242.9,6.4127,350.14,40.836,0.059418,42.426
383.8,234.28,1203.4,47.916,67.368,117.09
246.56,816.47,-946.58,143.07,-152.36,61.043
615.44,-1120.6,-165.12,84.974,9.6294,41.175
898.8,-834.69,-401.46,55.755,12.432,42.969
554.34,-1141.6,222.6,93.692,-14.798,41.459
698.79,-351.63,-1025.4,45.729,27.018,67.384
1171.3,-238.82,488.13,41.676,-3.4042,44.112
294.21,1241.4,-97.494,178.71,-13.302,40.954
637.1,-869.96,-706.81,69.207,36.652,48.836
338.53,1230.8,124.43,155.03,14.586,41.029
880.17,769.52,546.56,54.266,16.718,45.082
483.12,-1189.1,99.758,108.82,-7.8438,40.958
1191.1,-405.16,290.21,43.135,-3.2074,41.908
41.93,-245.13,160.64,1052.1,-688.42,48.811
266.6,1104.1,-583.05,175.94,-87.903,45.907
149.28,-1150.9,-444.56,329.82,125.45,43.732
1049.7,-412.76,-627.95,43.883,8.9512,46.744
934.08,613.02,646.28,48.858,15.527,47.182
1212.8,-394.63,201.67,42.945,-2.1033,41.343
95.544,-170.6,-1151.7,90.4,485.74,249.3
259.74,689.29,1041.8,117.08,155.43,70.805
99.602,1170.5,-93.984,527.73,-42.118,40.966
