1082
1173
1564
437
1759
1373
987
177
1091
599
1798
915
1011
634
1518
129
67
1824
1835
688
1288
829
251
729
1719
1870
1113
184
1722
1541
353
665
526
1456
1154
493
594
738
1722
806
1358
1761
901
1031
1531
1539
1678
1530
1506
1467
695
1620
72
1671
642
44
1622
1458
31
1162
688
1866
778
1885
699
1463
634
1708
364
131
1573
187
144
1151
246
1552
654
65
408
780
1706
796
1377
120
531
1662
775
1806
970
940
1200
1844
1427
1611
188
1739
1832
213
1785
155
978
241
1473
1212
1177
855
1000
1335
1731
1694
33
1657
1840
57
1849
1591
816
1064
1320
1025
184
731
1059
1504
1771
964
1660
500
1069
912
1315
1570
348
1747
265
40
1623
1213
1773
1817
1097
381
1829
1855
1879
1397
612
141
867
1755
392
1090
1510
760
1303
776
514
870
1683
165
388
1075
1016
549
273
769
146
953
187
126
1643
1157
1198
1839
1862
649
873
1367
620
1839
976
740
915
1052
1598
1857
847
695
1650
775
1440
29
470
1095
219
1620
936
879
1245
184
944
1144
781
285
1218
1764
1754
509
110
1070
1718
155
196
1512
1117
494
1312
21
275
542
1356
1569
3
1238
1763
17
1408
446
1608
778
277
36
904
273
461
1146
1120
1767
1591
592
1342
263
543
334
1762
1694
264
1763
512
1353
330
162
1858
587
499
707
1080
1170
1865
1431
488
1851
1782
1655
1226
1267
236
1397
624
276
760
237
730
128
607
1108
777
959
1235
1780
1663
1365
1795
455
1332
508
631
1778
1094
1699
724
1629
1642
397
426
163
765
1076
103
672
459
1468
1661
345
758
1671
253
1447
1821
1844
1351
240
831
1867
1008
740
1747
1276
340
551
1191
1562
489
1661
1305
723
1136
151
1328
865
1598
374
28
1265
269
1220
215
1821
546
1427
199
1840
86
1389
1118
1210
891
950
165
676
975
1735
346
1500
252
275
237
1643
656
1395
1580
293
652
1603
43
1594
1816
816
229
1048
700
1194
42
667
547
168
1089
546
1637
1733
1171
1497
858
1476
144
1059
989
121
153
1887
754
744
301
1720
40
1224
862
524
1568
787
693
1506
1762
629
15
1250
1137
761
1261
1357
668
1320
1250
1457
800
1013
925
724
495
244
711
421
1866
1067
1413
1350
1408
1438
1617
1599
82
1476
288
1850
1540
1756
607
1797
1876
115
753
1854
859
990
865
838
1175
352
1709
326
1435
1263
1836
676
1584
900
311
961
1728
510
297
1725
1538
1677
1863
1424
661
710
1680
704
70
538
575
809
838
339
462
1668
220
457
22
1316
1058
1792
1556
1595
1252
489
480
572
1399
327
1071
858
1002
53
1172
404
990
124
316
1348
377
1704
1685
1638
376
10
1381
153
30
637
1710
148
557
294
694
785
730
1607
46
62
680
464
643
1072
1298
321
676
295
859
840
1143
758
1410
945
773
422
226
1382
143
355
1262
357
1407
1573
443
695
108
211
551
1455
1061
122
1689
1253
203
565
1011
51
1657
763
260
1601
850
697
493
797
567
885
572
337
1829
1332
1415
611
991
1279
106
1271
1416
1286
1677
1003
35
652
15
1127
1848
1365
1377
951
974
505
852
874
1490
341
1619
1565
1819
309
1878
614
69
895
1743
1624
75
934
1109
1657
584
1419
535
1243
82
1745
1809
356
254
1192
1005
1052
1070
1510
1820
409
1078
918
1887
810
516
1787
1096
1785
770
142
475
1530
1028
695
512
1507
362
510
1183
1664
61
1830
1452
695
64
1539
1069
1349
1670
1098
42
1413
1527
1456
890
493
1849
1399
1639
733
1488
1346
1165
1247
1009
553
1493
844
923
1677
698
1634
1192
259
110
1717
1351
1617
738
1884
1762
1560
1885
367
540
1673
843
182
960
716
1036
712
317
1289
1352
47
156
1736
1631
1293
1366
1226
1810
846
1828
1135
1592
78
745
445
950
812
798
1068
121
568
248
323
1549
500
1895
1512
847
982
676
830
239
941
126
1599
397
1057
686
1530
591
1110
840
180
1365
376
85
78
509
1068
692
1789
35
554
973
1664
491
93
1647
748
526
661
1621
243
1406
1340
506
1168
481
464
1140
66
1475
1585
278
789
798
346
1636
658
247
845
1237
601
504
1095
565
412
1440
1623
1195
367
379
1256
569
1426
623
1851
239
857
1616
1842
1874
1105
756
102
1888
1430
1101
860
25
1748
1447
291
83
370
865
1169
356
1316
109
258
253
1793
1019
1087
456
512
195
1256
1873
833
322
553
1564
1080
1894
971
829
500
978
1003
1795
725
385
261
357
444
538
263
962
986
346
1235
1355
868
985
1700
1374
389
276
1730
1692
1639
195
1262
934
711
787
1501
728
192
310
177
1512
1723
254
644
963
1650
37
1830
1850
1002
1864
1244
983
548
1544
1767
1149
940
104
1786
1062
1553
91
225
376
1479
1867
1619
1534
1777
1482
1843
1768
100
163
382
442
342
1095
1039
1574
606
565
1264
61
1705
1712
1745
1840
155
1700
1103
1264
1782
702
1114
954
551
1113
328
1894
382
557
39
1545
1815
1838
190
1585
425
1239
1269
1540
742
505
8
476
277
816
590
1596
1797
520
1036
1469
46
1033
541
940
301
1224
1210
1529
117
1387
759
507
958
1302
1781
7
1861
318
255
52
226
348
191
519
1049
1837
199
604
264
1622
504
1518
1494
1373
1777
1867
1487
42
548
