20.813,-8.0905,-3.9029,18.425,2.3408,16.291
24.323,1.0918,-4.1899,15.841,-0.21145,16.214
18.29,-7.8254,-3.4431,20.771,3.8415,16.445
15.816,0.0035219,0.34303,15.815,0.24264,24.975
18.389,-7.8572,-3.5684,20.624,3.8599,16.472
15.931,2.3039,0.3179,24.66,2.0035,15.902
16.023,1.6847,-2.5862,18.886,-8.6647,20.645
16.236,2.0269,3.7953,18.054,7.87,21.312
16.818,-4.8308,4.0255,20.691,-7.1703,17.952
15.829,-0.70958,-0.47179,22.552,7.6213,17.5
18.762,0.29492,-8.871,15.821,-0.4057,21.047
16.757,6.0767,-0.787,23.468,-1.6594,15.886
21.216,2.1582,-8.5235,15.997,-1.4376,18.407
15.819,0.011043,-0.50157,15.819,-0.51968,24.964
16.786,3.4377,5.1664,18.528,7.5615,20.086
18.536,-8.659,-1.1662,21.227,1.2721,15.877
20.258,5.297,7.4439,17.142,3.5878,17.99
23.738,1.2734,5.6634,15.855,0.36295,16.599
18.002,-7.8079,-2.7445,21.357,3.3912,16.249
15.966,2.144,1.55,22.089,7.7844,17.714
16.116,3.3633,1.4886,23.312,5.5697,16.629
24.588,-3.343,-0.50912,16.061,0.074757,15.819
19.259,6.2603,-6.5788,18.198,-4.6837,17.824
16.241,-3.3211,2.771,21.248,-7.9081,18.103
23.568,-5.0283,-3.5275,16.455,0.88272,16.109
21.121,-1.1628,8.7665,15.868,-0.81956,18.64
16.272,-2.607,3.6261,19.124,-8.4105,20.076
19.196,-7.8938,4.4515,19.537,-3.7988,16.658
20.941,-8.7115,-1.9603,18.729,1.21,15.928
16.299,0.66271,4.5369,16.035,3.0092,23.903
19.568,6.3889,6.5453,18.081,4.3539,17.657
21.72,-4.3224,-7.2722,16.467,2.1533,17.467
16.251,-3.5904,-2.4901,21.915,7.2845,17.542
18.057,-0.67051,-8.3062,15.86,1.1558,21.814
18.153,-8.3914,-0.77156,21.72,0.93839,15.845
15.83,-0.04309,-0.88622,15.842,1.1412,24.911
17.836,3.057,-7.4895,16.865,-4.9896,20.769
16.771,5.7646,-2.1875,22.726,-4.4485,16.391
19.088,8.9208,-1.3698,20.597,-1.2983,15.89
16.674,-5.604,-1.8387,23.045,4.0008,16.258
15.828,0.68407,-0.46953,22.439,-7.7523,17.589
17.483,-3.1637,6.9195,17.179,-5.7352,20.801
23.666,-1.8293,5.664,15.899,-0.52574,16.604
15.824,-0.66568,0.20867,24.287,-4.3856,16.255
24.714,2.6369,0.94126,15.965,0.10778,15.833
23.015,0.0035978,7.0583,15.814,0.0014362,17.165
15.912,-1.7797,-1.1807,22.46,7.5134,17.481
17.2,-1.5981,-6.9447,16.249,3.7313,22.352
18.709,4.3867,-7.6819,17.269,-4.8818,19.336
16.612,-4.5681,3.4341,21.251,-7.1294,17.696
21.816,-3.5881,7.5776,16.258,-1.8516,17.613
16.644,-5.0775,-2.8222,22.123,6.0137,16.966
15.816,0.012019,-0.34755,15.828,-0.81572,24.955
21.818,-1.6777,-8.2131,15.912,0.95842,17.995
17.232,7.1493,-0.7138,22.866,-1.1911,15.855
16.603,2.3072,-5.1959,17.382,-6.7452,21.648
23.479,-6.161,1.3457,16.781,-0.41021,15.856
22.199,-8.0267,-0.47665,17.789,0.22159,15.82
15.818,0.43478,-0.054668,24.858,-1.8607,15.888
16.359,1.2069,-4.6808,16.457,-4.8931,23.204
17.413,-2.0999,7.1977,16.457,-4.3237,21.801
15.963,-2.6168,0.095995,24.738,-0.53668,15.82
15.869,1.6084,-0.024747,24.893,-0.22843,15.815
18.76,0.41641,-8.865,15.827,-0.57261,21.04
22.44,-5.8092,5.1875,16.834,-1.7661,16.538
16.579,-2.2404,-5.1444,17.341,6.707,21.729
15.923,1.7297,-1.4435,21.575,-8.3323,18.184
15.932,-1.1465,-2.0442,18.367,8.4723,21.348
15.818,-0.39179,0.17682,23.675,-5.918,16.682
19.404,-5.4487,7.3106,17.572,-4.4827,18.321
15.968,-2.5961,-0.58685,24.382,3.1931,16.046
15.934,-0.53409,2.3013,16.392,-4.8978,23.917
23.799,5.3685,-1.8393,16.518,-0.47257,15.891
23.952,4.5868,2.717,16.32,0.59012,15.982
16.845,-6.3499,0.24113,23.443,-0.48515,15.82
15.863,0.37575,1.4685,16.517,5.3815,23.843
17.65,-7.1446,3.255,21.398,-4.424,16.542
16.502,-2.2918,4.8471,17.581,-7.0992,21.533
23.043,2.3305,-6.6199,15.966,-0.86029,16.981
22.458,-0.74244,7.7327,15.831,-0.35663,17.571
16.033,2.984,-1.0338,23.851,-4.6302,16.337
16.062,0.86894,3.2351,16.552,5.3712,23.499
24.27,3.1451,-3.2054,16.043,-0.46365,16.045
18.395,2.2875,-8.3255,16.276,-3.3144,20.867
15.815,-0.22568,-0.043699,24.708,2.8244,15.988
18.724,-8.6865,1.7175,20.924,-1.774,15.946
18.154,7.665,3.5045,20.854,4.0522,16.501
15.816,-0.3339,0.039086,24.876,-1.7352,15.878
22.152,8.0856,-0.095284,17.833,-0.044894,15.814
16.519,-0.46574,-5.3956,15.889,1.7357,23.802
16.066,-0.17001,-3.3695,15.842,1.1264,24.546
18.002,-8.0329,1.9938,21.636,-2.5014,16.039
15.845,-0.29024,1.1816,16.469,-5.226,23.94
19.069,5.2519,7.3312,17.63,4.8095,18.582
17.453,-0.75619,-7.5243,15.896,1.6416,22.517
18.371,1.1074,8.5438,15.924,1.7,21.355
20.059,-8.5757,-3.2198,19.257,2.3544,16.173
16.193,-0.91083,3.9903,16.345,-4.5807,23.603
16.081,0.18738,-3.463,15.846,-1.2033,24.516
15.849,0.10225,-1.2806,15.888,-1.8538,24.81
16.385,0.93067,4.849,16.182,3.7889,23.562
15.978,-2.6635,-0.67695,24.277,3.552,16.105
20.486,-4.5562,7.8639,16.754,-3.1537,18.202
23.546,-5.8627,1.9649,16.683,-0.56737,15.904
16.172,-2.3488,3.2168,19.252,-8.5763,20.066
17.173,-6.8506,1.7668,22.622,-2.9833,16.08
16.393,-4.9567,0.31873,24.07,-0.87971,15.832
15.836,-0.76651,0.6697,21.475,-8.5888,18.37
17.072,-4.439,5.2465,19.213,-7.324,19.046
20.03,8.3334,-3.8084,19.104,-2.7486,16.325
16.839,-6.304,0.67559,23.388,-1.3605,15.863
15.814,0.028505,-0.035298,19.942,-9.1665,19.809
15.889,-0.069899,-1.8728,15.83,0.86667,24.838
20.478,-8.7742,2.3768,19.074,-1.6152,15.994
16.29,-0.29914,-4.5367,15.86,1.3993,24.18
18.901,2.9053,-8.4617,16.425,-3.4928,20.124
16.917,6.3245,-1.6257,22.957,-3.1009,16.086
19.069,-9.0144,-0.25669,20.714,0.24605,15.816
17.358,6.4197,3.6948,21.244,5.4521,16.941
21.588,-7.1651,4.6791,17.593,-2.2067,16.449
15.821,-0.020439,0.58319,15.828,-0.8258,24.947
22.011,5.6681,-5.9506,16.863,-2.1339,16.831
16.136,-2.0387,3.1946,18.74,-8.4539,20.66
18.711,-8.0426,-3.687,20.292,3.6529,16.453
24.106,1.0552,-4.8334,15.84,-0.24323,16.36
15.961,-2.6033,0.1654,24.721,-0.92793,15.833
15.912,-2.0997,0.42138,24.539,-2.8795,15.999
15.814,-0.00096889,0.032958,15.824,-0.6942,24.965
17.582,6.1088,-4.7791,20.202,-6.1206,17.588
20.981,-8.0346,3.854,18.302,-2.2252,16.268
15.814,-0.00083524,0.18163,15.814,-0.10873,24.98
24.815,-0.36151,-2.1903,15.817,0.034235,15.917
19.368,-0.94279,-9.0607,15.87,1.0764,20.325
16.166,-3.7646,1.201,23.773,-4.2279,16.256
18.345,-8.5068,-1.2291,21.432,1.4108,15.889
19.534,-6.9467,5.9423,18.489,-4.2457,17.297
21.194,-0.86595,8.7618,15.844,-0.60147,18.605
21.125,8.7236,-1.4381,18.63,-0.85844,15.874
15.831,-0.53619,-0.71215,19.619,9.1275,20.115
16.033,2.4526,1.9878,21.577,8.0942,18.058
15.866,-1.562,-0.097897,24.87,0.92846,15.832
15.918,1.439,-1.6613,20.172,-8.9757,19.456
16.607,-4.7578,3.1354,21.686,-6.6914,17.347
20.09,-2.9142,8.6815,16.245,-2.5366,19.142
23.015,-0.67509,7.0252,15.827,-0.26798,17.15
18.309,-7.8801,3.3575,20.795,-3.7364,16.408
15.814,0.00021347,-0.042817,15.814,-0.11791,24.981
22.334,6.5936,4.3569,17.14,1.685,16.319
22.352,5.756,5.3873,16.831,1.8463,16.606
16.761,2.5574,-5.5823,17.409,-6.6432,21.41
16.347,-4.023,2.5895,22.05,-6.8928,17.332
16.261,4.3861,-0.51068,24.201,-1.6146,15.875
16.015,-2.9526,-0.68746,24.291,3.2585,16.059
17.011,-1.5789,-6.555,16.307,4.0376,22.52
22.305,7.8122,-1.3845,17.657,-0.61916,15.863
23.667,-2.9378,5.1737,16.032,-0.76468,16.465
18.51,-8.5344,-1.7854,21.139,1.9476,15.965
20.236,9.1383,0.15866,19.521,0.1165,15.815
22.702,-7.2659,-1.7787,17.316,0.70356,15.892
15.851,-0.91335,-0.95762,20.66,8.9701,19.077
15.814,-0.16399,0.081219,23.46,-6.3394,16.839
16.298,-0.93248,4.4839,16.25,-4.1398,23.589
15.964,1.7349,1.972,20.203,8.8942,19.371
18.741,-2.9011,8.3761,16.459,-3.6503,20.254
16.63,2.5712,-5.1624,17.679,-7.0939,21.25
15.886,-0.24505,-1.8148,16.021,3.049,24.547
19.83,1.1123,-9.0993,15.882,-1.1134,19.837
19.624,-1.3028,-9.0604,15.913,1.3737,20.005
16.498,-0.91103,-5.268,16.108,3.3702,23.508
16.093,-3.2057,1.5165,23.197,-5.8738,16.734
18.179,6.2099,5.7324,19.236,5.7564,17.865
16.017,-0.66784,-2.9682,16.35,4.6926,23.855
19.036,-5.0483,-7.4573,17.517,4.7862,18.735
16.428,5.0896,-0.27792,24.027,-0.7437,15.827
18.56,-2.0976,8.4981,16.178,-2.919,20.806
16.064,-2.3,-2.4588,20.386,8.6794,19.076
20.44,0.32482,-9.0939,15.819,-0.27843,19.321
16.647,3.2507,-4.8273,18.648,-7.778,20.124
16.337,-4.5375,1.3838,23.585,-3.9592,16.213
16.726,0.48677,-6.0252,15.877,-1.5559,23.525
23.135,-3.5191,5.9111,16.153,-1.1293,16.716
23.465,6.306,-0.57523,16.827,-0.17937,15.821
17.201,-1.7933,-6.8976,16.36,4.1295,22.201
16.323,-4.5346,1.1867,23.753,-3.461,16.112
15.901,1.2631,1.567,19.867,9.0304,19.776
16.551,-4.8047,2.7215,22.183,-6.1794,17.016
17.809,7.6517,2.5228,21.641,3.3254,16.209
20.059,3.7697,8.3486,16.535,3.1252,18.835
21.777,1.5937,-8.2631,15.903,-0.92378,18.039
23.736,-4.1103,4.1036,16.234,-0.82922,16.212
16.166,3.2105,2.3067,21.886,7.5153,17.657
18.826,-8.0338,-3.8526,20.119,3.6873,16.494
16.47,4.3525,2.9335,21.765,6.9258,17.427
16.755,1.0288,6.0366,16.084,3.149,23.181
15.814,-0.014556,-0.0061166,23.831,5.6047,16.577
15.815,0.26546,-0.022579,24.925,-1.2667,15.848
17.794,-6.9119,4.1043,20.727,-5.1431,16.939
21.15,7.8376,-4.0629,18.11,-2.2293,16.311
24.839,1.6578,-1.2077,15.873,-0.085973,15.845
15.818,-0.020405,-0.43235,15.84,1.1109,24.934
15.908,-1.8945,0.89033,23.46,-6.0157,16.74
15.816,-0.29313,-0.1246,23.805,5.6535,16.593
18.126,8.3861,0.50407,21.776,0.61866,15.827
17.661,-6.774,3.9988,20.873,-5.2493,16.947
16.448,4.3404,-2.8089,21.918,-6.8009,17.329
23.811,-1.8312,-5.3446,15.897,0.48585,16.504
16.446,4.0156,3.2485,21.158,7.5549,17.953
24.197,-1.2995,-4.5176,15.854,0.27609,16.285
17.361,-1.1022,-7.3307,16,2.46,22.49
22.71,-4.8472,5.6841,16.498,-1.5721,16.674
21.033,-6.8094,-5.7104,17.617,2.87,16.859
16.347,4.7383,0.66486,24.033,1.9121,15.902
16.964,-0.92287,6.5737,15.991,-2.5158,23.028
17.092,6.8746,-0.73131,23.044,-1.297,15.861
16.906,4.8995,4.2783,20.445,7.1713,18.074
19.081,-5.9926,-6.7452,18.134,4.8894,18.055
18.571,8.0202,3.5241,20.488,3.6392,16.419
16.731,-5.5856,2.342,22.618,-4.8476,16.509
17.546,7.3058,2.4456,21.933,3.5251,16.234
20.756,-3.9477,-8.0925,16.481,2.6818,18.262
20.399,-8.5061,-3.2589,18.948,2.2031,16.162
15.965,0.44524,2.6042,16.136,3.7287,24.25
16.155,3.6414,-1.3848,23.538,-4.9107,16.429
23.376,-6.4873,0.096009,16.899,-0.031098,15.814
23.03,-7.036,-0.074572,17.153,0.027289,15.814
17.199,-5.3367,4.718,20.146,-6.836,18.03
17.044,-6.7966,-0.45683,23.151,0.83003,15.833
15.863,-1.1985,-0.93196,21.926,8.1804,17.962
20.844,-7.1746,5.3846,17.886,-2.9296,16.758
15.831,0.88551,0.086089,24.885,1.4423,15.858
17.337,6.0979,-4.1416,20.839,-6.0034,17.292
17.949,8.1121,1.3209,21.872,1.6997,15.914
18.227,3.6805,7.6567,17.068,5.0251,20.081
24.944,0.70672,0.77699,15.824,0.023318,15.827
16.214,-2.7086,3.2069,19.827,-8.5414,19.433
19.205,-9.0654,0.037827,20.57,-0.035101,15.814
15.818,-0.26283,-0.37636,19.302,9.0869,20.461
24.518,1.7883,-3.1945,15.886,-0.25619,16.04
16.657,4.5561,-3.6664,20.969,-7.277,17.886
20.684,-8.0683,-4.0538,18.484,2.4893,16.34
20.418,-3.9236,8.2161,16.527,-2.9239,18.513
21.084,4.8015,-7.4485,16.725,-2.75,17.716
23.072,-6.4797,-2.5824,16.949,0.8748,15.976
17.211,0.68973,-7.113,15.895,-1.6728,22.836
22.121,-0.34653,8.1093,15.818,-0.18569,17.854
18.65,2.4309,-8.4691,16.285,-3.234,20.569
24.035,-4.0415,3.1593,16.203,-0.60157,16.042
16.188,-2.7068,3.0333,20.081,-8.5472,19.219
16.787,-5.7581,2.317,22.616,-4.6511,16.455
16.173,2.6069,-3.018,19.955,-8.5927,19.358
15.87,1.0808,1.2196,20.313,9.03,19.378
16.072,-2.3241,-2.5043,20.345,8.6775,19.105
17.366,-6.5175,3.5475,21.363,-5.2566,16.839
15.96,-0.96569,-2.4091,17.328,7.2268,22.589
16.807,5.738,-2.5033,22.452,-4.9361,16.555
15.905,1.3472,-1.5609,20.166,-8.9976,19.477
17.494,-3.1459,-6.9472,17.155,5.6921,20.816
16.162,-3.5992,1.5828,23.263,-5.5029,16.616
21.149,8.7138,1.4189,18.611,0.84245,15.872
15.853,-0.053058,1.3595,15.832,-0.91292,24.891
18.338,0.84766,8.547,15.88,1.3237,21.454
18.017,-2.1393,8.0115,16.292,-3.5294,21.283
18.682,-0.31895,8.8246,15.822,-0.44959,21.135
16.326,-4.1882,2.1271,22.732,-5.9582,16.833
16.788,-5.8031,2.2119,22.698,-4.4522,16.394
17.803,8.0305,0.54947,22.165,0.74461,15.832
17.758,-5.2758,6.0059,18.887,-6.4269,18.627
15.934,-2.357,0.11439,24.775,-0.7125,15.825
20.322,-4.8489,-7.7301,16.917,3.4016,18.172
20.747,-8.9812,0.68499,19.024,-0.44833,15.828
17.112,5.8049,3.827,21.149,6.1474,17.263
18.102,0.032947,-8.3786,15.814,-0.056237,21.823
15.933,-1.2889,-1.9679,18.962,8.8146,20.678
24.141,-4.8165,-0.59549,16.356,0.1318,15.822
16.133,3.3128,-1.8165,22.777,-6.469,17.001
24.75,-2.3229,1.1909,15.931,-0.1198,15.844
15.817,-0.35685,0.18336,23.361,-6.5031,16.907
20.92,-8.5269,2.681,18.628,-1.6361,16.031
21.605,7.8042,-3.481,17.899,-1.7516,16.155
15.814,-0.016509,0.018944,20.285,-9.1315,19.474
18.206,-8.4737,0.20219,21.696,-0.24265,15.816
15.847,0.70891,-1.0318,19.214,-9.0212,20.518
18.201,-8.4712,-0.073958,21.704,0.088899,15.814
15.825,-0.03724,-0.73525,15.844,1.1896,24.916
18.785,8.8844,0.2592,21.026,0.26646,15.817
15.814,-0.16559,0.081998,23.46,-6.3385,16.838
16.913,-5.0628,-4.1075,20.695,6.9865,17.848
16.145,-3.8369,0.14947,24.458,-0.55451,15.821
16.825,-6.3055,0.11337,23.477,-0.23058,15.815
20.634,-7.8581,-4.4806,18.384,2.7259,16.469
19.864,9.0955,-1.1466,19.83,-0.91016,15.859
16.002,-2.9149,0.34902,24.584,-1.7256,15.88
17.101,-2.9561,6.2698,17.368,-6.2979,21.033
16.103,3.3852,1.2333,23.678,4.7785,16.385
23.662,-4.194,4.2346,16.257,-0.8819,16.241
15.898,1.7297,0.96704,23.021,6.7974,17.069
21.267,3.9695,7.8127,16.418,2.3358,17.891
16.077,3.4229,0.3853,24.482,1.6061,15.872
15.856,0.7411,-1.2035,18.761,-8.8207,21
16.54,5.3386,1.2671,23.524,3.0602,16.056
15.94,2.3347,-0.63465,24.272,-3.7972,16.147
16.356,-4.7649,-0.72692,23.996,2.0709,15.918
22.119,0.72905,8.0849,15.831,0.38925,17.84
18.468,2.7496,8.2429,16.457,3.7842,20.554
23.173,-6.6874,-1.3434,17.002,0.46057,15.857
15.815,-0.18436,0.16677,21.347,-8.7134,18.504
24.495,-3.4562,1.4433,16.081,-0.22167,15.859
17.828,-7.7077,-2.4258,21.663,3.1847,16.175
23.21,-4.2412,-5.2678,16.299,1.1877,16.514
24.866,0.68034,-1.7222,15.824,-0.050286,15.877
16.487,5.2565,-0.73656,23.831,-1.8688,15.9
17.233,3.1435,6.4644,17.4,6.2249,20.834
16.891,-0.9381,6.4003,16.01,-2.661,23.101
18.054,-6.6706,4.9894,19.919,-5.5078,17.372
16.314,3.7733,-2.7132,21.72,-7.3395,17.631
21.469,-7.2052,4.7665,17.654,-2.3076,16.483
24.94,-0.35064,-1.056,15.816,0.015741,15.837
17.481,-3.8267,6.5738,17.777,-6.3739,20.102
23.8,3.4091,-4.5353,16.102,-0.75907,16.302
18.464,-8.3995,2.2122,21.079,-2.4269,16.052
20.424,5.7713,-7.0403,17.319,-3.5119,17.662
16.492,5.3021,-0.48496,23.898,-1.2288,15.851
15.825,-0.026095,0.71894,15.829,-0.85445,24.94
24.73,-2.2062,1.5837,15.92,-0.15182,15.868
18.91,-7.8393,-4.3198,19.825,3.9737,16.664
16.001,-2.8621,-0.62632,24.353,3.0822,16.031
20.671,-8.1118,-3.9761,18.518,2.4578,16.32
16.421,-4.6954,1.9174,23.061,-4.9886,16.497
19.655,9.014,1.6106,19.98,1.3336,15.908
16.6,5.5444,-1.228,23.485,-2.8429,16.024
15.815,0.00053484,-0.18834,15.814,-0.067147,24.98
22.718,-2.9706,6.8433,16.074,-1.1889,17.108
17.017,3.785,5.5951,18.46,7.2621,19.887
22.371,-1.4364,-7.7311,15.879,0.69844,17.586
15.817,0.26123,-0.29192,20.403,-9.1027,19.359
18.281,-8.1434,-2.577,21.149,2.9505,16.159
17.708,7.897,0.71413,22.264,0.99762,15.846
18.279,-8.4941,-0.88461,21.558,1.0371,15.853
17.01,5.2017,4.2856,20.552,6.908,17.87
17.061,-5.5142,-4.0618,20.869,6.5459,17.546
18.325,7.0712,4.8574,19.898,5.0348,17.133
21.502,8.165,2.7541,18.128,1.4615,16.027
16.679,-0.42882,5.896,15.865,-1.4179,23.609
18.173,7.7739,3.3006,20.942,3.8218,16.415
15.887,-0.62478,1.7442,17.086,-6.8416,23.013
16.205,4.0521,0.90778,24.038,3.0546,16.037
23.696,-4.4273,3.8847,16.304,-0.84704,16.17
17.829,-5.6915,5.7365,19.224,-6.2654,18.227
15.816,-0.01156,-0.32368,15.829,0.84238,24.954
16.006,-2.4009,1.7369,22.041,-7.737,17.708
15.913,1.5738,1.4633,21.13,8.6428,18.579
15.814,-0.11913,-0.0014515,24.98,0.18239,15.814
21.009,-8.2551,-3.3213,18.416,1.946,16.146
17.562,5.5753,-5.3504,19.578,-6.5307,18.169
24.736,-1.0519,2.47,15.838,-0.11339,15.946
15.822,0.24037,-0.59222,17.403,-7.4748,22.687
17.367,3.3246,6.6373,17.427,6.1427,20.641
15.814,-0.0012101,0.10209,15.815,-0.28026,24.978
17.107,-5.9526,3.5745,21.406,-5.8391,17.06
17.337,6.3671,3.7143,21.235,5.5172,16.97
21.341,-4.5115,7.4623,16.579,-2.4729,17.657
19.587,1.6853,8.9925,15.981,1.7753,19.958
16.505,2.7203,-4.6291,18.247,-7.7282,20.744
21.314,8.5041,-1.9999,18.402,-1.1318,15.928
17.388,-6.3817,-3.8576,21.095,5.5853,17.032
15.866,1.4167,0.65944,23.539,6.0118,16.727
16.779,5.1622,3.4096,21.492,6.5103,17.324
18.424,8.4572,-1.8456,21.219,-2.0586,15.98
21.778,-5.3502,6.495,16.793,-2.3081,17.082
16.114,-3.6425,0.42197,24.421,-1.6428,15.875
17.08,-6.5967,-1.9813,22.614,3.4708,16.174
21.695,4.1309,-7.4049,16.414,-2.1128,17.544
24.471,-0.82721,-3.7442,15.829,0.14031,16.128
15.835,-0.56136,0.83134,19.149,-9.0173,20.603
16.12,3.423,-1.4177,23.436,-5.2866,16.536
16.144,-3.0817,2.2818,21.802,-7.65,17.75
21.918,-2.7259,-7.8392,16.067,1.4441,17.74
15.82,-0.051458,0.5368,15.921,-2.2284,24.803
19.434,-3.6974,-8.3411,16.639,3.6323,19.319
23.58,-4.9755,3.5618,16.441,-0.88104,16.114
20.508,-4.2684,-8.0171,16.637,3.0166,18.31
22.256,7.0821,-3.6847,17.355,-1.533,16.173
23.464,-5.4547,-3.2198,16.578,0.88169,16.06
15.816,-0.30869,0.017316,24.955,-0.83766,15.829
16.065,3.269,-0.81632,24.164,-3.4498,16.093
16.67,-5.2196,2.7239,22.246,-5.7431,16.845
15.992,-2.3653,1.6031,22.291,-7.5038,17.525
17.826,6.6439,-4.5939,20.326,-5.5477,17.241
17.577,-7.7213,-0.65833,22.434,0.96237,15.843
19.29,5.4534,7.2724,17.636,4.6089,18.364
23.811,-5.3506,1.8097,16.513,-0.46273,15.889
16.024,-3.0501,-0.53529,24.435,2.4922,15.955
20.976,-0.71771,8.8848,15.835,-0.53028,18.808
23.145,-3.7279,5.7629,16.194,-1.1615,16.667
16.521,4.708,2.6959,22.188,6.2517,17.042
24.895,-1.5447,-0.42021,15.865,0.027677,15.818
15.82,0.047385,0.54194,15.903,2.0379,24.831
15.825,0.14221,-0.70823,16.265,-4.4278,24.272
18.045,-4.48,7.0127,17.79,-5.8445,19.46
16.025,0.43699,-3.0686,16.037,-3.1128,24.309
15.82,0.37139,0.39749,20.595,9.0467,19.174
18.017,8.2583,0.74301,21.885,0.94089,15.844
24.468,-1.3407,-3.6043,15.854,0.21866,16.104
24.394,0.12709,-4.0986,15.814,-0.023876,16.194
21.302,-8.7396,0.24463,18.543,-0.14154,15.815
15.849,-0.10059,-1.2877,15.885,1.8144,24.814
15.821,-0.32746,0.50311,19.005,-8.9824,20.777
15.921,1.6226,-1.529,21.065,-8.663,18.627
17.693,-0.7945,-7.8701,15.893,1.5622,22.216
16.045,3.2414,0.0032879,24.621,0.014671,15.814
20.485,-8.2786,-3.7505,18.739,2.4435,16.274
15.869,1.6087,-0.039232,24.89,-0.36198,15.817
16.252,4.3186,0.70928,24.123,2.2592,15.935
15.85,-0.4095,1.2427,16.924,-6.5182,23.289
23.522,3.3967,5.2196,16.112,0.90752,16.484
16.544,4.7787,2.7211,22.177,6.207,17.027
22.096,-3.3215,7.431,16.176,-1.6021,17.478
21.601,-1.9775,8.3159,15.956,-1.1902,18.125
16.424,-5.0395,-0.67657,23.931,1.81,15.894
16.04,3.2048,-0.12981,24.617,-0.58559,15.821
16.604,2.6969,-5.0086,17.919,-7.3617,20.997
15.852,1.0383,0.85675,21.697,8.3929,18.163
16.172,-2.8207,-2.8163,20.583,8.4205,18.767
17.499,5.4096,5.3851,19.506,6.6545,18.303
16.455,5.0919,1.0353,23.736,2.684,15.995
16.323,-3.3071,3.3181,20.43,-8.2158,18.734
19.638,-5.9195,-6.9839,17.74,4.298,17.932
17.269,7.2536,-0.013624,22.876,-0.022434,15.814
18.397,-8.4645,-1.7136,21.279,1.9285,15.958
20.386,-8.0785,4.215,18.673,-2.7554,16.411
15.814,0.00055573,-0.14285,15.814,-0.091993,24.98
15.816,-0.31906,0.06884,24.643,-3.1273,16.029
16.018,2.5475,-1.6755,22.363,-7.3538,17.44
15.814,0.00033978,-0.071769,15.814,-0.11196,24.981
17.123,-5.8328,3.8252,21.152,-6.1186,17.249
16.151,3.8609,-0.28859,24.421,-1.0599,15.839
19.193,-8.3437,3.535,19.931,-3.1282,16.331
15.815,-0.00066874,0.2667,15.814,-0.05928,24.979
18.527,8.2383,-2.8906,20.79,-3.0744,16.219
22.14,-8.0925,0.29754,17.84,-0.14057,15.816
23,-1.8631,6.8307,15.912,-0.71708,17.07
19.682,-5.6973,7.1717,17.584,-4.2317,18.051
15.894,-1.893,-0.37182,24.579,2.8294,15.992
21.723,2.4733,8.0877,16.03,1.4067,17.94
24.547,-2.4364,-2.5754,15.946,0.27915,15.959
16.173,-2.3553,3.2199,19.258,-8.5758,20.058
22.874,1.6587,7.063,15.893,0.67483,17.184
16.809,0.87946,-6.202,16.001,-2.6261,23.227
15.823,-0.5981,-0.27831,23.599,6.0501,16.73
24.751,0.74689,2.4943,15.826,0.081201,15.949
23.131,0.89154,-6.8278,15.836,-0.33733,17.055
24.648,3.0535,0.64537,16.019,0.086071,15.823
16.318,-1.1063,4.5309,16.401,-4.7216,23.344
22.857,-2.6025,6.7968,16.009,-1.0144,17.072
21.815,-5.9043,-5.9538,16.991,2.2912,16.855
22.951,-6.5818,-2.7919,17.007,0.97663,16.005
19.186,5.4267,7.2543,17.677,4.7179,18.42
16.29,-2.279,3.9359,18.302,-8.0087,20.954
15.965,2.2837,1.3203,22.838,6.8725,17.134
21.2,-7.8901,-3.8994,18.115,2.1303,16.267
16.855,-1.4046,6.2247,16.266,-3.9501,22.786
16.401,-4.9899,0.28408,24.064,-0.77838,15.828
17.292,6.9846,-2.1001,22.347,-3.3546,16.167
22.939,4.982,-5.1513,16.509,-1.4079,16.496
15.949,2.4989,-0.084309,24.761,-0.49464,15.819
16.034,1.2323,2.9134,17.443,7.3429,22.337
17.868,5.0965,6.3302,18.547,6.2887,18.852
17.242,6.9115,-2.0325,22.429,-3.3171,16.154
16.996,-5.77,-3.4217,21.559,5.9059,17.05
15.816,-0.058964,-0.34241,16.151,3.8707,24.456
15.97,2.6773,0.0085452,24.737,0.046689,15.814
17.981,3.4993,-7.4752,17.085,-5.2285,20.336
17.472,-7.1626,2.5183,21.966,-3.7201,16.278
16.191,-4.0558,-0.4596,24.31,1.5891,15.872
24.595,1.7118,-2.8821,15.879,-0.21897,15.996
17.347,4.4615,-5.8896,18.655,-6.9294,19.305
16.459,-0.42151,5.1941,15.881,-1.655,23.9
16.324,-4.1833,2.1258,22.732,-5.9617,16.835
15.841,0.029405,-1.1383,15.822,-0.60667,24.925
16.778,-5.8814,1.9138,22.918,-3.9068,16.246
17.672,-0.10557,-7.8813,15.815,0.21138,22.352
16.809,-5.8434,2.2579,22.651,-4.4865,16.408
23.49,-5.0592,3.7309,16.471,-0.94982,16.147
15.862,-0.596,-1.3836,17.55,7.664,22.441
15.84,-0.17834,1.0899,16.118,-3.6777,24.47
15.843,-1.1362,-0.29034,24.474,3.6428,16.112
15.884,-1.8015,0.14586,24.823,-1.1942,15.845
16.006,1.9338,-2.2414,20.083,-8.8445,19.435
23.311,-6.5883,-0.37406,16.943,0.124,15.817
15.84,-0.90366,-0.62958,22.372,7.7984,17.63
17.409,3.4786,-6.6362,17.526,-6.2138,20.475
16.911,5.8239,-2.9204,22.052,-5.3717,16.752
21.561,-7.5437,4.0796,17.785,-2.0144,16.291
16.261,-4.3332,-0.85879,24.028,2.6994,15.989
16.006,-2.3759,-1.7742,21.923,7.8523,17.803
16.24,4.1982,-1.0291,23.924,-3.302,16.079
15.814,1.3323e-05,0.016139,15.814,0.019524,24.981
15.847,0.95594,0.79282,21.682,8.417,18.182
15.816,-0.0018701,-0.30155,15.814,0.1466,24.978
15.993,2.6365,-1.1161,23.568,-5.4849,16.574
16.24,0.46315,-4.2963,15.937,-2.2844,24.137
15.997,-2.6759,1.1118,23.598,-5.4018,16.549
15.821,-0.56901,-0.1826,24.261,4.4777,16.275
20.459,-1.8608,8.9027,15.975,-1.5389,19.114
24.941,0.25636,1.0719,15.815,0.011681,15.838
16.671,5.7776,-1.1391,23.45,-2.5206,15.98
23.527,1.0479,6.1295,15.842,0.33411,16.761
17.343,-7.0637,2.1428,22.276,-3.3521,16.171
20.702,8.6004,-2.7298,18.807,-1.7488,16.045
19.031,5.6243,-7.0307,17.906,-4.9257,18.332
15.87,-1.5454,-0.51446,24.14,4.5876,16.306
15.849,0.062323,-1.2911,15.841,-1.1285,24.882
21.333,5.7861,6.5303,17.056,2.7024,17.17
20.17,-8.3687,-3.6969,19.021,2.595,16.283
15.897,1.6865,-1.0108,22.813,-7.103,17.226
16.197,3.8254,-1.5054,23.424,-5.0166,16.467
15.815,-0.13987,0.22049,18.904,-8.9461,20.896
15.827,0.65436,-0.44914,22.441,-7.7538,17.589
21.593,8.4362,1.415,18.232,0.75743,15.869
16.537,-5.2483,1.5695,23.331,-3.7716,16.191
16.567,-1.5564,-5.3517,16.581,5.1515,22.743
18.819,2.907,-8.4184,16.443,-3.5762,20.189
21.057,-8.1273,3.566,18.317,-2.0467,16.197
16.724,-5.5395,-2.4028,22.566,4.9815,16.554
16.303,-0.65174,4.5539,16.026,-2.9502,23.911
22.992,-6.4685,2.9076,16.96,-0.99561,16.021
22.437,4.7065,-6.2094,16.491,-1.7492,16.884
16.713,-5.639,2.0737,22.846,-4.3762,16.361
23.741,-4.9521,3.0169,16.421,-0.72565,16.025
16.012,-2.56,-1.5741,22.591,7.0839,17.271
18.91,6.0757,-6.5728,18.329,-5.0686,18.025
16.507,5.1281,1.6165,23.315,3.9682,16.232
24.245,-2.8947,3.5283,16.009,-0.47239,16.096
24.3,3.7962,2.223,16.145,0.38397,15.923
15.836,-0.99829,-0.26382,24.454,3.7599,16.132
18.459,-7.8342,-3.7429,20.479,3.9498,16.526
22.086,-2.3268,7.8099,15.993,-1.1953,17.686
15.989,-2.6496,1.0162,23.753,-5.0721,16.449
17.589,-2.9943,-7.166,16.967,5.3333,20.933
16.239,-3.8707,1.907,22.914,-5.9126,16.789
16.659,0.83669,-5.7949,16.014,-2.7578,23.417
16.331,4.026,-2.4625,22.225,-6.7113,17.212
16.355,2.6691,4.0119,18.771,8.1899,20.349
16.059,3.2786,-0.57392,24.385,-2.4734,15.954
17.135,2.7107,-6.4542,17.096,-5.8773,21.325
17.213,-7.0073,-1.4205,22.712,2.372,15.98
16.229,-3.8272,1.8924,22.918,-5.9368,16.796
20.17,-8.8716,-2.2355,19.382,1.6326,15.981
15.844,1.1936,-0.14445,24.825,-1.7853,15.882
16.402,4.5343,-2.1085,22.835,-5.5261,16.68
18.734,8.782,1.1759,21.006,1.2186,15.875
15.815,0.015886,0.24883,15.862,1.4988,24.904
23.065,-6.9526,-0.66966,17.116,0.24129,15.824
21.049,8.4665,-2.6751,18.519,-1.5847,16.026
16.312,4.5716,-0.79318,24.015,-2.3598,15.948
19.352,-8.5161,-3.2238,19.895,2.7732,16.226
16.056,-3.2312,0.72333,24.258,-3.1225,16.04
18.7,3.3226,8.1924,16.667,4.1006,20.044
22.751,-7.1935,-1.8093,17.276,0.70421,15.895
23.649,-4.3314,4.1298,16.286,-0.88829,16.22
15.929,1.699,1.5676,21.148,8.6015,18.545
15.814,0.0046925,-0.13782,15.827,-0.80355,24.959
15.829,-0.048686,-0.84266,15.853,1.3541,24.896
20.795,-8.987,0.21414,18.996,-0.13894,15.815
17.078,6.716,1.5129,22.832,2.6761,16.021
19.716,-4.8576,-7.7681,17.107,3.979,18.523
16.192,3.7753,-1.5717,23.329,-5.2496,16.538
17.223,-4.2808,5.7492,18.669,-7.0834,19.429
16.638,-3.8648,-4.3149,19.741,7.897,19.02
15.821,-0.011538,-0.58887,15.818,0.46235,24.963
22.281,7.1796,3.4333,17.39,1.4388,16.124
23.124,-6.8099,-1.0896,17.053,0.38225,15.842
19.911,7.406,5.4027,18.541,3.6867,16.922
24.134,-2.461,-4.2056,15.957,0.48798,16.222
20.556,-4.5568,7.8414,16.739,-3.095,18.156
16.463,-5.0444,1.3557,23.535,-3.4694,16.124
19.522,-7.8938,-4.6067,19.209,3.6128,16.659
20.127,7.9541,-4.5305,18.765,-3.0976,16.54
16,-2.8842,-0.43617,24.528,2.1674,15.919
20.563,7.6241,-4.9079,18.281,-2.9625,16.618
23.912,-5.2541,-1.3423,16.478,0.33268,15.854
20.774,-1.841,8.8071,15.961,-1.3998,18.841
15.817,0.1222,-0.36453,16.966,-6.6388,23.281
19.235,-4.6071,-7.8181,17.156,4.3778,18.93
21.476,8.1692,2.7962,18.142,1.4914,16.035
15.814,-2.1534e-05,0.021424,15.814,-0.023771,24.981
16.048,-3.2584,0.10332,24.609,-0.45812,15.818
16.895,6.4065,0.95386,23.245,1.8591,15.908
21.431,3.4282,-7.9561,16.252,-2.0059,17.936
16.746,-2.691,5.4735,17.599,-6.894,21.197
24.544,-0.26963,-3.5484,15.815,0.042938,16.094
23.416,3.3908,-5.4504,16.116,-0.9616,16.555
24.573,-3.0326,1.6276,16.018,-0.21783,15.871
15.873,-0.18545,-1.6556,15.958,2.5604,24.663
17.804,1.4809,7.9133,16.071,2.7258,21.834
18.245,-8.2877,-1.9361,21.389,2.2655,16.008
16.815,-6.1962,1.0264,23.321,-2.0868,15.931
16.204,0.3765,4.1321,15.903,1.9562,24.242
17.46,1.7053,-7.3787,16.228,-3.5403,22.048
15.91,-0.0018337,2.1197,15.814,-0.020045,24.83
17.724,-6.9878,3.7901,20.994,-4.9258,16.79
19.16,-9.0504,0.068427,20.618,-0.064188,15.814
24.375,2.7706,-3.1083,15.989,-0.39148,16.029
15.872,1.2939,1.0295,21.823,8.2472,18.035
17.467,-3.132,-6.9082,17.165,5.7275,20.836
20.683,5.5248,-7.1424,17.118,-3.2439,17.645
16.685,0.45243,5.911,15.871,1.4889,23.592
22.065,-0.034069,8.1685,15.814,-0.018585,17.904
22.334,7.6877,1.8333,17.593,0.80546,15.9
16.481,2.941,-4.3925,18.722,-8.013,20.247
20.69,6.6046,6.1544,17.645,3.2365,17.112
20.677,-7.2174,5.4297,17.985,-3.0702,16.799
15.966,-2.5869,-0.55518,24.419,3.0427,16.024
16.429,-2.9281,-4.1782,18.925,8.1486,20.093
20.688,9.0138,0.50716,19.086,0.33664,15.822
15.828,-0.43305,-0.68201,18.9,8.9281,20.883
15.934,-1.9454,1.3274,22.336,-7.6008,17.554
20.395,-8.3372,-3.6723,18.838,2.4504,16.26
22.423,6.0788,-4.8996,16.93,-1.7408,16.456
18.473,-6.2698,6.0213,18.918,-5.4729,17.876
16.316,0.72227,4.5998,16.067,3.2064,23.83
22.816,-7.2168,1.3012,17.269,-0.50271,15.855
23.772,-1.5468,5.5193,15.874,-0.42688,16.555
22.153,-7.8217,-2.0482,17.71,0.93986,15.923
16.092,-3.329,1.202,23.706,-4.7507,16.376
19.568,-3.4142,-8.4853,16.493,3.3074,19.357
22.268,7.5245,-2.6323,17.541,-1.1489,15.994
21.462,-4.7389,-7.2288,16.636,2.446,17.497
17.767,4.2977,-6.7536,17.902,-6.1813,19.641
15.847,0.42553,-1.1702,17.13,-6.9632,23.013
23.947,4.9666,-1.9684,16.406,-0.46083,15.902
21.526,8.3916,1.8844,18.238,1.0165,15.912
19.65,8.9241,2.0491,19.911,1.688,15.967
17.124,2.3681,-6.5635,16.81,-5.3584,21.703
17.824,-1.97,-7.8317,16.261,3.5082,21.554
17.45,7.5131,0.82029,22.57,1.2546,15.862
18.15,-5.1699,-6.6513,18.284,5.9275,18.825
16.672,-5.8134,-0.96752,23.517,2.1441,15.933
17.391,4.2963,-6.1024,18.39,-6.8063,19.533
19.831,-6.092,-6.8501,17.745,4.1067,17.752
16.075,2.4106,-2.4462,20.601,-8.5874,18.864
16.948,-5.7145,3.3062,21.674,-5.8644,17.007
20.039,-8.4144,-3.6245,19.156,2.6284,16.274
15.93,2.1972,-0.73485,24.048,-4.5648,16.308
20.93,5.1844,7.2763,16.907,2.9684,17.655
18.538,-5.1344,-7.071,17.903,5.4185,18.823
17.946,-6.2775,-5.3002,19.672,5.8762,17.696
15.828,0.0084649,-0.81128,15.815,-0.24599,24.957
17.785,-7.7854,-1.9563,21.885,2.6278,16.051
15.818,0.00035906,-0.42808,15.814,-0.01982,24.975
17.703,3.5535,-7.0816,17.319,-5.7374,20.376
15.846,1.0631,-0.60751,23.024,-6.9504,17.124
15.864,1.4814,-0.37055,24.462,-3.5615,16.099
21.592,-1.7207,8.3797,15.922,-1.0478,18.172
21.02,-7.4326,4.8833,17.948,-2.6374,16.56
20.01,-6.1765,-6.7693,17.707,3.9283,17.632
18.602,8.7631,0.55052,21.219,0.59262,15.828
20.123,-9.0891,-1.0908,19.583,0.81758,15.853
16.795,-1.025,6.1424,16.071,-3.0633,23.145
17.861,-7.3975,3.3469,21.179,-4.2402,16.514
21.433,3.1601,8.0652,16.187,1.8813,18.007
24.484,-3.7327,0.64192,16.126,-0.10635,15.823
24.886,-1.0645,1.2988,15.838,-0.059118,15.85
23.431,0.35515,-6.3835,15.817,-0.11991,16.857
24.893,-1.3111,-0.95167,15.85,0.053262,15.833
21.859,-1.0467,-8.283,15.852,0.60056,18.029
24.283,-4.4396,-0.32973,16.266,0.066275,15.816
17.21,-1.4268,7.0007,16.159,-3.3524,22.464
17.19,-5.6062,4.366,20.571,-6.5534,17.667
15.828,-0.020054,0.82615,15.821,-0.57174,24.947
16.185,3.6236,-1.8102,22.951,-6.0221,16.818
15.899,1.9305,-0.47484,24.423,-3.4885,16.089
23.506,6.2442,-0.40363,16.802,-0.12402,15.818
18.864,-8.7665,-1.6963,20.778,1.6918,15.938
16.582,4.2644,-3.6624,20.804,-7.5434,18.109
17.548,-5.3567,5.5418,19.341,-6.6327,18.406
19.611,-2.3727,-8.8391,16.141,2.4153,19.735
17.264,6.8814,2.2628,22.292,3.6413,16.233
16.651,-5.7201,1.1364,23.473,-2.5469,15.983
18.488,-8.0794,3.2364,20.689,-3.4455,16.333
16.661,5.8232,0.64769,23.631,1.4513,15.868
17.864,-4.0878,-7.0195,17.624,5.8962,19.843
20.6,1.5517,-8.9224,15.923,-1.2476,19.046
24.355,-0.59063,4.1847,15.822,-0.11386,16.212
16.694,2.8102,5.2505,17.863,7.2179,20.949
23.137,4.3802,5.3018,16.337,1.2463,16.528
18.273,2.0335,-8.2891,16.199,-3.1043,21.105
18.485,-6.914,5.2826,19.508,-5.1109,17.324
16.195,-3.5991,1.9659,22.711,-6.3905,16.986
23.779,3.6871,4.3705,16.151,0.79117,16.266
18.882,-8.6026,-2.4248,20.589,2.3797,16.069
23.558,-6.0782,-1.0107,16.744,0.30092,15.837
16.476,5.2499,-0.45283,23.927,-1.1624,15.847
17.485,-2.8424,-7.061,16.923,5.3307,21.113
16.174,-2.613,3.0219,19.958,-8.5901,19.354
16.383,-4.8827,0.65682,23.991,-1.8251,15.894
24.902,1.0002,1.1653,15.835,0.049743,15.843
15.964,2.6134,-0.32012,24.637,-1.7745,15.883
22.544,6.6454,3.8309,17.113,1.4411,16.193
23.697,-2.9041,5.1237,16.026,-0.74548,16.45
20.744,-6.7895,-5.921,17.721,3.1477,16.995
16.379,-4.75,-1.2576,23.664,3.4675,16.118
21.697,-8.0895,2.5346,18.006,-1.2903,15.99
15.929,1.4665,1.7855,19.928,8.9834,19.681
15.85,1.2204,0.46397,23.966,5.1439,16.446
20.776,-8.4537,-3.0783,18.668,1.92,16.107
20.742,-7.2488,-5.35,17.973,2.9954,16.758
16.262,-4.3089,0.99348,23.937,-3.1102,16.049
18.066,7.8268,2.8888,21.232,3.4892,16.286
15.848,0.90167,-0.88292,20.968,-8.8528,18.801
21.119,-6.6283,5.8555,17.497,-2.8311,16.906
23.678,-3.685,4.6419,16.156,-0.85253,16.331
16.788,-3.5355,-5.1055,18.668,7.6134,19.934
21.437,-8.4747,1.7816,18.325,-0.98365,15.903
22.085,-2.6429,7.7101,16.044,-1.3364,17.631
19.569,-9.1163,0.7444,20.162,-0.63352,15.834
16.641,5.6686,1.2335,23.439,2.7788,16.016
22.226,8.0124,0.16379,17.773,0.075701,15.814
18.644,8.3887,2.6815,20.75,2.7803,16.149
24.523,3.0984,-1.9111,16.028,-0.26298,15.894
17.653,-6.6789,4.1368,20.767,-5.4041,17.041
15.881,-1.3341,-1.1672,21.423,8.5295,18.363
18.155,-2.9641,-7.8904,16.664,4.4137,20.649
15.848,1.1853,-0.45863,23.938,-5.2199,16.467
15.814,-0.00021081,0.15609,15.814,-0.031936,24.98
18.34,-7.3051,-4.5208,20.118,4.7578,16.931
23.608,4.7834,3.7283,16.392,0.88546,16.143
20.83,-8.4987,-2.8882,18.664,1.7894,16.069
18.338,7.4621,4.2538,20.288,4.5382,16.792
15.964,2.0882,-1.5985,21.875,-7.994,17.889
18.782,4.8844,7.4244,17.555,5.0299,18.947
22.935,-7.172,0.087891,17.225,-0.033168,15.814
17.771,4.5403,-6.5996,18.124,-6.2884,19.396
15.892,1.3927,-1.3121,21.094,-8.7036,18.636
20.097,-8.7772,-2.6097,19.373,1.9221,16.045
22.023,3.6655,7.3428,16.26,1.7619,17.446
15.814,0.074226,-0.11999,18.803,-8.8976,21.009
19.269,-0.50991,9.07,15.831,-0.60268,20.48
17.062,-5.1907,4.4724,20.352,-6.9489,17.99
17.235,-7.0963,-1.1592,22.765,1.9243,15.923
16.187,-2.2549,3.3768,18.885,-8.4508,20.437
15.836,0.92544,-0.42766,23.597,-6.0072,16.718
16.712,2.2717,5.5597,17.153,6.3014,21.792
15.872,1.486,-0.7312,23.398,-6.254,16.822
15.828,-0.81587,0.16955,24.647,-3.0135,16.013
15.841,0.085807,-1.1269,15.881,-1.7726,24.832
17.762,-7.9536,0.8438,22.18,-1.157,15.857
15.839,-0.47776,0.97594,17.944,-8.187,21.981
18.552,4.6924,7.3828,17.567,5.2408,19.169
16.538,-3.0845,-4.5307,18.75,7.9516,20.146
21.897,7.9088,-2.5742,17.84,-1.244,15.992
17.607,-7.7853,-0.33271,22.426,0.48186,15.821
16.394,-3.8623,-3.1292,21.205,7.6255,17.97
16.344,1.7813,-4.4292,17.222,-6.7166,22.194
15.832,-0.93139,-0.08414,24.892,1.3411,15.852
15.913,-2.1164,0.36296,24.614,-2.4789,15.95
21.512,8.3932,1.9211,18.246,1.0391,15.916
24.707,1.7915,-2.2006,15.884,-0.17224,15.919
19.5,-4.7333,-7.8143,17.121,4.1504,18.713
23.45,-5.2709,3.5574,16.53,-0.94612,16.116
22.442,-3.4913,-6.9592,16.189,1.48,17.194
16.412,-5.0262,0.37701,24.032,-1.0221,15.839
15.897,1.9632,-0.15461,24.805,-1.1595,15.843
17.92,-7.6632,-2.8799,21.373,3.6351,16.311
23.302,-0.66523,6.5794,15.826,-0.23611,16.94
16.374,-4.4241,2.0866,22.841,-5.6088,16.704
15.826,0.45486,-0.59702,19.675,-9.1404,20.064
24.608,-2.4116,2.2466,15.943,-0.23906,15.924
18.637,-8.1847,3.2399,20.551,-3.3181,16.311
21.107,0.82888,8.8113,15.842,0.5899,18.683
21.338,-8.7018,0.58795,18.502,-0.33693,15.823
16.931,-2.0265,6.2408,16.678,-5.1845,22.124
15.845,-1.1798,-0.3076,24.453,3.7091,16.123
17.324,4.6292,5.7094,18.898,6.9869,19.082
22.878,-4.4218,-5.7456,16.37,1.42,16.681
24.372,-3.9022,1.4814,16.16,-0.26012,15.862
19.101,-7.6888,4.7358,19.465,-4.0756,16.803
16.086,0.0035635,-3.5012,15.814,-0.022722,24.559
18.862,8.5602,2.5351,20.578,2.4954,16.095
15.818,-0.42931,-0.069687,24.782,2.3848,15.937
20.392,6.6931,-6.1812,17.823,-3.5021,17.189
16.473,-5.2468,0.34424,23.953,-0.88658,15.833
16.002,2.9012,-0.41598,24.541,-2.0577,15.909
15.913,-2.0333,-0.70545,24.019,4.7212,16.344
16.314,4.4765,1.2533,23.705,3.6833,16.154
15.997,-2.6414,-1.195,23.424,5.7678,16.671
15.981,2.7162,-0.56097,24.419,-2.9281,16.008
16.394,-0.38463,4.9539,15.876,-1.6072,24.003
16.714,-1.6863,5.7693,16.564,-5.0168,22.565
23.589,-3.4518,5.0307,16.118,-0.87934,16.43
16.428,-4.8243,1.6444,23.327,-4.2967,16.303
16.18,3.9667,0.67938,24.214,2.3783,15.946
16.519,5.0689,-1.9065,23.066,-4.598,16.396
16.388,4.1237,2.7367,21.906,6.9614,17.402
17.464,-7.5781,-0.14689,22.619,0.22412,15.815
16.227,3.4899,2.4423,21.91,7.3455,17.571
20.816,8.5193,-2.8432,18.685,-1.7692,16.062
16.853,3.9053,5.0379,19.038,7.6153,19.471
17.913,-7.9133,2.0688,21.708,-2.6635,16.065
15.996,-2.7623,0.84726,24.062,-4.1925,16.231
22.504,-7.6244,-1.1927,17.515,0.5065,15.849
21.067,-7.2333,5.1348,17.822,-2.6902,16.639
18.782,8.2086,3.4049,20.351,3.3445,16.344
21.716,5.8538,-6.1119,16.993,-2.377,16.929
17.596,-4.7653,6.1453,18.586,-6.6171,19.102
15.843,1.1707,0.081254,24.899,1.0311,15.836
15.829,0.81582,0.22802,24.41,3.9591,16.168
19.804,-5.626,7.2368,17.486,-4.0964,18.04
17.06,-0.11114,6.8462,15.816,-0.29362,23.153
16.13,-2.5863,-2.7273,20.388,8.5654,18.996
17.563,-7.7292,0.065531,22.492,-0.096433,15.814
23.387,4.7822,-4.3578,16.412,-1.0697,16.277
16.539,-0.38799,5.4706,15.864,-1.4254,23.809
15.842,0.028007,-1.146,15.821,-0.57397,24.926
16.578,5.2259,2.0397,22.931,4.6934,16.433
17.884,6.0265,-5.4811,19.5,-6.0716,17.913
15.936,2.3755,-0.182,24.746,-1.1217,15.841
20.264,-5.4724,7.3147,17.226,-3.6195,17.897
18.392,-8.5882,0.86981,21.429,-0.98841,15.851
18.196,6.7054,5.1699,19.719,5.4262,17.411
18.99,-8.0059,-4.0817,19.877,3.7194,16.551
16.99,2.2001,-6.325,16.776,-5.3739,21.918
15.833,0.0027882,-0.9621,15.814,-0.068253,24.95
20.628,7.1495,5.5447,17.97,3.1441,16.853
22.132,5.5926,5.8671,16.814,2.0354,16.788
23.983,5.0286,1.5263,16.417,0.35958,15.866
16.367,-4.2243,2.4179,22.372,-6.4071,17.061
23.73,-5.5589,-1.7274,16.576,0.46277,15.882
24.934,0.40121,-1.1224,15.817,-0.019158,15.841
15.817,0.32448,0.22935,22.345,7.8834,17.676
24.094,3.2773,-3.7465,16.069,-0.57823,16.136
18.376,-8.6098,-0.40898,21.487,0.46782,15.822
15.991,2.4531,-1.4512,22.736,-6.943,17.183
23.218,-6.5677,1.5587,16.953,-0.52253,15.871
18.804,4.9258,-7.4106,17.57,-5.0196,18.909
23.344,-0.7516,-6.5005,15.829,0.26179,16.907
20.333,7.3748,5.3702,18.258,3.3209,16.828
16.495,-0.39223,-5.321,15.869,1.4947,23.867
16.227,-4.1125,1.1051,23.867,-3.5979,16.131
17.112,6.4692,2.5479,22.249,4.3358,16.409
21.517,8.6067,0.072486,18.36,0.039915,15.814
15.841,-0.09637,-1.1212,15.9,1.9956,24.804
20.05,2.7206,-8.7477,16.194,-2.419,19.24
22.749,-4.5481,-5.8639,16.414,1.5194,16.731
19.611,2.833,8.7025,16.279,2.8157,19.569
16.309,-4.5294,0.94012,23.935,-2.7992,16.005
15.844,1.072,0.51507,23.495,6.1745,16.783
21.62,-7.6458,-3.7916,17.814,1.8724,16.221
20.102,6.6726,-6.2704,17.955,-3.7838,17.309
15.939,2.1364,-1.1178,23.151,-6.4615,16.929
15.849,0.47366,-1.2026,17.318,-7.3082,22.76
16.248,-4.3426,0.35148,24.268,-1.1302,15.844
16.365,4.04,-2.6963,21.914,-7.0092,17.42
16.647,4.4068,-3.7999,20.728,-7.4701,18.105
16.403,3.3718,3.6993,19.995,8.2154,19.047
16.203,-4.1438,0.050122,24.38,-0.17082,15.814
16.493,-4.6226,2.6544,22.214,-6.2911,17.051
18.204,8.4743,0.074049,21.7,0.088921,15.814
15.952,-2.5233,-0.11761,24.749,0.68256,15.824
19.461,6.1599,6.7376,17.995,4.4831,17.839
22.949,4.5726,-5.4991,16.401,-1.3862,16.598
20.055,-3.8827,-8.2971,16.579,3.1944,18.789
19.754,-9.1529,0.45575,19.989,-0.37235,15.821
16.145,0.71419,3.7752,16.19,3.933,23.9
17.663,5.7887,5.3316,19.632,6.3492,18.016
22.429,7.722,1.105,17.579,0.4798,15.845
16.915,6.3051,1.6821,22.93,3.2079,16.106
19.659,-6.7006,-6.2414,18.232,4.2057,17.43
24.357,-2.7341,3.2151,15.985,-0.4007,16.045
16.791,-3.2997,5.2692,18.318,-7.4524,20.311
16.161,-1.9868,3.3867,18.413,-8.2362,20.994
17.578,7.7458,-0.25638,22.468,-0.37529,15.818
17.761,-0.63744,-7.9723,15.863,1.2253,22.173
16.644,5.6073,-1.5235,23.277,-3.4054,16.125
16.217,-2.2808,3.539,18.731,-8.347,20.567
18.926,6.3959,-6.2725,18.566,-4.9979,17.779
16.033,-2.6309,-1.7487,22.309,7.3778,17.466
16.74,6.082,0.045882,23.599,0.098086,15.814
17.846,-4.7258,-6.5803,18.213,6.2422,19.22
19.904,-7.5457,5.206,18.643,-3.6072,16.836
21.262,-2.2037,8.4848,16.003,-1.4465,18.36
17.239,6.8364,2.2525,22.321,3.6629,16.236
16.113,-3.489,1.109,23.852,-4.2489,16.255
18.191,-6.0506,-5.9163,19.061,5.8098,18.017
15.815,0.22926,-0.15886,22.42,-7.8064,17.618
21.919,-5.5726,6.1486,16.846,-2.2078,16.919
15.931,-1.9553,-1.2762,22.492,7.4234,17.434
23.446,4.3547,4.6448,16.307,1.0353,16.34
18.602,2.2578,8.4856,16.228,3.0765,20.694
16.328,-1.5868,-4.4332,16.975,6.2668,22.539
15.825,0.72408,-0.065775,24.902,-1.3499,15.853
20.168,-9.0711,1.1929,19.53,-0.88445,15.861
18.045,-7.8524,2.7546,21.311,-3.3593,16.245
16.068,-2.8315,-1.8578,22.312,7.2858,17.426
18.067,-7.4311,3.7938,20.76,-4.4484,16.656
24.939,1.017,-0.47223,15.836,-0.020395,15.818
23.147,-0.92842,-6.7978,15.838,0.34879,17.041
23.927,1.4551,-5.1895,15.866,-0.36917,16.457
15.895,1.0147,-1.6629,18.703,-8.7394,21.014
15.887,-0.77677,1.6729,17.759,-7.921,22.143
24.464,0.92214,3.7465,15.833,0.15661,16.128
24.139,0.70169,-4.8089,15.825,-0.16031,16.353
18.767,-8.8694,0.40544,21.041,-0.4185,15.821
15.983,-2.0596,1.8794,21.141,-8.498,18.488
16.286,-4.0459,2.0386,22.801,-5.9621,16.823
15.94,2.1088,1.1826,22.958,6.7666,17.071
19.882,5.5575,-7.2909,17.414,-4.0067,18.043
20.648,-7.0425,5.6701,17.901,-3.1648,16.902
18.58,-8.7333,-0.76225,21.226,0.82431,15.841
20.681,8.4583,3.1633,18.73,2.0111,16.128
21.024,5.5993,-6.9067,17.057,-2.9542,17.421
19.403,-7.2317,-5.5526,18.802,4.2248,17.124
19.37,9.1036,-0.34389,20.389,-0.30686,15.818
15.814,-0.051114,-0.0052944,24.902,1.5391,15.864
23.866,5.4739,-0.76729,16.539,-0.19876,15.827
15.951,-2.4663,-0.5001,24.475,2.8911,16.002
23.325,-6.4989,-0.99587,16.912,0.32553,15.837
19.547,-7.3963,-5.3757,18.807,4.005,16.994
17.075,6.7831,1.143,22.965,2.0347,15.931
18.398,8.6355,0.14464,21.471,0.16454,15.815
16.681,-4.2415,4.129,20.239,-7.6743,18.504
20.485,8.6734,-2.7153,19.001,-1.828,16.05
20.338,9.0623,-1.0419,19.382,-0.74492,15.849
16.23,3.6668,-2.1912,22.414,-6.7271,17.173
15.817,-0.38995,0.061037,24.797,-2.3027,15.928
23.735,-5.6468,-1.3743,16.599,0.37324,15.857
21.011,-8.2063,3.4374,18.386,-2.0044,16.171
15.814,0.088434,-0.0048189,24.959,-0.81406,15.828
22.103,-7.1634,-3.8523,17.432,1.6601,16.214
21.898,-5.4094,-6.3165,16.792,2.2177,16.989
18.59,8.7637,0.39746,21.241,0.42941,15.821
23.124,6.8957,-0.08088,17.084,-0.028681,15.814
23.446,-6.1836,-1.5134,16.792,0.4651,15.867
15.914,1.9686,-0.88487,23.552,-5.8136,16.668
19.44,-8.9339,1.8578,20.155,-1.6111,15.945
16.128,-3.4143,-1.5409,23.255,5.642,16.657
15.831,0.70371,-0.57875,21.733,-8.4109,18.157
18.048,7.4412,3.7304,20.812,4.4095,16.632
20.668,-8.919,-1.4415,19.037,0.95361,15.878
15.817,-0.36212,0.15916,23.734,-5.8003,16.641
21.013,4.8087,-7.4851,16.741,-2.8082,17.759
16.6,5.6336,-0.69438,23.699,-1.6204,15.88
16.878,4.8851,-4.1911,20.533,-7.1667,18.027
21.325,2.4884,8.3676,16.051,1.585,18.251
15.814,-0.067445,0.15399,17.614,-7.8016,22.427
16.414,2.7407,4.2379,18.632,8.056,20.427
17.854,-7.4847,-3.1248,21.308,3.9963,16.421
17.15,6.7023,-2.1164,22.477,-3.5841,16.207
15.825,-0.039468,0.74311,15.847,-1.2468,24.911
15.818,0.00028296,-0.42838,15.814,-0.015608,24.975
16.244,3.8244,-2.0516,22.697,-6.2651,16.944
16.439,4.186,-2.9802,21.619,-7.1556,17.579
20.006,-7.938,4.5787,18.842,-3.2125,16.573
19.438,-9.1208,0.26638,20.32,-0.23403,15.816
24.631,1.9466,-2.5353,15.898,-0.2177,15.954
20.764,-6.1523,-6.5704,17.388,3.2107,17.303
16.917,-5.9204,2.751,22.202,-5.0825,16.634
19.406,3.6046,-8.3753,16.606,-3.5933,19.386
17.283,6.6608,-2.9316,21.87,-4.5926,16.528
16.547,5.2887,-1.5435,23.343,-3.6857,16.174
24.374,4.1659,-0.10369,16.208,-0.019376,15.814
18.393,-5.2706,-6.8371,18.133,5.6328,18.731
16.183,4.0332,-0.25595,24.383,-0.89653,15.832
20.591,3.9325,8.1609,16.502,2.7962,18.385
16.865,1.8473,-6.1329,16.581,-4.9735,22.341
23.528,5.0431,3.6365,16.463,0.91792,16.129
22.081,7.9937,1.6097,17.815,0.76061,15.882
17.12,4.6203,5.2194,19.342,7.2453,18.865
16.041,3.0628,0.97786,23.948,4.3119,16.262
23.211,-2.6438,-6.2224,16.004,0.89045,16.817
24.238,-0.59962,4.5436,15.822,-0.12762,16.29
19.748,-0.62519,9.1426,15.836,-0.64507,19.976
15.913,-1.416,-1.6199,20.216,8.9758,19.419
21.139,-4.8187,7.4038,16.721,-2.7115,17.674
19.891,-7.0345,-5.8787,18.305,3.8812,17.158
17.516,-7.6597,-0.035056,22.553,0.052471,15.814
22.094,-2.0188,7.8877,15.949,-1.0488,17.729
22.829,6.4032,-3.5392,16.968,-1.2321,16.128
19.587,-0.496,9.1356,15.828,-0.53589,20.15
20.269,-8.2507,-3.9195,18.867,2.6662,16.336
17.82,7.5735,2.7872,21.51,3.6374,16.298
16.339,4.5056,1.5072,23.472,4.2881,16.29
16.884,-5.5848,-3.2303,21.746,5.9265,17.015
18.023,-3.2795,7.6233,16.913,-4.9442,20.494
15.826,0.63593,-0.40276,22.723,-7.421,17.372
16.168,2.4245,-3.1401,19.484,-8.6125,19.83
17.516,7.5398,1.347,22.376,2.0008,15.94
20.661,-1.1342,8.9658,15.871,-0.90636,19.052
15.819,0.47722,-0.04199,24.916,-1.3092,15.85
21.485,-8.1478,2.8398,18.126,-1.5092,16.042
22.336,-6.7185,4.157,17.188,-1.6329,16.272
16.734,6.0122,-0.79785,23.495,-1.7055,15.89
18.23,-8.4962,-0.12893,21.67,0.15371,15.815
20.606,-2.8715,8.5874,16.183,-2.1835,18.734
15.887,1.5442,-1.0261,22.483,-7.5492,17.489
16.983,-6.5265,1.4226,22.976,-2.6357,16.01
18.181,4.0598,-7.4143,17.358,-5.3894,19.796
17.012,-6.4227,2.0558,22.636,-3.7092,16.223
18.615,-8.273,2.9665,20.678,-3.0779,16.23
24.03,1.1239,5.0181,15.844,0.27194,16.408
18.372,-6.3803,5.7903,19.144,-5.5191,17.762
16.802,-6.0938,1.3677,23.202,-2.7883,16.026
15.982,2.775,0.10383,24.708,0.54578,15.82
16.317,0.10707,-4.6615,15.819,-0.48772,24.202
16.012,2.1975,2.0517,21.016,8.5125,18.565
19.961,-8.6721,2.968,19.413,-2.235,16.122
20.015,-9.1609,0.21159,19.736,-0.16319,15.815
17.929,-7.8777,2.2674,21.621,-2.894,16.116
18.129,8.0083,2.5504,21.311,3.0495,16.17
22.453,-2.2726,7.4341,15.974,-1.041,17.418
16.977,6.2131,-2.4145,22.434,-4.386,16.404
21.307,-6.6967,5.6163,17.466,-2.6407,16.786
15.822,0.56801,-0.21684,23.999,-5.1837,16.453
16.085,1.8905,-2.9378,18.801,-8.5475,20.658
16.909,3.1249,5.7123,17.838,6.9807,20.712
16.488,-4.8394,2.1939,22.777,-5.3487,16.634
18.182,-8.44,0.49517,21.709,-0.59786,15.827
18.338,3.7405,7.7317,17.049,4.9214,19.982
24.86,-0.95688,1.6373,15.833,-0.067252,15.871
18.56,-7.1058,-5.1111,19.592,4.9112,17.18
19.473,9.0958,0.80504,20.256,0.70009,15.838
16.944,4.0669,-5.1883,19.02,-7.4922,19.384
16.203,-2.2097,-3.5017,18.659,8.3302,20.664
19.273,-5.3003,7.3789,17.549,-4.5926,18.471
21.961,1.3281,-8.155,15.874,-0.73483,17.921
16.245,2.4758,-3.567,19.001,-8.4144,20.239
15.97,2.1463,-1.6041,21.96,-7.9015,17.814
17.965,-8.0966,-1.5109,21.811,1.9305,15.944
22.511,-5.7083,-5.1812,16.788,1.7166,16.531
16.098,-2.6727,2.3754,21.138,-8.2717,18.359
16.475,2.1095,-4.8273,17.383,-6.8576,21.814
23.322,5.2763,3.9324,16.546,1.0673,16.189
16.118,-3.6208,-0.70241,24.25,2.7037,15.984
16.959,6.1318,-2.5132,22.373,-4.5884,16.465
16.608,-5.6583,-0.71315,23.682,1.6539,15.883
17.358,-6.7601,-3.0281,21.753,4.5947,16.545
20.329,0.95091,9.0739,15.858,0.83375,19.379
22.648,-2.2815,7.1934,15.97,-0.97771,17.273
16.126,-2.9681,2.2721,21.697,-7.7866,17.854
19.254,8.2016,3.8964,19.736,3.3561,16.44
15.846,1.0007,0.7235,22.226,7.935,17.738
15.843,1.0022,-0.61121,22.825,-7.2387,17.275
15.849,-0.72128,1.0713,19.127,-8.9905,20.608
16.099,3.2641,1.466,23.304,5.6469,16.652
22.264,6.9057,3.9905,17.281,1.6237,16.237
19.888,1.9318,-8.9616,16.015,-1.8586,19.614
15.814,0.014303,0.0035021,24.554,3.5184,16.089
19.722,4.9116,-7.7346,17.132,-3.9932,18.49
18.353,-0.54103,8.5846,15.84,-0.845,21.488
15.814,-0.0015966,0.056459,15.823,-0.66784,24.966
17.285,-0.19386,-7.2796,15.82,0.45796,22.846
15.875,1.058,1.3183,19.868,9.0712,19.808
18.494,-8.6971,0.42954,21.349,-0.47589,15.822
16.379,4.7237,-1.346,23.597,-3.7043,16.164
15.95,2.0143,-1.4976,22.002,-7.9075,17.802
18.508,-8.5044,1.9151,21.111,-2.0866,15.989
15.878,-0.69829,1.5834,17.611,-7.735,22.341
18.404,8.614,-0.68296,21.435,-0.7745,15.836
15.851,-1.3123,0.17033,24.799,-1.91,15.893
18.581,8.7458,-0.60753,21.238,-0.65741,15.831
16.854,-6.0463,-2.0283,22.785,3.9614,16.268
23.05,5.428,4.4308,16.621,1.2866,16.306
16.864,6.1975,-1.6062,23.021,-3.151,16.092
20.412,0.35683,-9.0993,15.82,-0.30813,19.346
15.893,-1.6015,-1.0639,22.478,7.5415,17.488
23.402,0.91244,6.3788,15.836,0.30887,16.857
15.866,-1.4494,0.57857,23.857,-5.3387,16.505
15.945,0.066016,-2.4584,15.822,-0.61697,24.763
16.882,6.1815,1.8261,22.885,3.5324,16.17
23.611,-6.0414,0.45805,16.726,-0.13458,15.819
16.187,3.8795,-1.1987,23.781,-4.0987,16.229
16.593,1.0276,-5.5627,16.141,-3.5053,23.325
16.397,-4.9793,-0.17538,24.084,0.48257,15.819
21.863,-6.3404,5.4264,17.152,-2.2009,16.659
16.22,-4.1005,1.0262,23.936,-3.3759,16.09
22.589,-5.4158,5.3566,16.681,-1.6714,16.579
18.977,-8.9807,0.01465,20.818,-0.014363,15.814
17.337,-7.1246,1.8961,22.392,-2.9871,16.092
22.278,-6.9681,-3.8502,17.303,1.5747,16.206
18.468,7.2193,-4.8354,19.832,-4.8376,17.057
21.628,7.9369,-3.1215,17.957,-1.5849,16.086
15.973,-0.5303,2.6538,16.247,-4.2766,24.073
18.211,4.7447,-7.0288,17.864,-5.7246,19.204
20.868,-8.8442,1.4383,18.857,-0.90987,15.876
17.266,7.2188,-0.64987,22.832,-1.0694,15.847
15.815,-0.0040592,0.25186,15.817,-0.38088,24.974
21.505,7.7953,-3.6666,17.934,-1.8764,16.198
15.814,-0.000484,-0.16761,15.814,0.068282,24.98
15.814,1.1355e-05,0.011815,15.814,0.022728,24.981
16.893,-0.14796,6.4719,15.819,-0.42868,23.377
15.919,1.6163,1.5103,21.103,8.646,18.596
16.074,2.1097,-2.6974,19.607,-8.7611,19.823
16.842,6.3033,-0.74839,23.367,-1.5037,15.874
16.202,-3.7084,1.8373,22.948,-5.9704,16.802
17.147,6.6682,-2.203,22.432,-3.7278,16.242
15.818,0.41297,0.2203,23.258,6.6711,16.981
20.535,-4.8921,7.6438,16.88,-3.2282,18.022
24.465,-3.311,1.9736,16.061,-0.29199,15.899
15.931,-0.79174,2.1949,17.09,-6.8135,22.945
17.484,7.4053,1.7554,22.286,2.623,16.033
21.253,-7.7394,4.1281,18.01,-2.2002,16.321
24.72,-2.2707,-1.5841,15.926,0.15645,15.868
15.887,-1.2382,1.3765,20.366,-8.99,19.308
23.062,-6.8655,1.3079,17.085,-0.4664,15.855
16.301,4.0513,-2.1632,22.639,-6.1898,16.929
22.875,1.5817,-7.0793,15.886,-0.64515,17.191
24.626,0.054619,-3.2197,15.814,-0.0078042,16.042
15.82,0.20975,-0.51545,17.411,-7.4888,22.681
20.028,0.86972,9.1211,15.853,0.82837,19.675
16.798,-6.2349,-0.074527,23.517,0.154,15.814
15.824,-0.02529,-0.67809,15.83,0.87808,24.94
23.301,-6.4793,1.3335,16.909,-0.43632,15.856
22.873,-5.7927,4.3714,16.757,-1.3837,16.299
16.243,-4.0509,1.5354,23.423,-4.8316,16.42
15.814,0.00077861,0.11412,15.814,0.16134,24.98
19.306,-9.0207,-1.1538,20.396,1.0405,15.865
21.25,0.78291,-8.7383,15.838,-0.53613,18.562
15.827,0.019413,-0.79757,15.821,-0.57341,24.949
21.315,2.8195,-8.2678,16.119,-1.7706,18.183
17.96,8.0086,1.9001,21.711,2.4184,16.021
16.403,-4.6353,1.8829,23.094,-4.9821,16.492
21.211,8.6565,1.557,18.543,0.90967,15.883
16.557,-1.6032,-5.3052,16.637,5.313,22.679
17.192,0.17954,-7.1088,15.819,-0.44343,22.97
17.44,-7.4629,1.0859,22.531,-1.6635,15.898
16.773,-5.9825,1.5127,23.161,-3.1262,16.081
15.829,-0.76963,-0.32877,23.777,5.6644,16.599
24.26,-2.0769,4.0134,15.914,-0.38696,16.181
18.451,7.5101,-4.3448,20.154,-4.4812,16.8
22.588,6.2188,4.4013,16.949,1.5524,16.318
23.979,-4.6374,-2.4969,16.329,0.54582,15.955
24.879,-0.60549,1.6343,15.822,-0.042399,15.871
22.28,7.9468,-0.446,17.725,-0.203,15.819
15.836,-0.27914,0.97685,16.679,-5.8965,23.653
16.721,4.8657,3.5609,21.231,6.9169,17.598
15.862,-1.1861,0.93198,21.885,-8.2173,17.996
15.819,0.011785,-0.51685,15.82,-0.5381,24.963
15.874,1.1231,-1.2538,20.358,-9.0139,19.331
17.428,7.3766,-1.4747,22.443,-2.2591,15.972
23.779,0.009644,5.718,15.814,0.0027652,16.613
17.17,-6.4046,2.9908,21.894,-4.8903,16.618
20.226,7.9124,4.5778,18.669,3.0513,16.545
16.29,-0.79429,4.4783,16.136,-3.6018,23.765
16.682,5.0222,3.1342,21.765,6.4125,17.206
18.051,-7.8628,-2.7407,21.312,3.3384,16.24
16.364,-2.7134,-4.0255,18.815,8.1956,20.29
19.47,-8.9779,-1.6637,20.158,1.4365,15.918
15.828,0.75257,-0.34336,23.636,-5.9569,16.698
15.844,1.0785,0.4898,23.626,5.9225,16.69
15.947,-2.4054,0.58786,24.356,-3.4431,16.085
15.84,0.98851,0.49667,23.389,6.3796,16.863
15.957,-0.86776,-2.4182,17.072,6.7566,22.932
17.019,0.6534,6.7282,15.899,1.7471,23.088
18.755,7.3311,4.9965,19.552,4.6085,17.037
17.566,7.4937,1.91,22.14,2.7641,16.063
16.183,-4.0021,-0.57787,24.266,2.0157,15.908
18.052,-7.6593,-3.2696,21.063,3.9231,16.43
22.236,-7.9547,0.88723,17.743,-0.40705,15.834
24.046,4.5011,2.4019,16.295,0.50566,15.944
21.402,-8.3487,-2.3819,18.272,1.3085,15.974
21.435,-8.6208,0.83359,18.408,-0.46627,15.833
19.424,-5.2375,7.4683,17.436,-4.4101,18.446
15.816,-0.25269,-0.15853,22.767,7.3923,17.35
16.025,0.23138,3.0952,15.876,1.6745,24.554
15.98,1.2154,-2.4782,17.891,-7.9794,21.851
19.995,9.1575,0.35762,19.752,0.27694,15.818
24.928,-1.2314,-0.26031,15.846,0.013624,15.815
17.416,1.8235,7.2784,16.3,3.8245,22.006
23.1,6.9167,0.46325,17.096,0.1653,15.819
20.026,2.5418,-8.8031,16.149,-2.2955,19.318
16.139,3.734,-0.75336,24.197,-2.7968,15.997
15.817,-0.41375,-0.031254,24.933,1.1258,15.841
19.243,-9.0421,-0.79402,20.497,0.72857,15.838
21.975,-7.9219,-2.3037,17.818,1.1002,15.955
17.896,7.9397,1.8833,21.786,2.4451,16.023
18.445,8.4122,-2.1077,21.128,-2.3281,16.031
16.827,5.9056,2.2225,22.668,4.3789,16.379
20.058,-0.92147,9.1139,15.858,-0.86991,19.641
24.83,-0.079397,2.1132,15.814,-0.00724,15.91
17.224,-6.3523,3.3271,21.602,-5.2508,16.79
21.466,-8.4451,-1.8303,18.295,1.0028,15.907
15.819,0.28793,0.42213,19.201,9.0564,20.567
22.075,-7.6874,2.7341,17.674,-1.2535,16.012
15.942,2.2387,0.95486,23.623,5.5605,16.589
19.94,8.9167,2.1258,19.617,1.6377,15.97
15.826,-0.17532,0.74819,16.416,-5.0472,24.046
18.113,-8.2252,-1.6488,21.61,2.012,15.961
16.28,-2.8963,3.4461,19.756,-8.4458,19.424
24.573,-1.9926,-2.8053,15.902,0.24847,15.987
17.152,-6.5095,2.6623,22.143,-4.4372,16.449
15.82,0.015502,0.56269,15.823,0.64976,24.957
21.079,-0.85712,8.8227,15.844,-0.61442,18.706
18.256,-2.7748,-8.0563,16.529,4.0639,20.702
17.861,-4.0036,-7.0634,17.556,5.8432,19.923
16.126,-3.68,0.65125,24.279,-2.4739,15.956
20.124,8.2995,-3.8624,19.007,-2.7226,16.332
23.825,0.80126,5.562,15.83,0.22172,16.565
16.178,-3.7692,-1.3815,23.565,4.7476,16.387
17.391,-3.0366,-6.816,17.15,5.7647,20.946
21.069,-8.3549,-2.9771,18.443,1.7401,16.077
16.966,6.1082,-2.6063,22.298,-4.7291,16.514
22.522,-7.695,0.1431,17.54,-0.061052,15.814
15.824,0.018527,-0.70094,15.822,-0.62295,24.952
16.224,-2.5612,-3.3828,19.365,8.5206,19.885
21.517,7.033,-4.9607,17.555,-2.3343,16.539
16.082,-3.4142,0.65193,24.311,-2.6778,15.979
23.771,-4.9522,2.8905,16.418,-0.69216,16.007
15.852,1.3156,0.2746,24.608,3.0152,16.015
20.42,-0.4437,9.0937,15.823,-0.38212,19.335
18.442,-8.6699,0.050252,21.421,-0.056493,15.814
19.191,0.013953,-9.061,15.814,-0.01691,20.585
15.885,-1.8169,0.058818,24.862,-0.47924,15.819
19.579,-5.6386,-7.2035,17.6,4.3313,18.13
16.525,5.4021,0.63072,23.815,1.5545,15.874
19.717,-7.2624,-5.5857,18.579,3.9369,17.054
20.014,2.6933,8.7587,16.19,2.4214,19.28
24.347,3.1096,2.903,16.035,0.41082,16.002
22.342,-7.8144,1.1254,17.646,-0.50038,15.846
16.231,-3.6144,-2.2867,22.239,6.9551,17.308
18.022,-6.5419,5.1041,19.832,-5.6349,17.479
22.826,2.7247,6.7941,16.029,1.066,17.075
17.93,0.46255,8.1853,15.837,0.83713,22
15.817,-0.0051594,-0.37123,15.816,0.32837,24.973
23.861,-2.0963,-5.1274,15.922,0.52877,16.443
18.991,-8.385,3.2338,20.225,-3.0317,16.264
17.484,-7.1971,2.4728,21.978,-3.642,16.258
16.154,-3.8644,0.42529,24.371,-1.5528,15.869
16.056,1.5624,-2.9189,18.144,-8.1476,21.445
16.596,-5.5948,-0.88744,23.64,2.0718,15.923
16.521,-4.6559,2.7834,22.07,-6.4196,17.134
24.398,1.1763,-3.9148,15.845,-0.21055,16.16
16.043,2.4527,2.0976,21.35,8.2422,18.238
15.848,0.90804,0.89173,20.954,8.8578,18.812
16.213,3.3051,-2.5817,21.528,-7.7427,17.898
22.457,4.3153,6.4612,16.383,1.6741,16.98
24.329,-3.5904,2.3835,16.109,-0.38863,15.94
23.283,1.7242,6.4179,15.894,0.59623,16.882
20.755,-8.4828,3.0206,18.699,-1.8964,16.097
17.296,-7.2999,-0.031622,22.841,0.051516,15.814
23.164,-3.1553,-6.0625,16.086,1.0379,16.765
16.391,-4.8719,-0.91616,23.867,2.5177,15.97
15.865,-0.19038,-1.5428,15.988,2.8125,24.628
22.367,-6.9364,-3.7131,17.267,1.4907,16.175
16.101,-2.0656,2.9398,19.141,-8.6482,20.27
23.416,0.83979,-6.3633,15.832,-0.28301,16.851
22.226,-7.8951,-1.3764,17.72,0.62875,15.863
17.651,-7.6954,1.5641,22.158,-2.2097,15.973
15.833,-0.93181,-0.20362,24.608,3.1568,16.034
16.084,-3.1219,1.5551,23.088,-6.1056,16.823
16.02,3.0364,0.41604,24.526,1.9634,15.9
16.713,-4.9019,-3.4741,21.343,6.8222,17.514
19.484,-7.8227,4.714,19.189,-3.71,16.71
16.551,-4.0291,3.779,20.496,-7.7805,18.415
20.849,-8.7142,2.1192,18.787,-1.3315,15.949
18.757,-8.5767,2.2741,20.758,-2.3095,16.045
23.772,0.014085,5.733,15.814,0.0040533,16.618
22.85,-6.0016,-4.1343,16.828,1.3553,16.247
16.38,4.8958,-0.43863,24.063,-1.2248,15.85
16.53,5.1814,-1.6985,23.238,-4.0901,16.264
24.816,1.9984,0.93895,15.9,0.080684,15.833
21.882,-8.2756,0.94591,18.026,-0.4747,15.838
20.796,-4.1828,7.9568,16.555,-2.7565,18.146
17.333,7.3502,0.47463,22.767,0.76085,15.831
16.061,2.9165,-1.6392,22.799,-6.6489,17.061
23.438,-6.1953,-1.5264,16.797,0.47046,15.868
22.28,-6.0579,5.1622,16.951,-1.8728,16.541
20.207,1.316,-9.0488,15.9,-1.1837,19.444
15.887,1.8506,-0.10074,24.844,-0.80448,15.828
21.176,-3.2611,8.1889,16.232,-2.0744,18.175
17.148,-4.6975,-5.2253,19.378,7.2,18.8
15.815,-0.23036,0.076844,24.218,-4.6343,16.311
17.457,4.1067,-6.3582,18.089,-6.6017,19.783
18.821,5.7289,-6.8206,18.135,-5.1731,18.303
18.026,1.699,8.1262,16.116,2.8613,21.504
15.814,1.3937e-06,0.0026339,15.814,0.012514,24.981
15.847,-0.57831,1.1072,18.157,-8.3935,21.712
16.277,-2.5224,-3.7119,18.899,8.3385,20.309
16.404,-1.4624,4.7897,16.679,-5.5238,22.833
24.388,-3.9751,1.0882,16.172,-0.19406,15.84
20.313,-8.5132,-3.2892,19.015,2.2655,16.174
20.628,-9.0472,-0.089377,19.15,0.060181,15.814
21.182,-1.1253,8.7386,15.864,-0.78045,18.591
18.967,-7.9311,4.2041,19.837,-3.8331,16.604
17.356,-7.0358,2.3057,22.183,-3.5754,16.226
23.576,-4.9804,3.5666,16.443,-0.88352,16.115
24.596,-3.347,-0.10618,16.061,0.015592,15.814
15.814,-0.00018517,-0.11607,15.814,0.037727,24.981
18.839,-8.8708,0.90109,20.924,-0.91135,15.849
16.199,4.1016,-0.40811,24.318,-1.3964,15.859
15.816,-0.27981,0.088615,24.287,-4.4306,16.264
22.058,-7.3764,3.524,17.539,-1.5672,16.148
15.814,-4.6441e-05,-0.09882,15.814,0.011114,24.981
19.721,7.0344,5.8705,18.418,4.0388,17.2
15.895,-0.0019214,-1.9504,15.814,0.0229,24.853
21.687,6.1177,5.8798,17.105,2.3879,16.841
16.565,-4.6831,-3.0114,21.806,6.6479,17.294
22.865,7.1245,1.4372,17.223,0.54516,15.864
16.273,-4.1348,1.7026,23.241,-5.1392,16.518
15.821,0.22615,-0.5585,17.398,-7.4663,22.696
18.748,8.8357,0.75716,21.038,0.78422,15.839
17.424,7.3612,1.5163,22.435,2.3252,15.982
17.242,6.4561,-3.1964,21.699,-5.0371,16.698
15.829,-0.7975,0.30224,24.001,-5.1471,16.444
16.717,5.5214,-2.399,22.571,-4.9932,16.556
15.829,0.83077,0.12037,24.804,2.1331,15.912
16.064,-0.3459,-3.3439,15.932,2.2787,24.41
21.686,0.99955,8.4264,15.85,0.60344,18.175
15.853,-1.3557,-0.14394,24.836,1.5679,15.867
24.701,-2.1737,-1.8713,15.917,0.1775,15.889
15.826,0.70834,0.30324,23.776,5.6758,16.602
16.013,2.8648,0.93859,23.956,4.4284,16.286
21.276,-6.2666,-6.1186,17.279,2.7391,16.994
18.13,-4.5375,7.0749,17.764,-5.7491,19.397
16.093,3.5422,-0.024465,24.548,-0.099185,15.814
22.169,-5.2058,-6.1668,16.678,1.9941,16.897
18.649,8.7379,-1.1282,21.106,-1.1953,15.871
15.814,3.5042e-05,0.088194,15.814,0.0093963,24.981
16.627,-5.2263,2.4168,22.564,-5.3093,16.652
18.203,-7.7073,3.5216,20.804,-4.0136,16.496
18.115,-5.4546,6.3763,18.584,-5.9937,18.557
20.205,8.6949,-2.831,19.225,-2.0244,16.083
16.976,3.1807,5.8574,17.789,6.8706,20.687
23.212,-6.7074,0.83302,17.001,-0.28464,15.83
16.387,-2.4202,4.3108,18.15,-7.7869,21.004
16.761,-5.0817,3.4441,21.433,-6.6186,17.39
18.586,8.1795,3.165,20.628,3.2908,16.295
16.374,4.8091,0.91172,23.886,2.5436,15.973
24.555,-3.4983,-0.36091,16.086,0.055628,15.817
23.634,-2.963,5.2335,16.037,-0.7838,16.482
15.828,0.81073,-0.068993,24.905,-1.265,15.848
19.802,6.9599,-5.965,18.312,-3.9908,17.227
16.524,1.4193,-5.2442,16.493,-4.9159,22.923
15.814,-0.00029601,0.10131,15.814,-0.069093,24.981
17.859,-8.0113,-1.3071,21.979,1.7297,15.915
17.168,1.7636,-6.8403,16.355,-4.1305,22.249
20.184,-3.7475,8.3442,16.505,-3.0119,18.753
16.706,-5.9823,0.27605,23.633,-0.60226,15.823
18.429,-4.9083,7.1352,17.814,-5.4895,19.029
20.963,-7.6983,4.5051,18.12,-2.5277,16.447
24.573,-1.9935,-2.8077,15.902,0.24881,15.987
21.16,8.309,2.9672,18.369,1.6981,16.073
16.09,-3.4531,0.71346,24.256,-2.8816,16.007
23.064,6.8022,-1.5969,17.062,-0.56485,15.875
15.918,1.669,1.426,21.484,8.4106,18.268
23.566,-3.9244,-4.7286,16.208,0.93784,16.356
20.923,8.9211,-0.53672,18.871,-0.33806,15.822
15.831,0.40729,-0.79787,18.086,-8.3436,21.819
15.845,-0.2064,1.1936,16.151,-3.8624,24.411
16.429,-1.5224,4.8696,16.712,-5.5916,22.753
24.095,-3.5515,-3.4859,16.113,0.58139,16.091
15.815,0.22197,0.0066435,24.973,0.44773,15.818
21.04,-8.5527,-2.4028,18.576,1.4365,15.985
17.778,-7.9795,-0.7871,22.169,1.074,15.851
22.095,-5.352,6.1348,16.738,-2.0603,16.893
15.842,-1.1492,-0.098299,24.883,1.2687,15.848
24.883,-1.3503,-1.0427,15.853,0.060169,15.837
17.564,6.4026,-4.3322,20.629,-5.7555,17.242
21.345,8.6562,1.032,18.473,0.58843,15.844
16.797,-6.2345,-0.074032,23.517,0.15299,15.814
16.904,2.3794,-6.0464,17.023,-5.9273,21.711
23.725,5.7567,-0.93224,16.63,-0.258,15.834
21.637,4.8285,7.0223,16.638,2.337,17.354
16.578,5.5989,0.33303,23.806,0.79119,15.829
16.016,3.0346,0.16566,24.644,0.79139,15.828
18.788,-8.2146,3.3989,20.348,-3.3342,16.341
15.99,1.9852,-2.0366,20.631,-8.729,18.937
15.816,-0.34904,-0.00024798,24.977,0.010632,15.814
15.823,-0.0007475,-0.67309,15.814,0.026211,24.966
15.815,0.0020502,0.19762,15.815,0.24527,24.978
16.313,-1.5118,-4.3907,16.904,6.1259,22.656
21.447,-4.8547,7.1628,16.678,-2.4838,17.465
15.815,-0.0079645,0.19783,15.833,-0.94926,24.95
21.192,6.3824,-6.0666,17.357,-2.8031,16.984
23.233,6.6917,-0.68565,16.992,-0.2331,15.825
20.843,7.5421,-4.8567,18.089,-2.7465,16.569
15.826,0.57523,-0.51483,21.382,-8.6689,18.461
20.679,-6.9778,5.7334,17.851,-3.1566,16.924
19.186,-9.026,0.77544,20.56,-0.72136,15.838
15.815,0.011023,0.27245,15.833,0.95378,24.948
16.073,3.371,0.59544,24.359,2.4893,15.956
20.077,-6.27,-6.6761,17.729,3.8588,17.551
20.776,8.8657,-1.529,18.93,-0.98625,15.885
16.227,-4.2221,-0.56704,24.22,1.8661,15.895
16.049,3.2664,-0.020047,24.615,-0.088713,15.814
22.464,-7.0362,-3.2784,17.283,1.3113,16.091
17.994,4.7472,-6.7695,18.07,-6.0331,19.213
16.999,-0.96513,6.6465,16.002,-2.5771,22.966
15.816,0.015491,0.35355,15.836,1.0322,24.941
21.845,-8.1712,1.7711,17.989,-0.88585,15.898
15.999,-2.9073,-0.20212,24.656,1.009,15.836
23.28,-6.3523,1.9671,16.871,-0.63455,15.906
20.725,8.9208,-1.3025,19,-0.85234,15.865
16.744,-2.8673,5.3773,17.831,-7.138,20.924
20.628,-8.5229,3.0373,18.805,-1.9624,16.105
16.304,4.5113,-0.92931,23.946,-2.7814,16.002
16.759,1.4704,-5.9561,16.359,-4.346,22.786
15.815,-0.23981,0.020984,24.922,-1.3028,15.85
17.97,-8.214,0.68172,21.947,-0.87585,15.84
16.863,-5.8585,-2.5758,22.37,4.9205,16.561
17.18,-5.9646,3.8293,21.152,-5.9894,17.191
22.868,6.0769,-3.9782,16.85,-1.3148,16.213
23.345,0.70681,-6.5026,15.827,-0.24623,16.908
18.257,5.9524,-6.097,18.882,-5.7751,18.122
18.596,3.8066,-7.9082,16.968,-4.6346,19.798
17.68,-7.8577,0.74297,22.294,-1.0474,15.849
22.722,3.1588,-6.7525,16.107,-1.244,17.069
17.379,6.6655,3.3101,21.54,4.9316,16.689
15.846,1.1177,0.52033,23.566,6.0306,16.729
15.999,1.4997,-2.4991,18.582,-8.5381,21.013
16.238,-3.8958,1.8472,23.003,-5.7521,16.725
20.453,0.50203,-9.0827,15.826,-0.42825,19.3
19.721,8.7531,2.7073,19.699,2.1666,16.08
18.619,-8.5807,1.9145,20.992,-2.0259,15.983
16.633,0.98667,-5.6936,16.101,-3.2812,23.327
24.238,3.612,-2.8241,16.117,-0.46915,15.993
22.973,-5.7267,4.2285,16.722,-1.3042,16.263
15.92,-2.2,-0.33206,24.649,2.1892,15.919
15.868,1.4346,-0.68317,23.484,-6.1119,16.765
17.411,-7.1516,2.2433,22.161,-3.4116,16.191
23.466,6.3247,-0.26045,16.833,-0.081417,15.815
16.131,-3.7631,-0.1302,24.481,0.49362,15.819
22.749,-7.2497,-1.5803,17.298,0.61927,15.875
18.703,7.1426,-5.2125,19.443,-4.8024,17.18
21.456,8.4923,1.6313,18.326,0.89905,15.888
19.696,-8.3166,-3.8402,19.379,2.9897,16.367
20.142,-6.639,-6.2999,17.914,3.7522,17.314
22.073,-6.4753,4.9674,17.155,-1.9772,16.498
22.444,-1.2095,-7.6892,15.859,0.5781,17.551
18.138,-8.2762,-1.5106,21.614,1.8331,15.936
24.874,0.41897,1.7381,15.818,0.031232,15.878
18.941,-6.1234,6.548,18.34,-5.0305,17.984
18.484,-8.0302,-3.3495,20.643,3.5575,16.372
24.1,-0.92402,-4.8768,15.834,0.21519,16.371
17.174,-3.9634,-5.8627,18.374,7.0461,19.797
18.799,-8.2904,3.226,20.406,-3.1717,16.285
16.008,1.315,2.67,17.893,7.9518,21.811
16.961,0.99695,-6.5564,16.021,-2.7124,22.989
24.94,-0.902,0.64965,15.831,-0.024888,15.823
16.671,-5.5842,1.8695,23.025,-4.0723,16.275
17.691,7.7533,1.5524,22.115,2.1637,15.968
24.425,-1.6297,-3.6466,15.874,0.27018,16.112
24.45,-2.1909,3.2388,15.923,-0.32052,16.047
15.819,0.49659,0.032447,24.941,0.97453,15.834
15.896,1.827,-0.7052,23.874,-5.1719,16.462
15.896,0.80323,-1.7802,17.671,-7.7981,22.241
15.814,0.094153,0.0009883,24.98,0.15713,15.814
23.764,3.0356,-4.883,16.044,-0.73428,16.386
16.943,-6.0876,-2.5226,22.375,4.6403,16.479
17.864,-7.4881,-3.1471,21.288,4.0098,16.428
19.418,7.3664,-5.3779,18.893,-4.1294,17.029
18.279,2.8207,-8.0612,16.545,-4.0885,20.656
16.109,-3.5102,-0.95499,24.025,3.7044,16.142
15.814,7.8353e-05,0.065935,15.814,0.028103,24.981
15.912,-0.07905,-2.1382,15.83,0.8543,24.802
16.988,6.1057,2.7388,22.183,4.8934,16.578
16.242,-4.2744,-0.70069,24.138,2.2585,15.935
22.221,7.7167,2.18,17.64,0.97856,15.937
18.805,-8.5414,-2.4965,20.647,2.4945,16.091
15.815,-0.21913,0.095119,23.763,-5.7471,16.623
16.199,-3.571,2.0583,22.557,-6.6112,17.097
15.889,-0.94166,-1.627,18.505,8.623,21.247
18.248,-0.54518,-8.4957,15.842,0.88188,21.61
23.759,-1.7968,-5.472,15.895,0.49195,16.542
22.893,3.8732,6.1053,16.241,1.3289,16.803
19.118,0.82599,-8.9986,15.86,-1.0152,20.603
17.295,-7.0478,-1.8977,22.436,3.0401,16.1
17.528,7.2284,2.5887,21.878,3.7413,16.291
22.005,-2.6653,7.7793,16.052,-1.3796,17.686
16.461,-5.2141,-0.16619,23.992,0.43249,15.818
17.518,-6.4805,-4.0875,20.857,5.5924,17.099
16.658,-5.1225,-2.8299,22.122,5.9758,16.953
15.815,-0.0040954,-0.2144,15.818,0.45137,24.973
19.064,8.5846,-2.7571,20.313,-2.5701,16.132
18.265,-2.3935,8.1849,16.347,-3.5884,20.924
24.598,-1.3972,3.0325,15.857,-0.18823,16.016
19.245,8.3791,3.4911,19.901,3.0561,16.312
24.78,2.0801,-1.2672,15.907,-0.11385,15.848
19.083,-8.4233,3.2363,20.139,-2.9668,16.255
19.442,2.7881,8.6892,16.287,2.9076,19.728
16.141,-1.4576,-3.5294,17.347,7.0972,22.312
21.012,-8.505,-2.6119,18.563,1.5634,16.017
16.708,-2.7059,-5.3478,17.693,7.0353,21.133
22.339,2.7586,-7.4005,16.054,-1.2774,17.42
21.47,6.5796,-5.5975,17.361,-2.5158,16.76
16.507,-4.8947,-2.2215,22.752,5.3379,16.634
15.826,-0.66758,0.37535,23.097,-6.8991,17.09
19.376,-2.8385,-8.658,16.314,3.0051,19.763
16.967,-2.4309,6.1827,17.005,-5.8488,21.652
15.862,1.4405,0.44418,24.251,4.2982,16.24
21.254,-2.558,8.39,16.068,-1.6565,18.293
16.121,-3.3147,-1.6564,23.033,6.0843,16.825
19.006,-0.95345,-8.9424,15.878,1.2082,20.701
15.817,-0.019829,-0.41876,15.84,1.1146,24.934
16.699,4.7114,-3.6647,21.047,-7.1285,17.775
22.429,-1.442,-7.6664,15.879,0.6882,17.541
20.975,4.2443,7.8388,16.547,2.6482,18
18.591,-8.6893,-1.2137,21.158,1.3044,15.882
15.931,-2.3197,-0.19565,24.746,1.2348,15.847
18.444,-7.8317,3.7226,20.501,-3.9469,16.521
20.99,7.6471,4.5677,18.079,2.5364,16.463
15.814,-0.00073174,0.066967,15.815,-0.25836,24.979
24.811,-2.2258,-0.282,15.921,0.026974,15.815
19.64,3.208,8.5747,16.403,3.092,19.393
19.424,-6.8492,-6.0246,18.501,4.3845,17.384
21.737,4.3303,7.2524,16.467,2.1442,17.453
24.937,-1.0018,0.56645,15.835,-0.024105,15.821
21.467,7.2749,4.6617,17.688,2.2751,16.453
23.693,0.42197,-5.8807,15.818,-0.12602,16.669
19.63,3.0629,-8.6266,16.353,-2.9869,19.461
15.814,-0.0033154,0.079726,15.834,-0.98048,24.949
19.834,-9.1301,0.82304,19.888,-0.65933,15.837
17.811,-7.5322,-2.8671,21.479,3.7441,16.33
22.449,-6.0663,4.8698,16.921,-1.7198,16.446
19.435,8.6393,2.9343,19.908,2.4951,16.147
15.815,0.17248,0.12978,22.109,8.1252,17.867
22.264,-6.3467,4.8304,17.061,-1.8295,16.446
19.662,-9.1284,-0.72815,20.068,0.60679,15.833
15.999,-2.6512,-1.2077,23.407,5.7958,16.682
15.814,-0.0029465,0.18043,15.817,-0.38597,24.975
20.336,7.6688,-4.94,18.44,-3.1425,16.659
24.71,-2.6542,-0.95871,15.968,0.11055,15.834
15.814,-2.3232e-06,-0.0044463,15.814,0.012357,24.981
20.038,-8.3145,3.8482,19.085,-2.7685,16.336
16.725,-5.6949,2.0207,22.879,-4.2398,16.325
15.985,1.266,-2.4961,17.997,-8.0859,21.717
16.635,5.602,1.4345,23.338,3.2323,16.092
18.738,-3.1082,8.2997,16.553,-3.8574,20.142
17.577,-7.7459,-0.22021,22.471,0.32244,15.817
15.874,0.0059355,1.6847,15.814,0.082261,24.886
17.291,-7.006,-2.0235,22.384,3.2382,16.141
20.897,-3.9094,8.0494,16.449,-2.564,18.175
15.818,-0.0028091,0.44106,15.814,-0.15048,24.974
20.398,-7.6872,4.8875,18.414,-3.0735,16.632
21.634,7.4125,-4.2087,17.695,-2.0228,16.319
15.82,0.26629,0.45787,18.56,8.746,21.277
17.465,-7.1824,2.4273,22.019,-3.6029,16.245
15.814,-3.0126e-06,0.033388,15.814,-0.0021339,24.981
16.14,2.4251,-2.9416,19.782,-8.6605,19.567
22.669,-2.1475,7.208,15.951,-0.91993,17.277
22.638,4.2518,6.2499,16.349,1.549,16.879
15.869,1.5913,0.21794,24.757,2.0072,15.901
22.465,-5.8919,5.0509,16.857,-1.7339,16.496
15.891,1.7715,-0.68183,23.886,-5.1637,16.459
20.96,0.29666,8.9158,15.817,0.22096,18.843
15.814,-2.3921e-05,-0.075219,15.814,0.0075209,24.981
16.633,1.6608,-5.5345,16.614,-5.2033,22.607
15.854,-1.1051,-0.82552,22.092,8.0473,17.836
17.594,-7.169,3.0069,21.59,-4.1973,16.446
16.786,-6.1425,-0.87419,23.406,1.8106,15.901
17.021,-6.6986,0.93674,23.09,-1.7144,15.896
18.925,-8.6054,2.488,20.528,-2.4132,16.08
21.911,-2.649,-7.8716,16.053,1.4122,17.761
19.739,-0.44138,9.1527,15.825,-0.45752,20
16.952,5.7397,3.2771,21.704,5.8133,16.98
24.928,1.1553,-0.50313,15.842,-0.02471,15.819
15.817,-0.11056,0.37054,16.752,-6.1126,23.577
21.159,-4.4379,-7.6261,16.583,2.5827,17.805
16.047,3.2263,-0.38836,24.515,-1.7231,15.881
15.832,0.90007,0.2086,24.569,3.3352,16.061
20.007,6.3342,-6.6222,17.801,-3.9233,17.541
22.736,7.0678,-2.3123,17.23,-0.88884,15.947
24.345,-3.583,2.3045,16.107,-0.3742,15.931
16.946,-1.5435,6.4134,16.314,-4.0912,22.598
16.867,5.858,2.5992,22.349,4.9515,16.573
15.814,-0.072006,-0.060837,21.64,8.5196,18.255
22.187,-4.5488,6.6451,16.475,-1.8945,17.09
20.783,-6.3661,6.3533,17.487,-3.1803,17.189
16.051,2.925,-1.4855,23.083,-6.2208,16.861
16.072,2.5807,-2.2371,21.266,-8.2409,18.278
15.932,-2.2368,-0.69401,24.141,4.2761,16.242
22.876,6.4175,-3.3805,16.964,-1.1705,16.099
15.819,0.49707,0.053775,24.886,1.6052,15.869
21.898,3.7907,-7.4021,16.301,-1.8759,17.501
20.877,5.4239,-7.128,17.02,-3.0581,17.582
19.715,9.0921,1.1283,19.981,0.92638,15.859
23.221,-4.3343,5.1675,16.319,-1.1869,16.485
17.877,-6.2662,-5.193,19.782,5.9169,17.665
17.512,7.6365,0.50956,22.533,0.76303,15.832
22.652,2.3458,-7.1677,15.978,-1.0004,17.26
16.467,4.7032,-2.3086,22.635,-5.6873,16.761
16.164,1.5496,3.6257,17.427,7.2007,22.177
16.08,3.4633,0.073543,24.565,0.30545,15.816
15.93,-1.7396,1.5308,21.348,-8.4779,18.37
24.68,-1.3195,2.6609,15.852,-0.15427,15.968
15.865,1.548,0.064147,24.888,0.61494,15.822
24.551,-2.1781,2.7817,15.92,-0.26987,15.984
24.172,1.612,-4.4881,15.875,-0.34099,16.28
18.484,-8.2373,-2.8014,20.865,3.0199,16.198
19.71,-4.2444,8.119,16.811,-3.7032,18.853
17.184,-7.0633,0.67007,22.935,-1.1414,15.851
20.901,8.3075,-3.321,18.506,-1.9961,16.151
15.817,-0.0043552,-0.37848,15.815,0.2719,24.974
18.692,-6.3201,6.1753,18.726,-5.248,17.848
18.647,-8.2364,-3.1247,20.587,3.2017,16.274
17.788,-8.0116,0.56534,22.181,-0.76966,15.833
16.081,-3.0897,1.5791,23.028,-6.2195,16.87
19.732,-4.3622,8.058,16.859,-3.7435,18.779
15.951,-2.0834,1.4037,22.36,-7.5298,17.516
17.832,-7.7826,2.189,21.752,-2.8846,16.106
21.697,-7.8943,-3.0895,17.908,1.5433,16.078
18.523,-3.5385,-7.9785,16.844,4.5058,20.023
24.081,-4.1388,2.8292,16.219,-0.54744,15.995
20.891,7.8397,4.3197,18.236,2.4921,16.398
15.825,-0.019674,0.73659,15.822,-0.62936,24.95
16.213,-3.2467,-2.6512,21.36,7.8816,18.04
19.098,-9.0023,-0.6969,20.659,0.66224,15.833
18.688,4.966,-7.3056,17.671,-5.1778,18.917
18.63,-4.7735,7.3907,17.574,-5.1764,19.082
15.943,2.3654,0.59871,24.333,3.5578,16.104
15.825,0.45153,0.58375,19.742,9.1458,19.996
24.174,4.5246,-1.4959,16.291,-0.31081,15.864
22.936,6.0072,3.9163,16.816,1.2678,16.198
15.955,-1.9585,-1.6303,21.553,8.2821,18.168
20.974,-8.9138,0.11465,18.835,-0.071476,15.814
18.299,-3.0309,8.002,16.649,-4.2976,20.506
24.652,1.9351,2.4247,15.896,0.20639,15.942
20.515,-6.9657,5.8255,17.92,-3.3155,16.993
17.873,7.0694,4.0212,20.743,4.941,16.851
24.26,-0.85971,4.4363,15.831,-0.17799,16.266
16.03,-0.75098,-3.0446,16.449,5.0502,23.693
22.8,4.8181,5.5559,16.48,1.5057,16.626
24.123,-4.8387,-0.78568,16.362,0.17509,15.827
17.041,6.7871,0.51357,23.147,0.934,15.838
20.032,-7.1601,-5.7166,18.299,3.6994,17.042
16.364,4.8353,0.40441,24.094,1.1471,15.845
16.096,0.34082,-3.5449,15.915,-2.1087,24.387
18.624,8.238,-3.0794,20.626,-3.178,16.263
16.558,-5.3677,-1.3885,23.435,3.3018,16.099
17.727,7.677,-2.0806,21.903,-2.842,16.089
18.304,1.6232,8.4058,16.057,2.5013,21.256
18.833,-8.6485,2.157,20.71,-2.1534,16.017
17.422,7.3097,1.7389,22.361,2.6589,16.036
16.888,-1.4322,6.2992,16.269,-3.9484,22.738
18.942,-7.466,-4.9636,19.45,4.3829,16.957
20.224,7.7232,4.8907,18.545,3.2048,16.657
20.556,-6.9684,5.8049,17.902,-3.2766,16.977
17.129,6.6821,2.0429,22.535,3.4969,16.185
17.933,1.3295,-8.0927,16.008,-2.3505,21.762
15.816,-0.00052943,0.29374,15.814,-0.042609,24.978
15.826,0.64586,0.42432,22.597,7.575,17.469
15.942,-1.4499,1.9507,19.484,-8.9451,20.113
17.916,-6.773,4.5907,20.295,-5.4039,17.182
20.737,8.5772,2.7623,18.77,1.7541,16.05
16.686,5.5391,2.1216,22.821,4.5442,16.406
17.615,-7.7184,-1.1492,22.304,1.6514,15.901
16.327,-2.5203,3.9733,18.609,-8.1511,20.561
16.003,2.7951,-0.92602,23.955,-4.4776,16.296
19.556,9.105,-0.85247,20.167,-0.72716,15.84
18.056,0.98263,-8.2737,15.914,-1.6826,21.742
18.61,-8.3891,-2.6114,20.806,2.7351,16.134
16.527,3.7551,-3.9428,20.072,-7.9934,18.832
24.904,-1.4864,0.28127,15.861,-0.017809,15.815
15.825,0.51283,0.5179,20.852,8.9462,18.932
16.641,-5.6098,1.4835,23.303,-3.3245,16.109
15.824,-0.38928,0.581,19.123,-9.0238,20.645
15.855,1.3866,0.056585,24.904,0.60653,15.822
20.622,-8.4309,-3.2892,18.749,2.1113,16.157
22.479,6.7242,-3.8432,17.157,-1.4758,16.198
16.548,3.678,-4.1045,19.812,-8.0241,19.055
15.856,0.72664,-1.2026,18.687,-8.78,21.084
18.697,8.6716,1.7139,20.953,1.7824,15.946
16.23,2.8181,-3.2135,19.973,-8.4977,19.272
16.236,-4.2536,-0.6342,24.179,2.0629,15.914
24.378,1.0857,-4.0099,15.841,-0.19969,16.178
22.557,-3.3046,-6.9054,16.144,1.3662,17.155
16.239,-3.6655,2.2785,22.284,-6.8759,17.264
15.892,-0.23816,1.8904,15.994,-2.8524,24.578
17.715,7.1664,-3.415,21.25,-4.5181,16.596
21.546,8.5861,0.11723,18.335,0.06411,15.814
17.588,7.2604,2.7525,21.738,3.8799,16.34
15.866,1.5609,0.15721,24.824,1.4856,15.861
16.72,-6.0272,-0.11337,23.625,0.24527,15.815
16.129,-2.8621,2.4238,21.303,-8.0996,18.182
15.814,0.00020704,-0.12983,15.814,-0.037713,24.981
21.317,-7.8049,3.9207,18.017,-2.0785,16.266
16.367,2.4527,-4.2002,18.293,-7.916,20.866
22.95,-5.3039,4.797,16.598,-1.3858,16.4
16.445,1.8012,-4.8343,17.028,-6.2834,22.31
20.438,-4.1253,8.1115,16.597,-3.0077,18.417
21.718,-7.5426,-3.835,17.728,1.8414,16.226
15.852,1.067,-0.81492,22.009,-8.1307,17.906
16.045,0.73627,-3.1558,16.385,-4.809,23.763
18.768,-8.7565,-1.4708,20.923,1.5068,15.909
24.04,3.4533,3.7762,16.099,0.6179,16.142
15.889,-0.0031687,1.8749,15.814,-0.039338,24.863
15.815,4.0957e-05,0.23846,15.814,0.0040609,24.979
16.767,-0.94885,-6.0812,16.041,2.8967,23.227
23.033,-0.029491,7.0327,15.814,-0.011696,17.152
19.993,9.1638,0.11621,19.758,0.090058,15.814
24.647,-2.5292,-1.8358,15.955,0.20363,15.887
15.916,2.1518,-0.31447,24.667,-2.1233,15.913
17.374,-6.0617,4.305,20.676,-6.0945,17.39
17.048,6.8209,0.073065,23.172,0.13261,15.814
16.561,2.4081,5.0042,17.608,7.078,21.424
17.616,5.0683,-5.9344,18.887,-6.6113,18.777
18.865,-3.9662,8.0004,16.948,-4.4243,19.539
19.534,7.6282,-5.0378,18.993,-3.8473,16.838
15.822,-0.018207,0.63313,15.824,-0.67792,24.952
15.815,1.6865e-05,0.21937,15.814,0.0018178,24.98
16.243,-4.2551,-0.82799,24.064,2.6603,15.983
19.908,-6.7899,-6.1593,18.136,3.9428,17.303
21.984,-7.0093,4.3356,17.4,-1.8727,16.332
18.684,3.2988,8.1922,16.66,4.0967,20.07
15.94,2.4039,0.24026,24.711,1.4582,15.86
18.981,-7.26,5.29,19.227,-4.5321,17.118
17.496,-6.2285,4.4063,20.571,-5.9529,17.357
16.216,-3.2375,2.683,21.3,-7.9217,18.087
16.761,5.6968,2.2846,22.655,4.6584,16.453
21.191,-8.0286,-3.6174,18.196,2.0058,16.202
20.925,-7.392,5.0219,17.968,-2.7517,16.616
24.29,-0.41891,4.4099,15.818,-0.085917,16.26
18.337,4.616,7.2427,17.661,5.4931,19.29
16.757,5.6811,-2.3009,22.643,-4.6973,16.465
19.303,-0.52713,9.0783,15.832,-0.61687,20.442
23.318,-4.1636,-5.104,16.274,1.112,16.463
19.65,2.3866,-8.8397,16.141,-2.4028,19.697
17.045,6.2663,-2.6799,22.198,-4.6757,16.511
16.089,-0.35827,-3.5021,15.929,2.2425,24.376
21.411,-4.9809,7.1043,16.729,-2.5389,17.442
16.481,2.1595,-4.8278,17.44,-6.9342,21.734
24.372,-4.1612,0.31031,16.207,-0.057934,15.816
16.138,-3.7266,-0.75855,24.194,2.8207,16
16.178,3.8397,-1.18,23.799,-4.0848,16.225
18.223,6.9074,4.9393,19.888,5.2304,17.237
15.832,-0.90981,0.19086,24.636,-3.0385,16.017
15.816,0.011815,0.35604,15.827,0.78285,24.957
15.815,0.0052614,-0.27266,15.818,-0.45591,24.972
23.123,6.7166,-1.5698,17.021,-0.54429,15.873
15.814,0.0032684,-0.13834,15.82,-0.55816,24.97
17.422,5.0337,-5.5771,19.2,-6.8417,18.676
16.906,3.3533,5.5735,18.131,7.2101,20.38
15.847,1.0151,0.71371,22.33,7.8259,17.655
15.814,0.0010989,0.12309,15.815,0.2111,24.979
16.963,-6.6089,-0.6013,23.237,1.135,15.849
16.092,3.5094,-0.44314,24.437,-1.7934,15.887
21.126,-0.10411,8.8401,15.814,-0.07417,18.699
24.389,-3.5712,2.0493,16.104,-0.32966,15.906
23.424,5.3409,-3.5364,16.552,-0.9557,16.113
22.389,3.7199,-6.9061,16.243,-1.5745,17.178
16.96,-6.6282,-0.078803,23.292,0.14927,15.814
24.94,0.46388,-1.0145,15.818,-0.020005,15.836
18.199,5.6607,-6.3003,18.677,-5.8857,18.379
24.692,2.664,1.1741,15.969,0.1362,15.843
23.757,3.7759,-4.3546,16.168,-0.80904,16.264
15.933,2.3238,-0.35736,24.624,-2.2249,15.923
24.316,3.6305,2.3983,16.116,0.396,15.942
22.611,-6.3263,-4.1951,16.982,1.4962,16.269
17.312,7.0569,1.9782,22.383,3.1426,16.122
16.325,-4.2176,2.0642,22.82,-5.8053,16.769
19.807,5.2533,-7.5118,17.28,-4.0152,18.253
16.318,4.1152,-2.2004,22.614,-6.1784,16.929
21.756,-3.7,7.5766,16.291,-1.9275,17.626
22.477,7.7289,0.53965,17.568,0.23272,15.821
16.949,-4.5075,4.827,19.663,-7.4373,18.745
23.599,-5.9701,1.1646,16.707,-0.33918,15.845
16.071,0.4908,3.3755,16.044,3.143,24.228
24.887,-0.89231,1.4181,15.831,-0.054129,15.857
15.966,0.21134,2.6401,15.886,1.8131,24.63
15.846,-1.1895,-0.33326,24.382,3.9576,16.169
15.814,-0.030132,-0.059182,18.085,8.3613,21.844
18.202,-0.0036116,8.4721,15.814,-0.0059573,21.704
18.639,-8.2346,-3.1146,20.599,3.1991,16.272
16.09,2.182,-2.7671,19.63,-8.7378,19.78
21.339,6.0954,6.2375,17.185,2.6953,17.036
16.269,3.6513,2.5501,21.87,7.2883,17.558
17.301,-7.2001,1.2601,22.657,-2.0334,15.937
15.948,0.18927,-2.4797,15.88,-1.7373,24.668
22.769,6.3726,-3.7509,16.968,-1.3127,16.17
16.406,5.0137,0.19653,24.068,0.53617,15.821
23.869,0.30986,5.5135,15.816,0.084508,16.548
16.767,1.0299,-6.0675,16.082,-3.1298,23.169
16.013,1.2721,2.7343,17.716,7.7403,22.021
16.413,-4.1281,2.8963,21.696,-7.135,17.544
16.193,4.0153,-0.78249,24.137,-2.6846,15.984
17.31,7.2399,-1.114,22.685,-1.7941,15.91
23.87,-5.477,0.68,16.539,-0.17614,15.824
17.127,3.4405,-6.0786,17.846,-6.7721,20.439
15.936,1.7681,1.5881,21.256,8.5242,18.443
19.648,9.1057,0.95819,20.065,0.79986,15.847
19.156,-0.21336,-9.0468,15.817,0.26115,20.619
17.746,-7.9413,-0.76852,22.21,1.0598,15.85
18.479,-8.6908,0.33392,21.371,-0.37151,15.819
19.038,6.6371,6.0878,18.658,4.8193,17.588
23.214,-0.24478,-6.7512,15.815,0.090466,17.016
23.72,-5.7811,-0.84355,16.638,0.23452,15.83
17.55,-0.29955,7.7039,15.826,-0.62956,22.493
15.846,0.98254,-0.74979,22.018,-8.1355,17.905
19.109,-3.1853,8.453,16.496,-3.5465,19.818
20.485,1.2012,9.0089,15.881,1.0051,19.203
22.764,4.0429,-6.1987,16.289,-1.4349,16.848
18.448,-4.1583,7.6127,17.262,-5.0813,19.617
18.366,8.1261,2.8496,20.962,3.1673,16.227
17.023,-5.111,-4.4357,20.362,7.0134,18.023
21.613,7.7135,-3.6646,17.85,-1.8247,16.193
18.379,3.4979,-7.8801,16.881,-4.6562,20.136
24.544,2.1752,2.8181,15.92,0.27332,15.989
18.99,-8.7514,2.0425,20.575,-1.9652,15.989
22.817,-5.8537,-4.4144,16.785,1.4229,16.311
15.924,-2.2006,-0.52693,24.405,3.3903,16.075
15.954,2.2853,1.1162,23.307,6.1431,16.801
23.339,2.3332,-6.1224,15.959,-0.75974,16.772
22.111,-2.2646,7.804,15.983,-1.1579,17.678
24.04,-3.6329,3.6042,16.129,-0.61928,16.112
24.3,-2.354,-3.7156,15.942,0.40302,16.126
24.271,-2.9274,3.4014,16.012,-0.45873,16.075
20.089,8.7804,-2.6017,19.382,-1.9201,16.044
16.554,1.013,-5.4392,16.149,-3.5603,23.369
24.353,2.2817,-3.5648,15.933,-0.37216,16.1
21.614,8.5385,0.089696,18.277,0.048272,15.814
23.833,-2.7036,4.9046,15.994,-0.65204,16.388
15.827,0.752,0.21211,24.404,3.993,16.175
23.309,-6.5913,-0.37092,16.945,0.12304,15.817
16.249,4.36,-0.067257,24.311,-0.21634,15.815
23.805,2.5274,-5.0674,15.972,-0.63337,16.43
22.947,-7.0037,1.4674,17.159,-0.54174,15.866
16.251,4.2734,-0.92774,23.991,-2.9454,16.023
17.801,7.3022,3.3825,21.205,4.3599,16.55
22.225,6.9676,-3.9606,17.316,-1.6341,16.232
22.205,-2.6908,7.5715,16.048,-1.3067,17.532
20.039,-8.5862,-3.1961,19.282,2.3497,16.168
17.162,-6.1042,3.5316,21.441,-5.6568,16.978
16.216,-3.6294,-2.129,22.485,6.6652,17.134
16.484,-4.1893,-3.2424,21.281,7.3757,17.809
16.5,5.3065,-0.6949,23.829,-1.7461,15.889
15.824,-0.5819,-0.38464,22.578,7.6032,17.485
15.814,-4.7313e-06,0.02994,15.814,-0.0037372,24.981
19.437,4.7888,-7.7668,17.175,-4.2402,18.714
17.745,-7.7421,-1.9213,21.94,2.6163,16.046
16.253,-3.1861,-3.0091,20.74,8.1999,18.533
19.36,-6.3495,-6.5297,18.19,4.5689,17.739
23.431,-6.354,0.70647,16.848,-0.2229,15.825
16.648,-5.8053,-0.43494,23.693,0.98431,15.838
16.518,-1.8542,-5.0866,16.966,6.1053,22.292
18.17,-2.993,-7.8945,16.675,4.426,20.619
21.391,-8.6766,-0.46784,18.461,0.26501,15.82
16.769,2.7657,-5.5052,17.65,-6.9296,21.107
18.014,2.05,-8.0312,16.254,-3.4037,21.336
16.858,2.1517,-6.0146,16.852,-5.6281,21.989
16.395,4.6445,1.776,23.205,4.7523,16.421
20.045,-6.465,-6.4911,17.859,3.8727,17.451
23.749,-3.0224,4.9276,16.042,-0.73948,16.397
16.6,-5.6502,-0.53777,23.739,1.2568,15.854
17.988,7.9168,2.3618,21.525,2.9557,16.134
23.47,-3.7225,5.1115,16.174,-0.97818,16.457
19.552,8.7598,2.6235,19.88,2.1866,16.072
17.192,-4.7825,5.2626,19.385,-7.1357,18.745
18.579,5.116,7.1183,17.857,5.3615,18.829
16.447,5.1676,0.059546,24.018,0.15679,15.814
24.886,0.48812,1.6067,15.819,0.033576,15.869
23.871,4.9347,2.4682,16.405,0.5807,15.953
16.166,3.6091,1.6104,23.228,5.5607,16.637
16.173,-2.7467,-2.8979,20.349,8.5029,18.982
17.257,7.2302,-0.099588,22.891,-0.16483,15.815
23.696,-5.0065,3.1049,16.438,-0.75939,16.039
19.535,-8.3457,-3.7309,19.558,3.0269,16.352
19.854,4.4269,-8.0277,16.855,-3.659,18.669
16.613,3.0822,4.8164,18.485,7.7456,20.343
17.436,-6.4209,3.9434,21.006,-5.5893,17.057
16.039,-0.79089,3.0999,16.488,-5.1802,23.623
16.463,4.0046,-3.3559,21.01,-7.6323,18.061
16.395,-3.0563,3.9244,19.361,-8.2758,19.681
22.431,1.5961,7.6335,15.893,0.75751,17.524
16.091,-1.0396,3.3736,16.753,-5.9248,23.175
15.897,0.3014,-1.9497,16.083,-3.4495,24.435
15.862,0.92305,-1.181,19.76,-9.0904,19.932
18.039,-5.3866,6.3343,18.612,-6.0859,18.607
16.939,-6.1862,2.2427,22.578,-4.1701,16.335
16.531,-5.1664,1.7529,23.194,-4.2114,16.294
16.01,1.6863,2.4772,19.07,8.7508,20.461
18.624,-8.4514,2.4331,20.848,-2.5487,16.09
16.316,1.4172,4.4349,16.77,5.8127,22.833
16.11,2.4382,2.7081,20.183,8.6543,19.214
19.622,7.8776,4.661,19.107,3.5612,16.663
22.068,-6.5928,4.818,17.203,-1.9488,16.455
19.383,-1.166,-9.0382,15.899,1.3194,20.271
17.982,-5.3918,6.2512,18.689,-6.1544,18.589
16.167,-3.5177,-1.8174,22.891,6.182,16.881
24.423,0.073264,4.0002,15.814,0.013378,16.175
16.816,1.2005,6.1662,16.159,3.5038,22.991
16.228,2.785,-3.2288,19.905,-8.5111,19.34
18.296,-8.4629,-1.247,21.486,1.4509,15.892
20.762,-8.1123,-3.9018,18.466,2.3683,16.294
17.852,-7.9587,1.5518,21.93,-2.0525,15.957
18.956,-2.9101,-8.4867,16.415,3.4438,20.077
23.615,-2.6593,5.4352,15.994,-0.73464,16.539
16.405,4.998,-0.39254,24.038,-1.0709,15.841
18.462,-6.7402,-5.4761,19.372,5.2504,17.468
16.596,5.6364,0.56984,23.736,1.3346,15.859
20.582,7.3879,5.2473,18.131,3.081,16.741
17.381,-7.4202,0.62252,22.688,-0.97865,15.842
23.838,-4.5452,3.2557,16.319,-0.71272,16.059
15.814,-0.14591,0.09562,22.62,-7.5786,17.464
16.299,4.0545,-2.1411,22.669,-6.1456,16.908
15.959,-2.4168,-0.93359,23.783,5.1253,16.459
22.296,-4.363,-6.6376,16.412,1.7864,17.073
21.109,6.0901,6.4205,17.249,2.8996,17.158
24.082,-4.4619,2.2803,16.284,-0.47369,15.931
15.867,-0.23064,-1.5569,16.063,3.3374,24.512
16.274,2.4699,3.733,18.797,8.3035,20.422
15.872,1.6491,-0.13241,24.842,-1.1863,15.844
