451.99,-414.84,-200.12,27.727,6.1223,21.477
617.02,47.924,-183.92,20.479,-0.47179,21.301
307.33,-518.59,-228.18,40.114,13.077,21.833
22.462,2.7615,268.97,21.287,165.91,562.92
313.84,-512.66,-232.83,39.166,12.954,21.897
67.416,606.23,83.65,193.73,26.435,20.609
88.496,339.68,-521.43,83.089,-119.85,36.605
124.47,294.41,551.28,53.042,84.605,40.767
192.14,-470.86,392.37,54.305,-38.856,25.796
30.972,-403.83,-268.5,354.62,235,24.506
337.53,18.255,-549.1,20.447,-1.8004,38.999
186.05,609.45,-78.931,70.318,-8.3392,20.574
472.4,107.93,-426.26,20.945,-4.1109,27.203
24.587,7.9123,-359.36,23.579,-267.93,464.28
188.99,340.01,510.98,42.214,48.601,33.737
323.35,-552.75,-74.441,40.496,4.0674,20.555
423.03,282.47,396.96,24.56,10.661,25.907
591.11,56.943,253.26,20.512,0.83981,22.199
287.77,-543.9,-191.19,43.746,12.027,21.381
76.151,500.57,361.88,140.8,99.649,25.103
105.62,571.47,252.94,114.44,49.037,22.27
628.62,-145.61,-22.175,20.959,0.1627,20.43
367.38,365.44,-384.04,28.821,-15.087,25.42
125.17,-479.84,400.36,81.917,-64.101,26.25
583.49,-226.16,-158.66,21.899,2.0087,21.064
467.65,-58.481,440.89,20.577,-2.3931,27.971
129.55,-364.62,507.15,61.668,-76.373,33.689
363.69,-463.96,261.64,33.128,-11.585,22.34
458.55,-443.01,-99.69,28.403,3.0888,20.666
133.3,90.234,617.74,24.749,54.111,81.589
385.15,361.46,370.31,28.019,13.463,24.942
497.27,-210.23,-353.71,22.17,5.664,24.414
126.54,-513.44,-356.09,86.393,56.57,24.621
291.58,-46.238,-572.79,20.674,6.3123,44.65
298.12,-568.97,-52.315,44.073,3.1827,20.485
31.704,-23.959,-492.76,28.7,291.53,295.81
276.01,219.97,-538.93,26.136,-24.956,37.311
187.49,574.21,-217.9,66.136,-22.705,21.707
357.3,530.68,-81.487,36.599,-3.8709,20.583
177.59,-585.91,-192.24,70.818,21.304,21.401
30.513,395.15,-271.22,356.39,-243.81,24.751
249.58,-246.78,539.73,28.761,-31.202,37.497
587.88,-82.003,253.9,20.615,-1.2197,22.209
27.929,-419.99,131.65,450.44,-140.91,21.395
634.11,114.44,40.851,20.748,0.23386,20.459
558.38,0.16513,323.96,20.418,0.0035079,23.609
62.327,-505.96,-335.66,176.61,115.6,24.452
226.7,-135.02,-586.76,23.79,27.235,49.908
334.26,273.41,-478.8,26.398,-18.573,30.504
171.03,-494.1,371.44,62.822,-42.238,25.052
501.93,-173.67,366.76,21.607,-4.8858,24.818
174.39,-539.63,-299.94,66.814,33.669,23.101
22.516,9.4017,-271.86,28.738,-411.52,415.97
502.01,-81.192,-397.48,20.683,2.5852,25.922
229.33,598.19,-59.724,57.235,-4.9872,20.506
169.97,250.96,-565.16,36.592,-56.749,43.276
579.5,-277.97,60.715,22.647,-0.9262,20.509
520.29,-381.36,-22.647,25.322,0.52606,20.43
23.664,323.63,-40.692,552.74,-69.405,20.578
141.25,155.65,-603.66,30.559,-65.61,62.355
244.07,-166.83,571.82,24.759,-27.153,44.541
75.404,-616.87,22.629,174.71,-6.3217,20.431
48.644,584.29,-8.99,270.97,-4.1455,20.42
337.41,25.781,-548.87,20.477,-2.5397,38.956
531.69,-273.02,243.8,22.956,-4.2824,22.053
167.37,-247.12,-567.46,36.599,57.884,43.942
65.456,468.56,-391.02,155.18,-127.26,26.499
67.903,-299.55,-534.1,96.624,164.59,41.024
23.549,-293.04,132.26,510.31,-229.94,22.398
375.81,-313.28,420.33,26.597,-14.657,26.928
76.592,-602.69,-136.24,167.94,37.401,20.925
68.411,-138.53,596.9,47.889,-168.84,82.157
593.86,239.58,-82.082,22.018,-1.057,20.585
600.64,203.68,120.65,21.561,1.3185,20.784
194.69,-611.77,23.231,67.666,-2.3355,20.431
46.321,143.29,560.02,73.267,264.11,79.31
262.35,-535.24,243.85,46.504,-17.102,22.062
158.75,-265.29,561.09,40.008,-62.578,42.379
559.64,106.85,-303.52,20.787,-2.0794,23.137
532.53,-34.866,363.14,20.461,-0.91094,24.702
90.529,588.5,-203.87,137.76,-46.676,21.583
96.032,161.84,602.52,40.705,113.41,68.857
614.69,138.28,-140.93,20.928,-1.0285,20.923
314.21,149.12,-542.74,22.609,-15.179,37.888
21.359,-186.07,-36.029,605.94,117.2,20.796
335.17,-540.36,106.84,38.787,-5.5439,20.704
298.22,519.58,237.56,41.088,14.147,21.966
22.385,-262.71,30.753,584.93,-68.389,20.557
518.08,385,-4.5369,25.445,-0.10679,20.418
160.6,-53.344,-617.99,21.532,25.153,77.837
96.727,-31.444,-623.2,21.517,42.47,129.32
287.79,-559.54,138.88,44.729,-8.7887,20.909
39.07,-131.07,533.61,82.895,-317,83.107
356.19,313.1,437.06,27.204,16.583,27.778
247.25,-59.438,-591.42,21.003,11.491,51.83
312.64,72.46,559.03,20.961,8.2771,41.072
412.32,-464.58,-174.43,30.78,6.4715,21.208
118.05,-139.13,609.53,31.841,-82.136,71.61
99.464,33.734,-623.45,21.609,-42.816,125.23
40.681,44.36,-555.57,32.855,-252.57,201.38
144.62,117.42,611.78,26.406,55.328,70.483
78.991,-599.96,-152.48,161.83,40.474,21.056
435.04,-238.91,412.36,23.3,-9.3341,26.554
582.51,-263.89,88.443,22.417,-1.2807,20.612
114.72,-368.7,504.96,69.743,-87.33,33.642
224.41,-583.79,150.56,57.111,-12.847,21.001
145.58,-621.53,39.966,90.376,-5.5147,20.458
34.524,-391.51,342.07,287.87,-250.24,27.083
215.65,-391.32,462.51,42.45,-38.565,29.402
410.76,452.52,-206.8,30.399,-7.6252,21.556
194.14,-608.88,65.253,67.553,-6.5783,20.524
20.455,24.539,-30.388,405.21,-500.51,32.473
55.443,-22.306,-597.65,22.247,94.015,218.21
434.64,-460.34,124.7,29.758,-4.2661,20.81
132.08,-41.083,-623.05,21.405,29.273,95.199
346.05,176.7,-514.65,22.934,-13.853,33.915
201.59,591.01,-151.92,63.538,-14.646,21.014
356.16,-537.44,-15.304,37.003,0.73289,20.423
239.67,517.72,297.97,48.747,23.134,23.038
490.81,-350.94,229.17,25.107,-5.553,21.842
25.9,-13.903,396.69,27.095,-334.13,383.54
511.31,271.71,-285.25,23.125,-5.3527,22.763
108.93,-336.29,526.96,67.342,-95.824,36.693
334.4,-501.14,-229.74,36.832,11.697,21.853
607.48,46.625,-213.58,20.478,-0.54997,21.637
75.127,-615.89,39.132,175.12,-10.976,20.458
62.48,-595.47,119.5,206.91,-41.119,20.821
20.437,-0.83483,28.398,27.853,-438.33,472.84
257.23,464.96,-363.75,42.28,-25.363,24.749
460.6,-407.56,195.5,27.275,-5.7515,21.425
21.011,-0.70007,152.24,20.62,-87.698,621.27
638.46,-15.646,-94.796,20.424,0.074344,20.641
373.72,-54.408,-522.9,20.633,4.1278,34.905
113.77,-595.66,190.02,110.57,-34.069,21.398
310.99,-558.8,-80.741,42.056,4.6444,20.58
383.22,-394.31,337.3,29.317,-12.915,23.958
471.31,-43.362,438.74,20.504,-1.7445,27.852
467.83,438.64,-72.312,28.001,-2.1617,20.547
31.791,-297.32,-394.89,249.95,329.76,33.872
90.5,483.85,392.14,113.89,89.339,26.113
47.551,-580.39,-36.374,276.7,17.247,20.457
63.981,398.66,-460.23,135.78,-153.21,30.982
170.43,-516.25,340.22,65.557,-39.012,24.091
413.99,-157.48,469.13,21.848,-8.2449,29.758
558.4,-30.985,322.44,20.449,-0.65407,23.572
308.61,-520.6,221.81,40.105,-12.659,21.747
20.451,0.18382,-36.868,20.669,-100.13,636.77
526.69,311.35,205.73,23.723,4.0638,21.542
527.55,271.58,254.18,22.968,4.5087,22.214
186.53,255.9,-558.58,34.8,-49.812,41.465
139.66,-524.37,337.52,80.138,-48.234,24.049
127.98,620.55,-72.252,102.34,-11.441,20.55
86.938,-605.68,-141.02,147.76,33.745,20.953
210.21,-142.28,-590.7,24.692,32.418,51.857
525.29,369.38,-65.465,24.966,-1.4655,20.523
587.93,-131.69,231.91,20.924,-1.7624,21.879
321.69,-546.85,-114.4,40.329,6.2744,20.747
421.84,488.15,8.4754,31.248,0.3109,20.419
543.9,-337.71,-82.67,24.038,1.639,20.587
41.607,-387.47,-406.25,219.17,227.8,29.516
21.019,-137.39,68.046,562.09,-278.02,22.782
133.13,-127.11,611.23,28.391,-65.914,71.209
75.624,407.81,463.55,116.16,127.96,30.641
336.23,-180.06,519.89,23.171,-14.953,34.549
172.89,275.4,-552.94,38.595,-55.805,40.337
54.333,-79.782,-590.85,38.256,202.61,129.49
399.76,61.441,-502.61,20.658,-3.9098,32.593
388.32,-73.317,-509.87,20.779,4.9872,33.357
158.23,-105.78,-611.66,24.624,44.492,69.083
101.75,-564.63,267.1,117.45,-53.879,22.524
299.9,419.17,386.94,35.143,21.491,25.538
87.244,-136.53,-606.8,38.69,124.07,79.74
354.21,-302.12,-446.28,26.855,16.738,28.297
149.87,621.24,-33.924,87.837,-4.5373,20.446
324.85,-133.45,540.65,22.079,-12.96,37.526
96.526,-426.24,-455.68,94.479,96.287,29.514
432.64,17.089,-478.42,20.433,-0.89308,30.446
174.77,344.8,-512.02,45.409,-53.798,33.916
138.35,-596.63,181.95,91.334,-26.462,21.3
182.98,49.55,-613.32,21.162,-18.107,69.512
563.88,-160.78,270.06,21.232,-2.6847,22.481
578.85,284.65,-25.966,22.755,-0.40461,20.434
226.73,-151.5,-582.71,24.587,29.356,48.283
136.55,-603.63,157.97,93.542,-23.314,21.073
59.068,378.63,469.72,140.96,171.21,32.327
164.26,-539.1,305.36,70.553,-36.616,23.226
274.07,553.66,182.55,46.127,12.229,21.291
412.33,204.22,452.27,22.79,9.9619,28.643
500.04,77.29,-400.73,20.66,-2.5035,26.053
591.04,-183.81,183.52,21.383,-1.8848,21.297
113.82,507.76,364.82,94.811,64.962,24.942
341.47,-493.21,-236.52,35.912,11.655,21.949
154.93,515.23,347.26,71.475,44.242,24.306
185.91,103.25,605.84,23.389,32.653,61.902
20.422,-12.551,-5.2742,595.16,249.8,22.145
21.674,215.7,-18.347,606.06,-51.491,20.491
272.99,-501.69,297.9,42.81,-19.639,23.031
469.11,393.49,-203.98,26.66,-5.7142,21.522
639.53,71.702,-52.235,20.546,-0.186,20.485
23.59,-15.236,-322.82,33.316,440.81,342.47
61.197,-548.38,257.72,195.15,-90.71,22.538
22.191,-232.64,-98.888,546.77,232.09,22.183
296.3,571.26,34.337,44.428,2.1065,20.447
263.17,-506.19,298.81,44.367,-20.644,23.052
152.29,522,-337.81,73.514,-43.905,24.042
594.38,-81.689,-238.42,20.61,1.1164,21.972
152.13,483.42,391.08,68.585,50.567,25.798
611.49,-57.261,-199.06,20.507,0.62038,21.464
239.96,-88.797,-590.6,21.78,17.559,51.5
544.28,-225.21,264.1,22.099,-3.7929,22.378
463.22,-344.3,-288.73,25.448,7.604,22.833
139.67,617.55,86.652,93.514,12.496,20.608
205.94,-84.655,603.01,22.091,-22.939,59.164
217.4,601.88,-64.027,60.338,-5.6837,20.52
200.57,459.88,401.57,51.296,37.696,26.161
356.89,-356.78,-401.58,28.894,16.283,26.102
325.54,509.47,223.86,37.973,11.861,21.774
183.42,-567.36,237.88,66.752,-25.369,21.984
254.5,560.88,187.76,49.545,13.769,21.346
449.1,-203.17,-416.49,22.414,7.8195,26.74
430.51,-448.83,-171.96,29.513,5.8955,21.184
76.05,104.09,608.79,35.474,138.75,99.769
112.1,584.39,-222.23,110.16,-40.453,21.797
574.85,-293.76,4.3476,22.932,-0.070348,20.418
559.07,-322.75,-3.4207,23.58,0.062534,20.418
226.56,-451.13,398.82,45.643,-32.277,26.029
213.1,-605.31,-40.686,61.737,3.6958,20.459
46.379,-456.46,-354.95,224.73,173.31,25.824
453.58,-367.14,275.54,26.279,-7.8163,22.582
31.755,491.58,47.792,413.2,40.073,20.514
237.97,494.68,-335.98,47.239,-26.091,23.943
284.05,570.8,92.947,45.925,6,20.634
303.17,246.41,512.61,26.335,21.853,33.713
644.07,30.479,33.51,20.44,0.050264,20.445
121.24,-403.36,477.57,71.872,-78.227,30.888
364.25,-532.26,2.2209,36.191,-0.10295,20.418
23.957,-193.25,-276.72,315.51,449.89,35.61
625.55,78.048,-139.42,20.576,-0.56399,20.911
175.79,480.73,-386.86,59.81,-42.522,25.6
445.38,-417.25,-209.64,27.992,6.5812,21.59
431.49,-206.75,432.93,22.645,-8.8701,27.547
465.79,242.02,-375.45,23.014,-7.6011,25.109
560.97,-296.76,-118.27,23.102,2.0153,20.769
227.6,58.081,-598.97,21.077,-13.391,56.109
516.56,-16.524,386.7,20.428,-0.48946,25.507
330.57,152.72,-532.07,22.499,-13.831,36.19
604.32,-178.99,139.92,21.295,-1.344,20.915
117.21,-416.29,466.49,76.419,-79.522,30.05
189.04,-569.39,229.11,65.143,-23.637,21.857
114.87,408.71,-473.16,76.595,-82.371,30.592
49.173,388.43,438.32,178.46,198.75,30.672
97.965,-424.59,-457.5,92.753,95.101,29.622
240.32,-524.45,285.46,49.16,-22.142,22.783
74.768,-229.54,-572.65,68.284,155.12,52.72
191.07,562.05,-245.2,63.762,-24.965,22.093
60.366,395.26,-457.96,143.52,-162.92,31.067
250.49,-244.66,-540.3,28.587,30.928,37.588
113.18,-572.34,251.69,106.94,-45.313,22.239
469.06,437.51,71.24,27.933,2.1182,20.543
42.505,-22.036,564.63,23.718,-157.36,266.99
310.48,55.749,562.12,20.745,6.5608,41.788
288.83,-148.6,556.51,22.974,-18.079,40.564
332.57,-19.952,552.01,20.454,-2.0372,39.568
136.87,-556.29,282.53,86.373,-41.416,22.768
189.17,-573.47,218.58,65.521,-22.548,21.715
273.62,581.82,39.81,48.086,2.697,20.457
270.39,-385.84,439.24,35.646,-27.265,27.926
68.338,-611.99,29.7,192.68,-9.2458,20.441
426.39,-257.34,-410.25,23.855,10.171,26.462
448.65,-462.49,35.274,29.339,-1.154,20.448
219.09,504.86,332.84,51.478,28.599,23.865
294.72,2.2536,-573.09,20.418,-0.30504,44.729
68.138,-335.62,-512.42,107.37,158.01,36.79
609.04,-212.6,-26.285,21.627,0.29071,20.434
108.58,548.12,-300.55,106.9,-56.481,23.187
635.65,-100.71,51.635,20.672,-0.25982,20.483
23.169,-271.28,139.39,506.16,-259.66,22.951
457.49,-434.2,136.52,28.163,-4.2007,20.891
491.65,381.89,-170.34,25.862,-4.3455,21.169
20.429,-14.231,16.33,424.23,-485.68,31.057
301.73,-569.35,13.585,43.681,-0.81452,20.422
39.9,313.53,-456.33,187.85,-270.18,35.91
301.39,-569.66,-4.9734,43.738,0.29864,20.418
28.66,-22.898,-452.08,30.938,344.8,303.55
338.94,548.31,15.997,38.883,0.82161,20.424
21.031,-138.66,68.661,561.8,-277.82,22.781
201.17,-473.98,-384.54,52.489,36.142,25.49
110.42,-624.7,24.336,119.3,-4.5114,20.433
192.84,-612.62,11.014,68.349,-1.1192,20.421
442.8,-407.77,-232.51,27.77,7.2744,21.889
401.65,500.9,-63.146,32.664,-2.5088,20.516
84.234,-616.65,73.834,155.41,-18.287,20.561
218.18,-258.01,547.24,31.702,-39.348,38.914
103.4,587.03,213.87,119.99,42.449,21.693
587.7,-188.03,189.85,21.438,-2.0122,21.363
58.254,525.66,293.88,197.77,109.39,23.362
474.99,197.92,389.54,22.122,6.4514,25.615
98.778,620.36,69.831,132.64,14.577,20.543
43.792,298.81,-485.25,158.8,-253.62,38.705
163.05,603.06,143.14,78.807,17.449,20.947
69.956,592.41,-161.04,181.92,-48.83,21.149
140.81,-616.33,-94.025,92.604,13.441,20.642
516.5,34.767,385.56,20.464,1.0252,25.465
319,177.26,531.42,23.369,16.581,36.105
565.6,-305.1,-61.29,23.202,1.0516,20.51
21.515,-150.91,136.5,454.6,-410.39,27.519
624.57,-150.94,63.031,21.006,-0.48454,20.516
275.47,-555.48,-174.82,46.057,11.647,21.214
567.29,-193.23,-240,21.571,2.7885,21.996
640.67,29.404,-74.432,20.439,-0.10886,20.555
156.93,614.97,-86.171,83.241,-10.962,20.605
229.48,262.87,540.58,31.117,36.439,37.693
199.16,-88.6,604.48,22.366,-25.435,60.425
291.37,-460.25,344.26,38.238,-20.447,24.158
135.28,506.7,-364.35,80.012,-53.786,24.867
484.96,-355.19,234.97,25.316,-5.8539,21.924
643.87,-15.124,-45.548,20.423,0.033951,20.469
249.48,-298.59,512.94,31.907,-32.367,33.813
593.88,152.14,-202.39,21.078,-1.7287,21.503
318.69,-541.89,142.72,40.338,-7.902,20.938
431.8,303.98,-370.82,24.979,-10.112,24.955
157.48,618.29,-56.553,83.384,-7.1695,20.498
28.34,-16.226,447.04,26.477,-295.67,358.71
634.81,-95.707,68.702,20.648,-0.32976,20.534
346.58,-476.28,-262.45,34.74,12.531,22.355
84.067,-606.64,-132.75,153.25,32.941,20.892
444.7,-419.88,-205.81,28.095,6.4979,21.544
149.03,-576.12,235.26,82.255,-31.52,21.957
390.07,505.8,90.375,33.463,3.7531,20.621
169.74,603.79,-133.73,75.953,-15.606,20.877
21.055,0.44735,-157.53,20.495,-54.261,623.77
544.64,-137.98,317.86,21.063,-2.9302,23.462
210.73,340.35,503.12,38.918,41.696,32.819
528.45,-67.714,-364.46,20.585,1.7924,24.744
23.048,199.63,-223.08,381.72,-425.34,30.593
306.71,-540.48,-171.03,41.439,9.9299,21.177
266.69,583.9,52.803,49.265,3.6899,20.487
306.6,-563.91,-58.728,42.818,3.4452,20.503
210.1,468.97,386.37,50.137,34.456,25.552
214.65,-488.06,-359.51,50.909,31.469,24.631
309.66,465.97,320.09,36.945,17.627,23.527
486.59,401.77,135.52,26.487,3.6257,20.884
178.09,-44.722,614.9,21.06,-17.393,71.767
299.48,525.28,223.02,41.296,13.247,21.764
54.89,-201.37,562.18,83.239,-218.4,58.911
119.86,610.04,136.66,107.41,23.194,20.906
589.26,-198.26,173.96,21.543,-1.9243,21.203
275.5,-410.14,413.38,36.686,-25.523,26.631
22.249,-9.1508,-256.22,29.387,425.62,411.67
85.009,-503.39,364.16,126.21,-88.916,25.086
62.677,444.94,413.71,154.66,141.3,27.767
20.675,-101.47,-1.2364,637.58,7.7607,20.419
462.02,-418.01,-168.18,27.546,4.9937,21.149
255.71,426.39,-409.19,39.793,-28.134,26.452
635.06,-45.625,107.13,20.47,-0.24708,20.705
26.863,157.65,-388.44,185.52,-451.57,54.008
240.46,267.39,533.83,30.596,33.881,36.585
20.607,-1.0341,87.238,21.779,-222.49,599.75
218.68,-518.54,311.38,52.739,-26.923,23.338
237.97,516.53,301.32,48.943,23.582,23.11
478.63,-224,370.5,22.546,-6.7104,24.942
386.22,95.174,507.84,21.03,6.4412,33.139
159.01,314.42,-535.05,45.543,-61.924,37.168
477.3,422.87,-99.446,27.289,-2.825,20.665
242.08,-510.42,-308.54,47.785,23.612,23.268
47.49,527.06,245.33,251.81,116.44,22.508
188.27,512.3,338.37,59.499,34.671,24.028
316.1,548.9,-119.78,40.978,-6.7223,20.78
500.07,-259.46,314.97,23.006,-5.9314,23.396
105.29,-620.77,71.914,124.4,-14.023,20.55
216.31,-580.03,-174.21,58.664,15.485,21.211
496.03,201.19,-360.64,22.036,-5.5883,24.625
623.51,-36.152,-163.63,20.452,0.3105,21.107
34.198,-289.45,428.66,216.38,-317.6,36.374
106.41,577.43,-239.15,114.72,-46.007,22.048
110.26,-502.43,372.03,96.85,-68.526,25.205
506.84,-131.26,-377.49,21.092,3.8187,25.178
25.173,-36.01,375.66,53.946,-482.15,198.2
377.51,-211.96,-478.15,23.424,12.693,30.438
584.04,-223.69,160.13,21.866,-2.0046,21.077
436.22,-223.46,-419.71,22.946,8.974,26.89
523.02,335.6,-174.6,24.265,-3.6858,21.209
578.81,-246.23,-145.35,22.19,2.0094,20.956
22.093,-246.08,13.804,595.77,-33.379,20.45
96.6,605.38,-151.17,132.49,-32.301,21.03
177.22,-546.75,285.33,66.621,-31.501,22.798
82.034,-513.46,348,133.52,-88.375,24.574
275.3,479.05,-331.24,41.063,-21.373,23.81
256.87,-588.35,-50.164,51.165,3.6678,20.48
369.18,317.3,423.14,26.94,15.291,27.063
594.4,-238.68,80.728,22.004,-1.0344,20.579
88.785,-613.02,-107.58,146.29,25.173,20.724
460.31,-36.419,450.84,20.481,-1.5803,28.549
564.35,-170.25,263.19,21.328,-2.7536,22.362
160.93,538.23,308.2,71.808,37.795,23.292
641.94,-66.708,-18.147,20.528,0.059716,20.426
25.249,33.061,378.11,49.819,474.07,213.98
28.396,88.251,-439.51,93.56,-443.76,101.31
290.79,-309.58,484.6,29.862,-24.891,30.997
88.866,87.748,-616.19,29.086,-103.6,104.13
25.249,259.13,277.33,356.77,380.58,29.88
288.79,573.71,51.617,45.501,3.2695,20.483
623.37,-58.599,-157.54,20.508,0.48343,21.055
620.14,5.5668,-179.53,20.418,-0.053115,21.257
476.71,-434.88,12.173,27.648,-0.35187,20.421
40.847,-43.464,-556.4,32.343,249.04,203.74
26.184,-220.33,338.51,275.17,-420.44,37.356
64.829,443.74,-418.13,148.66,-137.43,27.929
265.62,-58.934,-583.78,20.917,9.7767,48.446
92.915,623.32,0.63226,141.88,0.14093,20.418
435.03,-434.1,-196.67,28.86,6.5306,21.439
48.657,584.22,-14.248,270.85,-6.568,20.424
126.76,616.57,101.26,102.67,16.196,20.68
41.249,-175.22,531.74,101.88,-296.77,64.045
581.44,153.02,235.14,21.114,2.1039,21.925
163.47,538.54,306.66,70.803,36.964,23.255
515.4,-158.57,354.76,21.363,-4.1389,24.445
491.48,-96.783,407,20.81,-3.2723,26.316
149.46,-616.7,-82.794,87.463,11.102,20.591
91.941,622.61,-25.218,143.27,-5.685,20.434
170.09,293.16,-544.44,40.906,-57.042,38.684
42.157,434.78,358.75,241.55,197.88,26.432
114.8,-442.46,-441.76,82.53,77.357,28.408
250.83,420.25,418.34,39.936,29.364,26.87
153.16,609.17,123.85,84.443,16.165,20.811
136.47,-440.48,441.94,69.71,-63.942,28.293
389.11,-332.68,-392.5,26.878,13.413,25.735
232.47,600.03,-1.127,56.706,-0.092703,20.418
314.4,-551.56,-111.66,41.296,6.3165,20.731
429.78,-426.7,222.63,28.788,-7.4644,21.755
20.786,0.47081,-121.02,20.566,-76.004,629.63
22.276,-252.25,54.425,578.48,-124.66,20.887
87.433,519.69,-341.81,126.47,-81.013,24.342
20.511,0.29171,-61.616,20.643,-94.639,635.7
220.05,-505.4,331.44,51.332,-28.337,23.829
111.37,623.46,-46.601,118.05,-8.5594,20.473
363.53,-490.54,207.83,34.327,-9.3981,21.569
21.676,-0.54333,216.69,20.474,-45.245,606.48
322.75,526.61,-184.77,39.13,-9.9916,21.313
517.49,-385.54,14.176,25.468,-0.33457,20.422
557.68,-85.561,313.7,20.657,-1.744,23.365
391.57,-318.89,401.42,26.346,-13.246,26.09
56.879,-589.03,-115.69,227.46,44.317,20.805
497.43,120.28,393.31,21.007,3.8004,25.758
626.86,-106.24,-112.31,20.709,0.61187,20.734
114.91,-369.14,504.64,69.709,-87.12,33.602
551.9,76.552,325.98,20.613,1.6591,23.659
191.21,86.088,-607.1,22.413,-26.893,62.804
27.231,-387,-180.08,439,203.84,22.515
635.7,32.382,108.14,20.444,0.17688,20.71
563.69,40.739,-312,20.471,-0.81568,23.326
631.22,132.77,28.062,20.865,0.18703,20.437
135.8,-148.02,606.23,30.391,-68.287,65.216
551.12,-120.19,313.91,20.898,-2.4813,23.37
501.88,-285.78,-288.18,23.5,5.8098,22.821
555.43,-302.85,-128.46,23.259,2.2633,20.835
363.14,319.28,426.81,27.206,15.885,27.244
132.13,-312.89,540.35,53.024,-77.996,38.417
75.937,534.65,309.09,150.64,85.487,23.53
471.63,-394.94,-195.19,26.641,5.4331,21.422
195.73,-134.69,596.91,24.829,-35.624,55.386
146.6,-621.66,35.391,89.786,-4.8472,20.449
234.32,573.97,-172.58,54.197,-13.983,21.195
554.88,229.35,-237.14,22.095,-3.3373,21.954
72.16,615.04,-20.751,182.59,-6.0831,20.429
90.68,242.64,573.64,59.675,124.56,49.74
278.29,364.38,452.58,33.696,26.486,28.703
230.21,576.44,-169.52,55.239,-14.025,21.166
208.8,-522.99,-310.14,55.294,28.319,23.313
22.512,-46.13,-267.88,101.39,564.92,117.92
77.025,618.11,1.9729,171.15,0.53848,20.418
286.29,244.73,-522.79,26.89,-24.324,34.963
248.77,-560.18,196.95,50.449,-14.832,21.447
117.7,-621.24,-70.399,111.31,12.189,20.544
628.92,74.543,-125.51,20.561,-0.48008,20.815
238.8,360.9,-476.42,37.096,-34.134,30.385
153.67,-50.275,619.51,21.501,-26.033,81.464
136.71,-556.24,282.67,86.46,-41.486,22.771
37.256,13.923,-538.98,22.363,-144.05,323.07
188.21,-583.84,189.98,66.903,-19.742,21.375
264.05,-7.8677,-587.38,20.427,1.3609,49.903
191.23,-571.95,221,64.722,-22.52,21.747
580,-228.17,168.26,21.942,-2.1709,21.149
46.088,-228.42,-530.26,114.71,257.84,50.914
36.47,-86.254,527.13,61.751,-336.12,119.52
38.043,-526.92,-134.64,335.77,85.482,21.071
53.715,-593.19,48.029,244.62,-19.669,20.484
84.925,405.84,-470.4,102.57,-114.18,30.899
571.88,-299.05,-16.979,23.044,0.28122,20.425
36.4,-437.88,-305.07,297.38,206.21,24.865
243.82,276.59,-527.66,30.938,-33.315,35.683
201,545.64,-273.61,59.339,-26.233,22.567
489.52,-370,200.1,25.602,-5.0397,21.477
128.04,-612.82,-121.45,101.07,19.214,20.799
85.064,-497.84,-371.75,124.77,90.677,25.359
125.09,606.96,-148.78,102.47,-24.122,20.998
20.422,0.011488,13.916,20.424,16.825,645.29
39.665,425.28,352.71,256.15,211.09,26.491
22.014,-1.4961,-241.25,20.752,107.04,589.18
82.193,571.26,-241.82,147.91,-61.42,22.139
125.05,66.981,-621.33,23.233,-49.065,92.648
83.166,-573.18,238.15,146.59,-59.725,22.078
26.138,-383.53,-123.07,480.27,153.84,21.441
433.65,-97.757,467.71,20.931,-4.8531,29.654
643.9,11.057,46.231,20.421,0.025195,20.47
177.26,605.07,-119.29,73.071,-13.281,20.78
581.66,47.198,276.08,20.485,0.78475,22.59
238.46,-572.07,173.53,53.234,-13.773,21.204
446.32,444.23,-141,28.822,-4.5574,20.924
353.93,336.77,-420.98,28.206,-16.784,26.962
49.153,-555.64,-184.97,254.55,84.192,21.512
40.87,26.913,-557.55,25.647,-194.58,256.78
478.23,287.42,324.38,23.827,7.1455,23.621
418.29,-449.37,-198.51,29.986,7.105,21.459
57.848,516.09,-309.31,195.75,-116.04,23.769
118.59,581.77,-228.95,103.71,-39.231,21.885
21.625,-113.91,179.56,326.99,-513.47,38.063
29.786,387.18,-265.75,365.08,-249.79,24.752
491.05,413.08,69.286,26.691,1.857,20.536
162.74,-593.89,177.6,77.83,-21.673,21.251
166.05,-172.92,-594.57,29.595,53.328,54.771
341.04,178.62,-517.29,23.058,-14.415,34.229
464.43,-410.33,180.04,27.256,-5.2485,21.263
182.73,-564.56,-244.89,66.682,26.213,22.09
133.78,-88.439,617.95,24.564,-53.056,81.904
557.3,-297.16,133.57,23.142,-2.3052,20.87
531.55,221.23,-291.87,22.118,-4.3136,22.894
181.62,-577.83,212.49,68.486,-22.947,21.639
591.24,-221.42,134.9,21.804,-1.6356,20.879
86.192,-529.57,-325.62,130.73,78.42,23.888
346.58,369.13,-399.33,29.857,-17.194,26.011
159.27,591.84,186.56,79.178,23.299,21.343
613.6,-127.36,155.24,20.853,-1.051,21.035
616.03,166.75,97.645,21.153,0.84648,20.655
34.851,-505.15,-133.5,365.75,96.356,21.116
318.38,-505.78,-241.65,38.383,13.149,22.025
514.91,-111.14,373.03,20.888,-3.1256,25.025
81.487,-578.95,222.04,151.23,-56.941,21.842
257.78,-227.51,-544.49,27.27,28.679,38.289
124.85,-560.6,276.19,95.143,-44.716,22.658
176.04,88.171,-610.67,22.867,-32.108,66.866
137.57,532.19,-325.51,82.438,-47.329,23.733
140.76,345.34,519.08,54.59,70.575,35.028
95.418,614.44,-107.56,136.13,-23.294,20.721
221.14,233.89,-556.89,29.786,-37.596,40.862
227.75,-589.73,-119.55,56.873,10.043,20.78
123.45,-560.27,277.03,96.15,-45.399,22.676
418.28,-476.38,-120.04,30.966,4.4105,20.781
38.732,543.71,-65.802,337.9,-40.745,20.566
146.68,564.59,-262.55,81.946,-35.741,22.393
335.8,545.58,73.053,39.005,3.7917,20.55
21.522,12.999,203.61,44.025,541.28,284.07
560.68,-318.49,-30.677,23.486,0.55241,20.441
464.04,427.66,-135.12,27.778,-4.0352,20.881
135.04,614.93,-106.69,96.249,-15.948,20.709
372.81,-492.27,-186.35,33.851,8.1526,21.328
94.919,-608.63,136.25,135.6,-29.668,20.912
333.66,207.36,511.28,24.052,16.568,33.54
546.2,-333.66,-83.922,23.93,1.6373,20.592
587.14,-194.27,185.23,21.507,-2.0258,21.315
67.038,449.54,414.78,145.19,131.31,27.654
20.761,3.9802,-116.9,29.72,-460.9,436.22
30.807,-27.856,-482.14,32.011,328.65,272.94
451.08,-461.35,10.993,29.221,-0.35632,20.42
216.16,590.87,133.1,59.665,11.867,20.87
393.44,-271.06,-433.47,24.805,12.791,27.58
117.94,577.19,-240.3,103.49,-41.408,22.053
228.57,-359.19,482.4,38.14,-36.543,30.876
173.8,-412,-459.98,52.843,50.189,29.307
25.992,-7.8207,-399.15,22.703,221.56,456.13
524.18,339.83,162.51,24.338,3.4479,21.098
563.37,-311.26,-49.801,23.33,0.87384,20.479
404.25,406.2,296.33,28.963,10.629,22.989
608.72,-108.65,-185.67,20.741,1.0955,21.319
438.73,-237.75,409.12,23.228,-9.0885,26.411
154.08,-600.18,161.3,82.796,-20.899,21.099
382.54,-448.59,-261.79,31.493,10.654,22.342
416,428.54,-244.09,29.331,-8.6112,22.059
83.706,-613.89,-92.837,155.75,23.149,20.646
439.11,397.58,-255.94,27.556,-8.0006,22.244
598.89,-233.61,-59.681,21.917,0.74019,20.505
450.01,-94.638,452.74,20.865,-4.236,28.666
22.957,93.755,-279.68,183.54,-540.74,63.88
366.01,-269.62,-457.53,25.373,15.177,28.983
485.3,402.56,137.79,26.537,3.7064,20.9
20.426,-0.018565,18.47,20.428,-20.474,645.07
93.449,-623.11,19.759,141,-4.3773,20.428
199.49,604.18,89.956,65.431,8.7933,20.621
483.13,169.35,-393.01,21.638,-5.5034,25.748
185,-271.25,551.73,36.389,-50.715,39.983
626.71,-11.759,-154.75,20.421,0.094679,21.031
576.64,153.33,-246.46,21.128,-2.2452,22.093
627.98,-132.14,70.923,20.865,-0.47532,20.542
50.095,-65.435,-584.17,35.635,213.69,150.78
273.7,107.27,573.19,21.938,15.684,44.827
304.35,-553.25,-129.24,42.434,7.6178,20.841
191.85,-604.76,100.17,67.872,-10.225,20.671
119.76,56.726,622.59,22.654,46.668,99.208
247.8,133.8,-578.92,23.221,-22.8,46.775
61.899,-0.52485,606.71,20.418,-1.904,212.96
267.84,-514.91,279.28,44.346,-18.954,22.661
361.56,-534.06,4.0379,36.46,-0.18922,20.418
619.3,121.43,-136.23,20.807,-0.86508,20.888
49.779,459.4,365.55,207.62,163.61,26.044
248.4,-245.25,-540.95,28.741,31.4,37.702
445.32,285.74,-369.4,24.267,-9.1631,24.907
178.69,47.04,614.58,21.122,18.105,71.311
513.91,-1.6289,390.55,20.418,-0.049258,25.652
526.68,363.02,86.568,24.804,1.907,20.604
156.19,345.56,-516.1,49.928,-62.098,34.515
445.67,341.43,318.16,25.731,8.8796,23.472
445.02,-373.43,280.93,26.665,-8.2987,22.682
76.156,-603.93,-129.61,169.3,35.805,20.876
150.03,-357.05,-509.49,53.127,64.611,33.768
445.59,466.02,26.221,29.56,0.86974,20.434
30.071,-253.82,-399.73,235.62,368.29,37.988
68.212,-506.03,345.29,160.05,-107.43,24.654
430.25,-440.07,-193.84,29.223,6.5886,21.407
530.87,285.91,-230.45,23.194,-4.2082,21.86
319.31,-403.92,387.91,32.965,-19.514,25.571
135.55,96.807,616.51,25.188,55.005,78.832
549.21,-333.86,60.194,23.898,-1.1638,20.507
592.66,-69.088,246.52,20.556,-0.98454,22.093
518.11,-372.41,-97.52,25.151,2.2459,20.655
101.54,-587.48,212.12,122.3,-42.929,21.673
385.11,-193.18,-480.09,22.849,11.441,30.589
523.56,356.37,-124.67,24.705,-2.7392,20.81
484.62,-233.7,-356.48,22.671,6.5342,24.498
271.03,313.72,-493,31.283,-28.218,31.746
39.741,188.95,-519.59,114.98,-306.21,58.906
600.43,220.58,-87.42,21.753,-1.0262,20.608
487.78,412.38,92.6,26.746,2.5059,20.631
389.78,500.98,115.03,33.278,4.7648,20.75
220.16,205.11,-568.48,27.961,-36.176,43.723
275.19,-142.09,-564.87,22.992,19.323,42.54
247.03,590.98,64.524,53.096,4.9399,20.521
297.94,-350.7,-451.19,31.578,23.643,28.608
177.43,-608.31,-101.24,73.368,11.265,20.677
242.37,343.28,-487.59,35.484,-33.713,31.296
399.85,-336.45,-378.32,26.698,12.463,25.213
98.483,438.15,-444.63,95.074,-92.031,28.747
204.47,-527.45,305.16,56.734,-28.573,23.202
411.21,-456.61,-196.68,30.531,7.2698,21.439
67.178,580.19,-194.04,186.22,-61.53,21.516
457.97,263.83,370.29,23.569,8.2551,24.936
323.48,-327.66,-451.25,29.092,20.33,28.602
283.85,-441.95,-373.15,37.852,22.66,25.052
30.14,4.95,-474.41,20.92,-95.193,426.87
272.33,-566.17,-142.26,47.21,9.6439,20.935
23.525,0.26883,-320.51,20.423,-12.879,560.22
266.35,263.01,-524.14,28.736,-28.357,35.166
39.252,477.89,-273.09,291.77,-165.92,23.502
46.6,561.57,-140.47,274.48,-68.277,21.043
491.02,-84.256,410.33,20.716,-2.8906,26.46
462.54,-376.12,247.12,26.326,-6.8927,22.104
409.63,-335.97,-368.21,26.42,11.662,24.871
327.49,554.26,34.82,40.194,1.8736,20.447
415.77,-489.86,-58.791,31.575,2.2049,20.503
189.82,-100.99,605.18,23.157,-30.894,61.233
277.83,-529.57,239.6,44.042,-15.644,21.997
483.21,156.09,398.36,21.458,5.1828,25.959
624.07,-163.07,28.044,21.104,-0.2322,20.437
641.57,-45.98,56.102,20.47,-0.12776,20.495
577.3,16.051,-288.5,20.425,-0.28394,22.826
641.85,-56.621,-41.1,20.497,0.115,20.459
504.01,-50.553,-400.03,20.52,1.6199,26.025
615.27,-195.11,-14.491,21.421,0.14552,20.423
227.52,-120.18,589.68,23.112,-24.895,51.187
225.78,-475.29,370.15,47.743,-30.382,24.969
30.446,-11.61,478.28,22.957,-197.68,385.09
116.76,559.32,-279.41,101.41,-48.609,22.731
58.422,585.03,-143.89,219.17,-53.44,21.021
580.71,281.45,-18.194,22.692,-0.2793,20.426
343.83,-535.59,-103.64,37.842,5.1908,20.687
167.72,469.48,-403.2,61.092,-46.608,26.268
254.67,-411.02,425.22,38.856,-29.099,27.2
387.58,-133.69,-498.04,21.601,8.5778,32.149
232.03,570.16,187.48,54.348,15.349,21.345
175.2,-605.37,120.27,73.907,-13.563,20.786
320.26,-519.37,208.05,38.958,-11.319,21.573
176.19,613.19,68.202,74.398,7.6517,20.534
278.06,-292.45,-502.19,29.674,26.832,32.621
441.03,80.71,-464.09,20.757,-3.8758,29.402
618.46,-25.901,183.51,20.435,-0.25377,21.297
179.68,290.74,543.22,39.021,52.947,38.389
563.95,200.11,242.21,21.666,2.9362,22.029
306.2,135.13,-550.84,22.326,-14.89,39.373
320.04,-444.68,339.75,34.999,-17.64,24.029
118.29,-548.69,299.7,98.294,-51.373,23.149
592.95,164.65,195.17,21.191,1.8002,21.421
344.93,-524.41,-147.81,37.201,7.3268,20.977
583.03,-273.48,-45.474,22.555,0.67704,20.468
155.63,618.91,-53.384,84.412,-6.855,20.489
249.74,-221.6,-550.48,27.337,30.026,39.425
115.08,-408.95,472.96,76.502,-82.174,30.574
144.27,-617.44,83.057,90.603,-11.569,20.592
642.24,43.187,50.312,20.464,0.10742,20.48
75.8,612.91,-75.077,172.64,-20.852,20.568
536.55,310.92,179.24,23.602,3.424,21.254
589.27,-130.05,229.44,20.909,-1.7152,21.845
448.45,-349.72,-304.99,25.902,8.5535,23.172
143.84,-602.31,-159.47,88.749,22.254,21.084
496.15,-393.93,123.43,26.079,-3.1627,20.802
67.009,388.21,472.65,125.86,149.2,31.915
41.183,523.06,198.85,299.3,113.25,21.837
450.11,-434.51,-158.22,28.393,4.9926,21.061
448.35,-373.43,-275.61,26.583,8.0456,22.583
128.18,-608.76,140.36,100.32,-22.173,20.931
292.24,538.8,198.87,42.905,12.25,21.466
40.14,396.41,-388.17,235.09,-228.47,28.523
467.55,-333.39,294.52,25.085,-7.479,22.949
588.44,-165.12,208,21.207,-1.9521,21.569
189.16,-349.4,-504.55,43.08,48.236,33.029
483.39,-418.5,87.979,27.017,-2.4358,20.61
514.84,-126.25,368.29,21.023,-3.4838,24.868
385.19,-515.73,42.113,34.151,-1.7919,20.461
174.11,603.33,131.29,74.113,14.903,20.859
521.57,380.21,7.7722,25.273,0.17946,20.419
330.15,527.51,168.62,38.539,8.8614,21.155
625.79,135.21,-83.394,20.889,-0.57521,20.59
262.63,-499.92,309.64,44.006,-21.389,23.289
52.821,-446.66,-390.78,188.31,162.82,27.06
298.27,-200.9,-534.8,24.635,20.532,36.63
40.354,518.38,-200.57,304.76,-117.39,21.886
20.857,-0.17799,131.79,20.435,-26.374,631.5
310.64,-480.27,-297.21,37.652,16.449,23.013
585.31,214.85,167.46,21.751,2.0152,21.142
452.86,-435.29,-147.93,28.334,4.629,20.977
310.52,490.72,279.74,38.243,15.586,22.666
75.713,490.29,-375.31,138.81,-103.96,25.61
338.8,301.53,458.34,27.355,18.416,29.042
554.68,-330.22,4.0468,23.766,-0.07629,20.418
271.35,331.12,-481.31,32.267,-28.123,30.741
56.467,436.48,-411.2,170.5,-158.33,27.956
414.39,-474.02,-140.94,31.043,5.2373,20.923
511.9,175.6,351.78,21.587,4.5596,24.357
20.777,62.911,-101.7,334.23,-538.3,38.759
367.97,-29.734,528.89,20.484,-2.3708,35.708
214.77,-459.19,395.65,48.372,-34.253,25.908
229.58,-593.21,-96.902,56.765,8.073,20.653
117.06,-347.2,519.96,64.802,-87.412,35.482
34.56,472.2,-218.21,346.37,-159.51,22.485
181.54,232.88,569.94,33.342,51,44.468
49.847,526.92,-259.27,237.47,-115.98,22.739
30.586,-470.16,97.708,422,-87.496,20.853
37.059,40.843,-536.39,33.821,-282.3,214.74
270.63,-581.27,61.667,48.487,-4.2319,20.512
36.065,-233.64,477.28,161.76,-325.16,46.138
324.35,298.87,470.23,27.789,20.119,29.862
162.84,-348.83,-512.39,48.583,58.759,34.022
505.84,381.24,-124.09,25.575,-3.0187,20.806
259.16,-588.99,-25.171,50.828,1.8217,20.433
145.71,-483.9,-392.06,71.462,53.172,25.849
139.32,232.7,-578.6,40.067,-73.754,48.218
32.721,-501.84,-45.335,401.26,36.155,20.5
62.632,-598.77,102.69,207.48,-35.239,20.713
487.09,412.77,94.477,26.773,2.5639,20.64
633.79,77.768,-95.525,20.571,-0.37518,20.645
381.27,-269.57,-445.04,25.017,13.792,28.218
578.18,-238.05,160.67,22.082,-2.1626,21.082
531.79,-164.07,-327.04,21.369,3.707,23.686
147.99,-620.72,46.559,88.843,-6.312,20.472
57.928,599.93,-47.247,226.88,-17.723,20.48
281.99,-542.27,-203.79,44.346,13.133,21.524
571.49,-30.204,298.74,20.446,-0.56401,23.035
143.12,-563.61,265.83,83.764,-37.159,22.452
28.938,277.01,-363.58,276.56,-361.02,33.632
629.5,-104.98,97.795,20.7,-0.5223,20.656
329.71,-515.17,203.93,37.928,-10.663,21.524
466.97,41.721,443.51,20.499,1.729,28.118
478.5,-432.11,29.196,27.522,-0.83614,20.438
202.85,-188.35,580.04,27.928,-40.037,47.511
39.129,-531.99,-138.71,326.04,84.678,21.097
236.98,376.85,464.79,38.457,34.062,29.534
552.08,-204.05,-265.14,21.769,3.4037,22.396
619.17,-171.04,64.932,21.183,-0.57073,20.522
358.1,-456.7,281.3,33.123,-12.649,22.692
100.43,0.63558,-624.48,20.418,-0.83809,131.26
343.66,523.17,154.94,37.235,7.7115,21.034
23.619,-320.16,-51.97,550.95,89.31,20.684
430.11,353.36,-326.34,26.436,-9.8518,23.672
155.24,-619.94,40.674,84.745,-5.2373,20.459
84.096,614.72,-88.141,155.2,-21.868,20.623
62.764,-574.08,-199.18,198.55,68.157,21.599
135.31,600.98,168.26,93.977,25.069,21.166
83.205,-565.51,-255.86,144.6,64.116,22.372
79.695,606.54,-125.27,162.05,-32.937,20.842
145.64,-48.211,620.94,21.528,-27.876,85.844
181.71,-172.72,590.91,28.255,-46.188,52.424
584.46,-155.14,226.1,21.125,-2.0288,21.8
149.86,-588.9,200.73,83.524,-26.768,21.504
115.97,616.26,105.55,112.1,18.562,20.705
160.6,580.58,-218.37,77.167,-26.992,21.719
145,519.01,344.43,76.589,47.215,24.237
248.12,-593.95,-11.513,53.122,0.87757,20.421
123.15,512.09,358.37,88.484,58.625,24.702
452.18,436.72,-145.75,28.399,-4.579,20.96
195.46,374.94,483.69,44.359,45.101,31.043
281.53,-560.67,146.58,45.596,-9.5298,20.968
82.93,-593.32,181.98,152.09,-45.809,21.34
534.66,-357.35,-55.901,24.564,1.1877,20.495
464.92,-364.98,259.09,25.967,-7.0372,22.295
338.77,506.78,210.21,36.786,10.558,21.599
497.07,284.78,-297.34,23.536,-6.0805,23.007
258.31,-361.47,466.16,35.19,-30.105,29.611
38.061,542.64,37.663,345.53,23.898,20.466
30.869,465.84,130.2,411.33,114.68,21.198
398.37,-311.45,400.62,25.93,-12.673,26.057
214.58,-9.8397,606.12,20.439,-2.6659,61.37
108,-430.12,-453.57,85.287,84.781,29.221
255.82,-590.9,5.0099,51.529,-0.36829,20.418
575.32,216.47,-197.26,21.817,-2.4682,21.444
162.96,-43.851,618.28,21.155,-20.44,78.076
37.432,13.199,-540.08,22.151,-136.3,324.62
167.32,576.58,225.04,73.768,26.586,21.806
279.48,429.44,-390.57,37.502,-23.998,25.681
68.95,611.38,-46.843,190.64,-14.439,20.477
423.33,-291.7,389.91,24.805,-10.691,25.633
314.06,-560.07,56.724,41.813,-3.225,20.497
301.06,451.3,347.95,36.851,19.69,24.261
351.43,-481.73,-245.6,34.682,11.554,22.083
208.33,199.8,-574.43,28.356,-39.256,45.564
33.301,1.4762,-509.38,20.45,-22.149,395.24
442.49,371.15,287.84,26.661,8.5497,22.816
517.12,266.54,279.62,22.974,5.0653,22.656
602.05,223.07,67.705,21.775,0.79859,20.531
142.34,-540.92,309.61,81.019,-43.427,23.34
590.76,-248.65,-77.265,22.154,1.0371,20.565
643.61,17.308,-48.419,20.425,-0.041334,20.475
23.12,247.19,174.72,465.78,328.59,24.995
606.96,144.87,-165.61,20.992,-1.2948,21.125
313,-562.88,-26.738,42.082,1.5284,20.435
81.833,533.79,-315.77,139.04,-80.477,23.656
567.65,-299.13,70.994,23.082,-1.1918,20.542
340.11,303.26,-456.23,27.377,-18.278,28.907
573.36,-34.075,-294.71,20.454,0.62339,22.951
426.98,391.07,284.77,27.701,9.2133,22.756
157.86,-45.637,-619.12,21.268,22.603,80.17
123.11,-603.62,162.21,103.55,-26.744,21.114
219.09,562.64,221.6,56.483,19.339,21.751
487.32,423.16,3.5639,27.051,0.098037,20.418
36.948,-46.008,-535.27,36.707,294.93,198.46
411.81,147.5,-474.26,21.691,-7.947,30.132
546.08,-210.98,-272.02,21.89,3.6701,22.516
387.56,159.63,490.36,22.086,9.8641,31.445
134.59,-611.14,126.85,95.991,-19.022,20.833
38.429,492.16,236.47,309.33,147.98,22.643
492.4,-373.83,-185.39,25.643,4.6549,21.317
414.63,360.24,-338.52,27.061,-10.954,23.988
69.729,543.81,-284.53,167.78,-86.484,23.007
40.868,204.55,-519.35,119.73,-295.14,55.009
126.15,-622.83,50.41,104.17,-8.1077,20.482
142.01,518.45,-346.01,78.043,-48.52,24.287
174.74,467.5,-403.12,58.671,-44.464,26.255
146.84,419.43,460.16,62.329,61.046,29.408
119.6,-625.12,7.5614,110.21,-1.2874,20.419
157.7,-538.39,309.15,73.204,-38.765,23.316
301.62,569.54,4.9767,43.705,0.29855,20.418
72.863,-615.16,-28.672,180.73,8.3163,20.439
379.04,352.18,385.2,27.889,14.155,25.462
555.36,210.41,-253.05,21.836,-3.3004,22.196
412.08,-210.42,-449.65,22.931,10.154,28.484
395.59,-508.97,25.343,33.299,-1.0347,20.433
110.49,116.21,614.28,29.905,84.392,81.459
263.38,432.3,398.17,39.329,26.461,25.985
531.17,363.1,51.958,24.738,1.1285,20.484
201.41,589.66,157.31,63.458,15.177,21.059
390.26,-375.86,-350.11,28.366,12.733,24.314
618.54,-119.89,140.98,20.798,-0.88651,20.923
189.43,-325.69,520.08,40.788,-48.812,34.836
113.01,-316.36,539.28,61.594,-93.458,38.667
256.91,590.15,-19.534,51.29,-1.4286,20.427
270.61,-46.589,-582.68,20.72,7.5015,48.005
174.44,595.78,-161.87,73.124,-18.319,21.101
121.63,-338.63,525.44,61.171,-84.342,36.177
347.58,387.81,-380.32,30.62,-16.678,25.289
90.558,-518.68,-344.77,121.76,78.658,24.411
184.36,614.95,4.6392,71.504,0.49544,20.418
276.74,-339.36,-472.52,32.36,27.12,30.056
403.84,-414.13,285.72,29.264,-10.362,22.775
474.73,-109.91,423.17,20.959,-4.1126,27.052
229.92,570.77,188.06,54.829,15.56,21.351
105.11,-595.55,189.31,119.68,-36.935,21.396
300.72,-407.57,-398.53,34.441,21.841,25.988
21.79,185.29,-128.39,497.4,-344.08,24.833
506.92,-268.33,296.06,23.106,-5.5867,22.98
67.666,-512.65,-334.59,163.53,105.07,24.325
577.98,196.71,209.81,21.569,2.3908,21.591
327.53,142.79,536.66,22.28,13.417,36.883
137.23,-210.25,-587.39,37.651,74.256,52.095
28.485,447.94,-40.691,460.9,-41.785,20.501
418.18,-487.16,64.066,31.368,-2.3775,20.519
290.79,-542.63,190.36,43.309,-11.816,21.372
97.096,-521.76,-342.34,114.07,72.445,24.302
292.28,-511.5,261.14,41.229,-15.887,22.336
643.84,43.868,-20.369,20.465,-0.043954,20.428
564.43,-42.398,-310.44,20.475,0.84227,23.29
599.53,64.666,-230.63,20.536,-0.84325,21.861
57.373,313.05,-513.03,120.95,-192.56,38.789
54.675,-251.33,541.29,103.22,-213.6,47.695
623.22,40.309,163.77,20.46,0.34666,21.109
608.93,30.975,-212.28,20.444,-0.362,21.621
337.84,-548.64,25.079,38.991,-1.2936,20.433
80.104,-457.62,417.58,122.34,-108.53,27.465
131.58,-557.66,280.98,89.945,-42.984,22.743
69.911,535.43,300.27,164.77,90.987,23.366
402.65,305.58,-400.89,25.644,-12.315,26.067
443.51,-365.1,293.95,26.457,-8.6153,22.938
326.14,-554.03,-48.357,40.306,2.6153,20.475
445.22,437.52,163.62,28.641,5.2677,21.108
462.76,283.27,-349.42,23.946,-8.0626,24.29
375.74,-415.85,-319.29,30.479,12.901,23.502
373.84,525.26,-19.842,35.246,-0.88462,20.427
20.466,-43.981,-4.5556,640.72,66.298,20.527
596.85,243.74,-34.166,22.056,-0.44237,20.446
72.601,-603.39,-122.35,178,35.62,20.828
572.53,-294.84,-45.18,22.969,0.73848,20.468
383.95,-419.31,-304.76,30.257,11.977,23.169
215.92,597.34,100.65,60.301,8.996,20.673
314.44,562.65,9.4241,41.92,0.53558,20.42
178.37,-441.71,430,54.839,-45.985,27.517
435.02,454.82,-142.39,29.556,-4.8373,20.934
427.23,480.38,-55.229,30.743,-1.9755,20.493
123.52,536.51,-320.62,92.213,-52.405,23.632
23.086,-297.51,46.568,564.17,-88.192,20.666
590.97,-252.54,-61.465,22.206,0.83539,20.511
462.13,-415.49,174.03,27.468,-5.1486,21.204
20.56,75.744,-4.1274,640.23,-34.851,20.448
515.7,-341.88,-183.86,24.503,4.0275,21.301
505.89,-260.74,-304.46,22.974,5.6377,23.159
326.74,555.22,25.181,40.315,1.3594,20.433
563.38,315.18,-3.6968,23.399,-0.065487,20.418
578,-279.32,-68.36,22.679,1.0519,20.533
62.926,554.39,-249.2,191.26,-84.992,22.364
377.83,-511.85,106.44,34.412,-4.6367,20.702
107.63,-569.73,-257.13,111.96,48.848,22.337
32.207,385.19,-316.79,316.39,-259.13,26.413
290.95,513.99,257.68,41.525,15.785,22.278
444.56,-461.75,-74.627,29.454,2.4729,20.556
23.097,-276.15,121.37,522.59,-229.33,22.3
462.18,243.44,-378.94,23.082,-7.8151,25.231
169.66,613.8,-75.656,77.16,-8.8446,20.561
197.89,463.95,-398.04,52.277,-38.009,26.018
477.83,123.66,415.83,21.091,4.4596,26.707
20.927,-56.756,129.59,253.42,-574.86,50.754
148.21,338.01,522.65,51.255,66.678,35.432
277.31,-536.61,-224.03,44.568,14.702,21.778
222.37,575.58,-181.75,56.864,-15.641,21.286
28.814,-24.139,454.49,31.694,-349.09,294.74
23.529,0.21182,-320.68,20.421,-10.14,560.18
125.63,550.67,-295.4,92.972,-47.469,23.045
151.24,506.66,-360.71,71.987,-47.128,24.722
409.43,-431.92,249.14,29.698,-9.0332,22.136
377.73,-522.64,15.264,34.89,-0.67002,20.423
630.49,84.68,-110.29,20.601,-0.47594,20.722
449.5,-316.47,-337.98,24.979,8.8531,23.972
201.52,-553.42,257.16,59.945,-24.623,22.281
375.91,207.22,-481.47,23.322,-12.658,30.701
233.57,548.82,-241.55,52.309,-19.515,22.03
163.82,594.85,-173.6,77.458,-21.035,21.211
619.26,182.59,-4.5448,21.287,-0.042423,20.418
314.1,-343.67,-445.82,30.299,21.457,28.281
116.48,623.98,-39.599,112.96,-6.9343,20.457
440.57,204.67,424.74,22.517,8.3094,27.132
196.66,176.41,-585.66,27.495,-40.944,49.778
581.69,227.14,163.79,21.921,2.0936,21.109
514.65,381.91,76.906,25.432,1.8205,20.564
219.85,400.64,452.6,42.583,37.046,28.75
92.16,593.64,189.53,136.41,42.575,21.411
567.35,-120.45,-283.48,20.873,2.1213,22.728
613.31,-26.388,199.95,20.436,-0.28646,21.474
395.27,-34.783,508.66,20.497,-2.3094,33.223
62.746,-399.91,-457.48,139.13,155.73,30.833
468.56,-242.08,371.95,22.986,-7.4521,24.991
403.12,-386.51,-323,28.304,11.344,23.59
252.2,-592.41,-2.7113,52.271,0.20273,20.418
515.28,-96.391,376.61,20.772,-2.7482,25.147
549.8,296.07,-163.64,23.193,-2.8848,21.108
386.24,-28.01,515.91,20.471,-1.9781,34.042
423.61,-439.62,-208.84,29.443,7.2612,21.58
274.86,546.77,201.22,45.56,13.399,21.494
138.58,591.51,197.88,90.443,28.714,21.474
198.49,-529.01,-305.99,58.392,29.645,23.223
289.26,-227.54,528.93,26.002,-23.176,35.785
28.98,386.71,-244.92,384.45,-242.8,24.158
114.24,382.11,-494.89,72.351,-86.244,32.565
252.17,583.19,104.19,51.588,7.7727,20.69
444.16,-58.751,464.41,20.596,-2.8053,29.423
24.247,346.68,-30.504,541.59,-47.585,20.496
485.75,-401.3,139.86,26.493,-3.7496,20.915
526.8,-317.22,196.27,23.838,-3.9293,21.433
183.72,609.79,-80.922,71.182,-8.669,20.582
303.31,-568.62,-8.6288,43.459,0.51393,20.419
441.3,-149.3,446.5,21.557,-6.634,28.294
54.924,497.41,-330.53,200.23,-131.67,24.475
207.63,-594.44,129.57,62.187,-12.094,20.846
300.03,273.94,-500.3,27.677,-23.038,32.413
210.26,-578.66,185.22,60.036,-16.994,21.322
328.33,-522.31,187.28,38.418,-9.8848,21.339
604.1,49.783,222.28,20.487,0.61772,21.748
312.71,-417.41,378.81,34.1,-19.852,25.241
190.5,-598.47,134.32,67.668,-13.805,20.88
79.79,618.94,23.158,165.11,6.0829,20.432
135.76,14.33,-623.88,20.534,-10.075,96.552
86.224,454.41,424.26,112.62,101.69,27.719
406.96,-473.66,162.11,31.353,-6.1799,21.095
409.9,-498.1,11.505,32.156,-0.44327,20.421
282.69,-556.38,160.14,45.169,-10.344,21.08
296.54,545.19,173.63,42.81,10.532,21.202
532.31,-106.74,349.19,20.825,-2.6372,24.281
207.06,567.25,-220.44,59.802,-20.531,21.737
476.97,-333.13,279.38,24.912,-6.8586,22.652
26.317,380.27,-145.17,468.04,-178.33,21.852
100.21,337.93,-525.12,73.234,-104.96,36.678
200.84,292.97,535.55,36.238,45.215,36.982
157.12,-565.54,256.39,76.882,-32.396,22.283
300.14,-569.35,33.404,43.863,-2.0158,20.445
310.49,246.01,508.5,26.071,20.839,33.251
640.43,-41.362,70.776,20.46,-0.14557,20.541
324.85,-452.08,-325.18,35.035,16.642,23.65
379.75,519.39,45.969,34.626,1.9991,20.47
204.08,376,-479.68,42.968,-42.439,30.695
119.5,-333.64,-528.71,61.353,86.458,36.712
368.17,-308.96,430.12,26.671,-15.37,27.41
508.9,63.818,-391.88,20.578,-1.9595,25.703
125.69,356.31,-513.36,62.111,-79.817,34.477
77.085,495.14,-370.06,137.53,-100.52,25.389
285.17,-567.98,-105.99,45.597,6.8027,20.7
534.99,-267.46,-242.76,22.83,4.1484,22.037
102.61,-466.94,415,96.984,-82.375,27.047
155.58,248.75,-569.23,38.746,-64.042,44.65
572.38,239.4,178.42,22.134,2.4588,21.246
105.92,-613.53,-119.02,122.24,23.053,20.788
205.48,563.56,-230.99,59.866,-21.683,21.881
170.61,-613.38,-77.309,76.706,8.9828,20.568
239.69,-545.15,-244.2,50.883,19.123,22.069
426.8,50.438,481.29,20.56,2.7083,30.674
541.41,-106.28,335.08,20.808,-2.4374,23.892
107.39,-496.32,379.94,98.264,-71.974,25.507
367.12,479,227.56,33.597,10.067,21.822
39.497,447.05,323.23,270.74,194.64,25.171
38.07,464.44,-283.25,295.83,-179.56,23.9
40.844,-311.67,462.94,181.05,-265.5,36.399
102.68,569.87,255.96,117.41,51.142,22.326
523.37,327.13,189.03,24.083,3.9137,21.355
402.97,106.17,-492.51,21.116,-6.3735,31.632
20.421,12.334,3.0199,627.03,153.36,21.02
393.77,273.93,-431.37,24.883,-12.802,27.471
311.52,-35.495,563.2,20.55,-4.1969,42.045
20.476,-1.3731,48.556,27.345,-427.89,480.72
233.79,-15.96,-599.33,20.465,3.5921,56.254
50.715,368.79,459.5,163.48,200.51,32.464
320.64,-558.6,27.588,41.076,-1.5275,20.436
143.78,599.22,-170.75,88.356,-23.832,21.188
72.425,493.99,-367.28,146.58,-106.87,25.354
321.52,-545.13,122.76,40.251,-6.7317,20.798
51.741,-238.62,541.08,104.49,-227.89,49.784
314.8,560.77,-44.461,41.777,-2.5212,20.466
41.605,-556.72,72.264,314.23,-40.616,20.588
326.17,554.78,-38.538,40.344,-2.0847,20.454
195.59,-580.18,-194.63,64.231,19.37,21.425
559.99,248.8,203.09,22.344,3.0101,21.511
196.55,592.12,-153.46,65.127,-15.22,21.027
431.16,18.811,-479.69,20.437,-0.99233,30.546
56.709,-499.79,-332.03,193.96,127.43,24.471
576,41.28,288.59,20.47,0.73215,22.828
47.438,-539.8,215.48,258.2,-102.42,21.975
71.04,16.5,-614.44,21.009,-43.45,180.34
198.25,586.16,173.16,64.034,16.993,21.203
585.45,-271.32,20.571,22.506,-0.302,20.428
117.06,597.36,-184.58,107.77,-32.103,21.337
168.97,112.37,-608.3,24.576,-41.212,64.815
146.09,-622.36,-21.921,90.185,3.0137,20.43
504.21,-306.15,262.02,23.892,-5.5146,22.343
122.14,-606.38,151.76,104.82,-25.238,21.024
538.67,-252.9,250.14,22.559,-4.0347,22.15
350.64,-541.23,0.8829,37.597,-0.043242,20.418
238.03,-577.85,153.79,53.776,-12.249,21.027
524.05,-329.87,-182.27,24.131,3.7879,21.285
318.97,465.46,-311.76,36.17,-16.506,23.33
492.78,387.91,-152.56,25.993,-3.9152,21.014
77.828,-121.2,606.51,38.762,-140.16,89.221
302.05,318.55,-471.89,29.71,-23.225,29.994
454.84,-451.85,73.483,28.794,-2.3283,20.551
232.21,597.7,-53.808,56.571,-4.4294,20.489
21.544,-3.3182,205.88,22.672,-265.81,551.07
486.77,383.5,-180.38,26.002,-4.689,21.266
20.924,-0.40735,-141.07,20.498,55.86,627.56
20.42,0.0097919,10.189,20.427,19.588,645.28
199.35,-13.962,610.72,20.468,-4.4165,65.966
64.362,445.16,415.97,150.3,137.86,27.824
98.197,384.56,-491.67,84.256,-101.4,32.532
194.43,608.01,-72.189,67.373,-7.2645,20.548
119.44,-560.19,277.54,99.317,-47.125,22.691
222.12,573.21,-189.37,56.717,-16.309,21.365
24.086,302.01,161.11,482.99,257.19,23.136
437.62,-255.63,399.41,23.652,-9.4169,26.004
623.26,-144.73,86.269,20.961,-0.6399,20.602
67.621,-207.71,575.82,68.883,-174.18,57.785
249.68,577.43,136.88,51.59,10.314,20.896
474.27,-386.2,206,26.34,-5.608,21.546
634.37,-98.533,-68.739,20.663,0.33991,20.534
54.856,-399.34,443.92,161.44,-176.59,30.394
560.55,-314.54,59.921,23.416,-1.0693,20.506
133.54,550.68,-294.04,87.61,-44.239,23.006
551.95,72.995,-326.71,20.596,-1.5867,23.677
630.26,2.3764,-140.09,20.418,-0.017129,20.916
25.452,145.18,-356.78,196.14,-476.77,53.917
410.65,47.235,495.38,20.552,2.8215,31.892
190.12,-613.42,-7.3323,69.334,0.75689,20.419
27.576,-16.16,-433.29,27.088,313.65,360.34
571.43,-294.2,60.551,22.968,-0.99147,20.508
551.84,-267.36,201.76,22.691,-3.2588,21.495
125.39,-584.35,221.49,98.578,-35.761,21.776
20.654,0.66386,97.299,20.876,133.01,624.25
370.11,-523.98,-67.017,35.426,3.0259,20.529
474.11,39.075,-436.13,20.487,-1.5456,27.711
29.869,11.455,-470.62,23.064,-205,390.7
477.36,140.19,-411.1,21.281,-4.9635,26.495
284.82,562.34,133.42,45.281,8.5589,20.87
146.77,-576.87,234.32,83.571,-31.92,21.944
472.14,433.05,77.888,27.717,2.28,20.568
164.96,-179.19,-592.95,30.272,54.604,53.899
226.02,15.208,-602.14,20.464,-3.6817,58.194
246.23,-588.61,85.644,53.063,-6.5776,20.601
187.68,-595.37,150.55,68.282,-15.722,21.003
30.66,-442.45,-189,395.48,168.49,22.198
614.28,-91.338,176.5,20.642,-0.86379,21.227
317.84,485.46,-280.85,37.328,-15.134,22.686
538.61,290.42,205.54,23.2,3.7026,21.54
601.84,-205.75,-110.78,21.579,1.217,20.725
641.25,-26.159,70.606,20.435,-0.091728,20.541
524.13,376.17,-21.112,25.138,-0.48013,20.428
34.482,-142.75,499.56,106.86,-360.31,73.046
182.41,496.67,363.48,59.554,38.461,24.777
46.137,-454.1,356.81,225.03,-175.36,25.925
24.822,8.3634,-366.8,23.732,-270.45,456.92
50.533,392.86,-438.57,174.72,-192.39,30.485
245.29,583.63,-116.68,52.853,-8.9896,20.762
592.96,0.43067,255.35,20.418,0.0063936,22.232
224.13,-546.36,255.13,53.989,-21.605,22.244
421.29,423,244.74,28.951,8.4188,22.068
132.14,-109.05,614.81,26.603,-61.642,76.57
178.39,522.96,326.37,63.617,35.612,23.717
291.15,-542.84,-189.22,43.281,11.729,21.36
141.92,-348.39,-516.86,54.608,69.69,34.73
379.55,-512.83,-95.033,34.353,4.1172,20.643
30.462,435.45,-198.67,393.81,-179.19,22.437
38.317,496.58,225.53,313.37,141.71,22.416
71.501,-597.39,145.99,179.17,-43.217,21.011
36.512,477.53,239.93,322.75,161.51,22.841
74.045,-208.24,-580.3,63.13,157.52,57.581
210.93,58.708,604.52,21.201,15.834,60.189
337.08,454.21,309.57,34.302,15.095,23.279
256.02,572.54,145.93,50.15,10.663,20.963
116.55,-618.81,-89.351,111.99,15.632,20.622
291.22,-528.68,-225.68,42.397,13.901,21.8
522.04,-377.3,42.082,25.198,-0.9653,20.461
604.81,199.27,106.34,21.498,1.1245,20.701
481.69,-413.07,-117.85,26.907,3.2565,20.767
483.3,-425.76,41.169,27.221,-1.1513,20.459
376.93,-300.55,428.56,26.128,-14.507,27.33
21.981,-202.46,-127.02,508.15,318.29,24.098
88.985,46.401,620.7,23.163,69.099,130.59
79.323,272.65,-555.91,75.443,-142.55,44.977
408.82,498.74,19.477,32.231,0.7536,20.427
643.37,-53.132,-11.231,20.487,0.029366,20.421
244.34,144.73,577.69,23.752,24.752,46.377
562.29,316.43,21.193,23.432,0.37784,20.429
410.49,138.08,-478.22,21.544,-7.6014,30.435
109.51,612.8,-123.64,118.07,-23.11,20.817
23.349,-312.12,-23.577,563,42.473,20.476
366.47,-528.72,-46.429,35.879,2.1304,20.471
509.58,-380.41,-110.62,25.487,2.6551,20.724
280.33,564.42,133.88,45.998,8.7613,20.874
317.49,544.22,-136.36,40.581,-7.594,20.891
192.98,573.42,215.8,64.338,21.775,21.679
412.25,-49.925,493.79,20.567,-2.9475,31.745
639.14,-3.4348,91.419,20.418,-0.01571,20.626
228.7,-532.74,279.03,51.933,-22.996,22.662
484.81,-416.38,-90.242,26.924,2.4797,20.62
24.729,205.11,300.71,300.86,439.06,36.177
514.4,-367.37,130.66,25.096,-3.0179,20.85
70.348,564.95,240.96,172.56,72.568,22.173
405.84,487.85,116.31,31.95,4.5062,20.758
29.287,-105.5,450.22,104.6,-429.38,87.862
295.43,-561.56,-112.57,43.936,6.9051,20.737
130.67,-401.82,478.1,66.766,-72.011,30.852
627.99,-86.825,-122.24,20.612,0.54487,20.794
222.57,-558.61,228.47,55.365,-19.564,21.843
25.557,10.686,387.88,24.867,294.1,423.53
465.56,-43.216,444.84,20.505,-1.8066,28.195
305.11,-184.89,-536.8,23.888,18.689,36.929
277.82,-286.62,-505.67,29.377,26.792,32.98
107.37,-615.49,108.92,120.95,-20.795,20.726
415.83,447.26,-208.15,30.005,-7.4982,21.572
594.99,35.727,248,20.454,0.5107,22.116
115.67,-587.05,-215.17,107.24,37.882,21.699
242.32,-242.68,-544.72,28.948,32.653,38.371
465.03,-421.52,-150.2,27.569,4.4356,20.995
206.05,560.03,-238.96,59.388,-22.345,21.996
535.51,-360.38,6.7017,24.616,-0.14283,20.419
27.996,11.661,-441.18,23.903,-244.54,402.21
122.63,-377.31,-498.34,66.899,80.129,32.808
487.35,345.78,-243.89,25.042,-5.9212,22.055
99.689,-613.31,117.11,129.95,-24.201,20.777
592.62,-221.2,129.11,21.795,-1.5573,20.839
42.103,551.57,115.13,306.53,63.697,20.856
431.57,-23.378,479.13,20.448,-1.2288,30.501
317.29,-561.14,3.2525,41.547,-0.18266,20.418
363.42,0.8205,-532.82,20.418,-0.067799,36.274
53.986,-595.3,19.271,244.06,-7.8457,20.428
385.74,-318.69,-407.14,26.499,13.756,26.331
161.39,615.96,71.915,81.165,8.8766,20.547
393.52,-405.2,-311.65,29.327,11.623,23.323
409.85,146.45,476.27,21.685,8.0025,30.285
618.07,136.4,127.34,20.909,0.90748,20.827
527.04,-368.87,53.124,24.928,-1.1816,20.487
123.68,-528.18,-334.16,90.731,54.495,23.985
289.18,-454,354.22,38.073,-21.163,24.447
549.67,126,314.18,20.948,2.611,23.376
282.74,32.664,578.02,20.554,4.8154,46.316
22.794,-3.9866,-286.84,21.941,211.57,538.19
596.61,-93.362,-228.35,20.666,1.2096,21.83
351.52,-504.45,194.55,35.754,-9.2922,21.416
249.66,-561.24,192.83,50.375,-14.465,21.401
111.85,-621.46,68.395,117.17,-12.504,20.537
94.908,294.32,-549.88,67.974,-115.54,41.721
169.25,-610.89,-96.9,76.994,11.354,20.655
160.9,-532.36,318.25,71.1,-38.999,23.528
620.31,51.52,-171.46,20.488,-0.46762,21.179
92.511,473.65,405.07,109.11,90.042,26.666
40.395,396.71,389.59,233.28,227.34,28.563
121.13,492.64,-384.81,86.686,-63.955,25.634
532.47,202.67,303.45,21.848,4.1447,23.136
617.3,-157.57,104.6,21.073,-0.85662,20.691
570.6,78.342,291.61,20.609,1.4211,22.888
449.03,-436.61,155.47,28.492,-4.9359,21.038
234.62,-599.23,-2.5958,56.187,0.21125,20.418
565.21,-144,-276.68,21.071,2.4707,22.601
145.26,-612.13,-115.11,89.267,15.909,20.757
47.284,-71.134,-576.43,39.706,236.68,143.36
528.26,-327.05,-175.07,24.019,3.5665,21.213
103.11,-359.18,511.18,75.377,-99.403,34.631
576.66,37.974,-287.74,20.462,-0.67027,22.811
521.56,-374.65,-65.313,25.146,1.4936,20.523
262.44,-576.35,117.14,49.394,-8.3237,20.764
33.121,-496.02,-108.39,388.86,84.742,20.898
100.04,-558.93,278.42,118.3,-57.176,22.743
87.878,616.39,84.456,148.65,19.983,20.605
181.62,-502.3,-355.99,60.385,37.903,24.542
380.34,-446.23,268.9,31.502,-11.008,22.465
164.33,-451.89,423.84,60.156,-49.922,27.228
453.87,-445.75,108.4,28.632,-3.4221,20.712
337.21,-531.24,140.86,38.149,-7.2176,20.923
592.64,0.62912,256.07,20.418,0.0093764,22.244
550.79,-277.26,-190.99,22.862,3.1873,21.375
143.9,620.57,-55.598,91.265,-7.7675,20.495
161.87,589.2,-193.15,77.65,-23.695,21.414
638.54,86.488,40.635,20.604,0.17457,20.458
505.14,-399.21,45.63,26.032,-1.1451,20.469
451.13,-214.71,408.44,22.616,-7.9589,26.381
237.7,596.85,38.541,55.36,3.0885,20.454
95.911,543.85,-305.66,120.24,-65.629,23.34
577.63,-279.93,-68.968,22.691,1.0643,20.535
524.14,-286.75,244.35,23.277,-4.5745,22.061
420.26,70.462,-484.48,20.703,-3.9011,30.935
54.904,596.3,-32.462,239.75,-12.957,20.448
470.39,-163.48,410.5,21.618,-5.8596,26.469
222.28,-403.56,-448.9,42.458,36.306,28.52
21.466,-188.99,63.043,582.6,-194.1,21.522
247.6,322.42,-499.19,33.595,-32.801,32.358
341.18,351.92,-418.98,29.36,-18.05,26.87
289.47,117.82,563.51,22.052,15.053,42.166
20.418,0.001202,2.2717,20.42,10.791,645.56
39.835,-256.18,490.47,154.28,-290.19,43.797
130.24,-351.04,-516.58,59.344,76.991,34.825
146.92,-181.81,595.48,32.677,-65.242,56.063
619.87,-174.15,47.674,21.209,-0.42518,20.473
425.95,-452.1,-174.68,29.792,6.1045,21.21
442.49,-469.67,-4.6398,29.791,0.15607,20.418
470.74,-56.388,437.88,20.564,-2.2631,27.805
350.04,-478.54,253.66,34.622,-11.97,22.21
239.53,-567.7,186.04,52.685,-14.672,21.329
583.88,-223.94,160.37,21.869,-2.0105,21.079
628.96,-145.75,-4.6237,20.959,0.033919,20.418
20.662,-0.15782,-98.923,20.443,31.736,637.24
342.27,-543.7,55.229,38.374,-2.7945,20.493
118.93,622.12,-61.901,110.32,-10.601,20.515
21.933,-224.68,71.156,573.04,-181.25,21.416
513.58,-352.79,168.54,24.777,-3.799,21.152
20.595,-0.03971,-84.497,20.42,9.4202,640.03
393.72,392.35,327.43,28.844,12.01,23.701
57.433,-0.59216,-601.09,20.419,2.5218,229.52
495.64,298.08,286.48,23.831,6.0911,22.788
165.85,-520.86,-334.92,67.761,39.616,23.95
551.47,328.94,66.356,23.778,1.2601,20.526
129.73,-577.56,237.82,94.284,-37.002,22.005
26.223,151.94,-375.23,189.63,-462.87,54.128
336.65,547.92,46.953,39.054,2.432,20.472
244.95,583.07,120.1,52.872,9.2668,20.783
230.21,538.47,-266.59,52.113,-21.84,22.436
30.988,-453.64,171.92,397.88,-150.39,21.831
182.06,564.56,-245.3,66.908,-26.364,22.096
30.712,476.79,69.085,424.81,61.41,20.63
96.381,-64.198,-620.62,24.709,75.765,113.02
495.63,48.702,410.57,20.516,1.6568,26.47
42.572,-562.16,-59.688,307.93,32.551,20.532
633.52,-94.375,-81.248,20.643,0.38621,20.581
29.328,425.65,182.22,413.3,176.5,22.206
86.459,590.84,193.58,145.04,46.576,21.465
475.42,-312.29,-304.91,24.435,7.2008,23.169
296.56,-308.89,481.62,29.517,-24.003,30.748
101.63,624.6,-4.3139,129.71,-0.87368,20.418
518.86,-247.68,-293.4,22.628,4.9807,22.925
330.51,549.04,-70.891,39.645,-3.7611,20.542
20.559,0.030015,75.543,20.419,7.9925,641.17
172.56,-560.75,259.31,69.868,-29.55,22.325
301.55,-518.08,236.72,40.657,-13.892,21.954
295.58,-372.25,435.16,32.882,-23.618,27.693
420.18,465.59,-151.6,30.495,-5.4781,21.006
207.04,290.42,534.82,35.287,43.226,36.841
567.4,-305.56,37.949,23.193,-0.64822,20.453
144.82,-304.95,543.17,47.987,-70.001,38.73
186.48,-508.62,344.71,59.63,-35.676,24.206
326.52,518.46,200.61,38.367,10.641,21.485
143.23,612.24,116.07,90.511,16.286,20.763
627.17,-152.52,-15.735,21.013,0.12117,20.424
586.47,-132.96,234.85,20.936,-1.81,21.921
30.188,473.35,-40.282,435.12,-36.947,20.491
398.26,385.36,-330.28,28.429,-11.798,23.773
161.19,162.02,-598.64,29.068,-54.412,57.447
20.604,-0.253,86.592,20.503,-58.277,637.16
277.7,-573.72,-93.604,46.967,6.2146,20.637
223.93,150.56,-583.96,24.636,-29.919,48.79
419.03,-201.01,447.56,22.65,-9.4521,28.359
180.9,-615.18,28.387,72.801,-3.0951,20.438
316.46,-318.3,462.71,28.989,-21.237,29.34
459.65,-390.95,228.79,26.815,-6.5945,21.837
627.96,-86.864,-122.34,20.612,0.54563,20.795
469.6,416.91,148.88,27.314,4.3039,20.984
101.15,-611.64,126.37,127.69,-25.709,20.838
560.6,311.62,-73.158,23.364,-1.2961,20.55
63.911,462.88,395.48,157.38,132.2,26.759
583.42,-176.52,-212.7,21.333,2.1581,21.626
457.63,454.19,-27.325,28.781,-0.8601,20.436
31.883,225.19,-441.15,188.86,-365.66,44.699
38.944,-93.514,540.78,61.088,-313.8,113.14
150.03,-185.64,593.8,32.668,-63.675,54.918
606.99,-156.99,-154.09,21.09,1.2993,21.026
21.298,183.54,5.4933,618.69,18.497,20.427
463.55,-432.27,-121.44,27.93,3.6535,20.789
271.8,-581.19,-57.328,48.309,3.914,20.499
515.31,-255.53,292.9,22.793,-5.163,22.915
37.595,-539.25,-46.126,349.38,29.783,20.492
641.43,-58.329,-45.041,20.502,0.12997,20.467
255.88,489.4,-331.14,44.177,-23.507,23.811
478.83,429.68,51.229,27.444,1.461,20.482
190.11,-613.42,-7.2841,69.339,0.75198,20.419
200.31,223.59,-568.19,30.688,-43.464,43.787
590.53,257.54,-41.706,22.277,-0.57707,20.46
493.21,235.88,343.05,22.636,6.1365,24.109
167.29,617.86,36.751,78.674,4.3644,20.451
87.149,621.02,33.903,151.05,8.0953,20.447
339.15,-506.75,209.68,36.756,-10.516,21.592
81.663,432.87,-444.06,113.63,-112.8,29.007
22.531,-272.84,-0.19385,585.1,0.41518,20.418
27.475,-0.47937,-431.66,20.424,12.494,479.64
21.118,1.7097,164.8,21.419,188.53,595.06
135.16,-203.18,-590.11,37.161,75.348,53.589
483.92,-239.6,353.51,22.787,-6.6287,24.409
21.12,-6.6409,164.95,32.352,-483.51,393.92
471.21,319.63,-303.82,24.679,-7.4018,23.146
568.32,304.62,-31.212,23.169,-0.53033,20.441
453.57,385.95,-248.53,26.82,-7.2618,22.126
29.356,345.33,-309.07,334.89,-298.61,27.378
445.12,-360.98,296.61,26.299,-8.5841,22.993
363.09,-531.09,45.627,36.216,-2.1225,20.469
21.731,8.9331,220.8,31.899,465.44,388.27
98.158,614.68,108.58,132.3,22.813,20.726
413.28,-339.18,-361.15,26.426,11.341,24.645
450.13,455.68,-78.587,29.068,-2.5399,20.571
123.16,-619.47,-83.196,106.12,13.725,20.594
93.635,623.45,-3.8262,140.79,-0.84585,20.418
532.78,-330.35,-153.92,24.029,3.1124,21.025
287.24,331.17,-472.24,31.206,-25.45,30.028
209.13,-87.361,601.62,22.143,-22.842,58.124
22.587,12.079,275.68,32.692,455.1,364.51
503.31,-394.92,85.598,25.961,-2.1464,20.6
83.632,-619.35,-43.058,157.25,10.748,20.466
570.48,-288.66,89.389,22.885,-1.4461,20.616
447.47,460.09,-67.178,29.3,-2.2008,20.529
184.8,-289.3,542.55,38.094,-50.917,38.234
442.44,-442.47,157.69,28.891,-5.1538,21.057
133.96,611.39,-125.95,96.471,-18.983,20.827
186.33,147.27,-596.56,26.086,-40.931,55.376
21.448,-196.9,17.23,612.29,-53.518,20.495
285.55,-575.62,47.774,46.039,-3.0695,20.474
196.45,-559.98,-246.21,61.976,24.292,22.107
224.99,-507.17,325.6,50.524,-27.139,23.678
551.63,280.53,-183.65,22.909,-3.0851,21.298
573.44,32.043,-294.79,20.449,-0.58632,22.953
305.12,396.61,-406.24,33.532,-21.612,26.308
327.13,240.96,-500.59,25.376,-18.59,32.424
264.65,-584.57,55.273,49.629,-3.8983,20.493
544.84,146.69,-313.58,21.146,-3.0592,23.362
241.36,534.43,265.4,49.755,20.547,22.414
39.452,499.92,232.72,303.05,140.44,22.512
83.637,319.46,-532.35,82.971,-129.89,38.787
124.75,-564.69,267.75,95.885,-43.402,22.502
433.33,26.386,-477.38,20.455,-1.3702,30.366
393.74,488.2,151,32.55,6.1063,21.002
328.61,-541.39,120.79,39.406,-6.4316,20.786
173.29,105.46,-608.57,23.947,-37.731,64.862
613.28,158.96,-124.29,21.093,-1.0393,20.807
556.44,-263.28,194.4,22.59,-3.0545,21.413
64.706,-602.76,-90.979,201.47,30.098,20.646
48.15,526.46,-250.7,247.34,-116.98,22.6
243.94,-568.4,178.29,51.924,-13.769,21.25
578.91,285.49,-11.756,22.768,-0.1836,20.421
108.2,-624.72,-21.616,121.76,4.0946,20.429
546.12,-336.29,-73.305,23.983,1.4388,20.551
333.85,445.58,-325.17,34.092,-15.956,23.649
484.32,418.93,80.476,27.006,2.2226,20.578
392.33,-464.93,-214.68,31.684,8.5549,21.653
416.77,-357.28,-339.04,26.907,10.831,24.002
514.29,-309.47,237.41,23.834,-4.8663,21.958
531.88,-56.835,-361.32,20.534,1.4759,24.645
297.13,-562.58,-102.68,43.799,6.257,20.682
641.02,18.104,75.103,20.426,0.067602,20.557
348.49,-370.61,396.31,29.833,-16.958,25.89
320.01,-516.5,-215.44,38.824,11.715,21.664
607.2,-40.839,-215.54,20.464,0.4869,21.662
224.49,-337.64,-499.44,36.983,38.031,32.419
339.84,-510.69,198.72,36.901,-9.9632,21.463
85.376,274.56,557.47,70.638,131.44,44.631
205.68,91.551,-602.08,22.367,-24.527,58.507
643.87,-38.906,28.021,20.455,-0.053646,20.437
177.26,-584.82,195.78,70.82,-21.738,21.441
265.45,575.4,115.21,48.86,8.0745,20.753
621.52,-71.321,-159.58,20.552,0.5983,21.072
622.58,-95.81,141.63,20.658,-0.70725,20.928
24.525,356.68,23.306,536.38,34.997,20.461
57.642,561.04,-216.56,213.48,-81.65,21.873
57.503,247.25,-547.99,96.102,-203.38,48.706
20.579,80.569,0.84572,640.57,6.7171,20.419
592.29,135.63,-218.17,20.947,-1.6807,21.695
203.97,-563.09,-233.33,60.216,22.084,21.914
278.02,-535.76,-225.17,44.422,14.726,21.793
376.6,422.96,-308.78,30.729,-12.53,23.259
306.63,187.25,-535.13,23.938,-18.642,36.67
104.43,-602.94,-164.04,121.92,32.241,21.139
20.497,0.067316,56.648,20.432,24.035,642.72
62.43,-22.436,-606.88,21.844,74.657,197.37
208.13,554.97,248.94,58.393,22.991,22.147
125.36,-616.68,-101.09,103.82,16.361,20.68
521.34,366.26,103.47,24.959,2.3324,20.685
340.16,-525.8,-153.68,37.637,7.7631,21.024
21.433,-180.05,78.156,564.26,-244.62,22.256
118.92,-541.65,312.2,96.581,-53.18,23.435
55.594,-299.7,-517.83,120.09,201.49,40.317
304.53,-36.377,-566.88,20.563,4.5283,42.982
592.08,-80.29,-244.52,20.605,1.1344,22.063
552.75,178.63,281.57,21.459,3.2024,22.692
359.11,48.967,-533.47,20.607,-4.1111,36.372
234.57,-578.65,-155.81,54.527,12.624,21.044
253.14,557.37,199.61,49.509,14.715,21.477
511.03,-127.8,373.02,21.047,-3.6213,25.025
153.85,-621.2,-19.799,85.642,2.5745,20.427
252.31,-501.03,-316.02,45.515,22.931,23.438
175.94,-540.09,-298.37,66.324,33.168,23.066
21.24,-3.3956,-177.76,23.606,311.28,536.84
355.9,512.06,-164.46,35.814,-7.7642,21.116
305.65,-159.27,544.65,23.034,-16.881,38.231
629.06,-60.839,132.04,20.513,-0.413,20.859
366.54,489.88,204.11,34.115,9.1227,21.525
636.97,90.113,-54.896,20.621,-0.24674,20.492
357.03,-501.35,192.62,35.237,-8.9927,21.395
377.99,159.69,497.69,22.17,10.49,32.119
109.79,-238.63,-577.82,49.568,99.659,49.461
462.14,-430.6,-132.24,27.92,3.9888,20.861
181.08,-278.02,-549.46,37.58,52.347,39.554
526.92,130.23,-349.38,21.033,-3.2531,24.287
485,324.33,-275.92,24.569,-6.4667,22.588
159.21,-565.08,-256.47,75.867,31.94,22.283
29.236,-402.41,226.26,393.16,-220.46,23.416
374.18,-163.68,-499.25,22.291,10.947,32.27
206.15,-222.79,566.63,30.143,-41.489,43.315
46.111,551.8,170.15,273.27,83.793,21.361
474.29,-127.64,418.66,21.145,-4.6922,26.838
106.43,-559.08,-279.38,111.17,53.682,22.748
352.4,-57.262,-537.06,20.686,5.0073,36.923
23.406,-14.922,-315.13,33.55,446.12,342.76
180.18,486.24,-378.22,59.096,-40.48,25.278
531.16,-67.803,-360.49,20.583,1.7572,24.619
460.27,215.38,397.79,22.546,7.4922,25.937
326.84,-550.39,-76.874,40.046,4.1394,20.564
67.476,-609.86,-51.436,194.69,16.24,20.489
317.41,-506.75,240.87,38.521,-13.166,22.014
461.01,387.7,231.58,26.689,6.6114,21.876
20.499,-0.62859,57.528,21.592,-209.05,608.12
638.31,-96.34,-12.206,20.649,0.058329,20.421
389.17,180.28,481.86,22.507,10.653,30.729
376.92,-393.04,-345.72,29.521,13.546,24.189
498.09,210.43,352.44,22.168,5.6311,24.377
643.75,-43.213,24.434,20.464,-0.051958,20.432
484.87,358.66,229.83,25.404,5.7638,21.851
589.13,18.898,-263.37,20.428,-0.29299,22.365
388.66,172.27,-485.19,22.338,-10.354,31.002
20.533,-2.8433,68.374,33.582,-509.03,390.34
400,-504.12,45.445,32.875,-1.8204,20.468
274.22,-544.78,-207.37,45.512,13.838,21.567
532.08,-285,228.79,23.166,-4.1508,21.837
377.55,495.22,168.2,33.708,7.2483,21.15
21.25,142.94,107.55,495.85,372.47,25.544
523.37,-300.64,228.82,23.551,-4.4523,21.837
390.41,-511.92,-40.835,33.699,1.7013,20.459
83.604,-564.98,-257.37,143.74,64.159,22.397
21.003,-2.4705,151.28,22.843,-281.27,561.02
427.17,406.55,-261.89,28.202,-8.6446,22.343
633.92,-115.21,-41.614,20.752,0.23991,20.46
20.418,-0.0020036,-3.8348,20.42,10.656,645.56
411.16,-451.22,208.84,30.335,-7.6793,21.581
182.9,-579.92,205.77,68.27,-22.057,21.556
80.4,280.27,-552.62,76.368,-139.81,43.838
173.44,598.3,153.21,73.805,17.453,21.027
336.05,-192.99,515.34,23.556,-15.644,34.002
256.85,-590.26,-16.78,51.306,1.2276,20.424
50.571,2.0748,588.88,20.438,11.642,260.42
234.26,-575.83,-166.31,54.359,13.485,21.136
456.29,-199.37,410.5,22.285,-7.368,26.47
23.703,-2.0874,327.75,20.722,-94.935,547.98
430.44,-405.66,257.91,28.071,-8.405,22.276
493.09,362.16,-205.63,25.34,-5.0474,21.541
25.021,187.48,322.37,265.47,453.76,40.523
248.22,-562.75,190.18,50.737,-14.37,21.372
20.438,-0.0025957,28.768,20.418,-1.8367,645.01
109.6,397.66,-482.37,78.115,-88.281,31.438
542.38,-99.95,335.47,20.762,-2.2919,23.902
540.93,198.14,291.26,21.746,3.7863,22.882
48.583,578.81,79.268,268.85,36.607,20.607
532.86,-276.61,237.13,23.008,-4.1916,21.954
56.071,559.08,-215.18,219.54,-83.766,21.865
459.53,15.068,452.86,20.429,0.66073,28.672
20.52,-0.020528,-64.549,20.419,6.4215,642.39
173.28,177.53,-591.58,29.335,-50.401,52.949
42.964,-454.12,-339.22,246.13,182.59,25.454
258.18,-544.02,228.18,47.743,-16.363,21.836
188.95,-607.65,-86.481,69.134,8.9809,20.605
211.09,-601.46,84.109,61.913,-7.7164,20.595
347.52,-521.84,150.88,36.879,-7.3946,21.001
506.51,-127.6,-379.18,21.056,3.7399,25.237
394.71,-24.579,509.68,20.457,-1.6429,33.334
204.77,529.11,302.09,56.816,28.25,23.135
643.36,49.848,-21.708,20.479,-0.053272,20.429
22.984,-84.723,283.95,165.15,-545.04,70.908
469.55,-222.69,-382.67,22.601,7.1429,25.363
93.15,618.9,-74.499,140.53,-16.559,20.562
32.48,488.55,113.22,395.43,91.398,20.957
409.48,344.63,-360.3,26.7,-11.591,24.619
545.52,328.03,-107.32,23.829,-2.0725,20.706
617.99,-157.18,101.09,21.068,-0.82412,20.673
204.25,-142.6,592.51,24.942,-34.191,52.833
196.81,559.06,248.05,61.785,24.42,22.136
20.579,-61.616,-52.059,489.5,412.86,26.72
519.71,-216.24,315.9,22.117,-4.7745,23.417
450.49,-327.05,326.39,25.24,-8.7058,23.672
94.04,555.95,-282.35,125.33,-61.962,22.837
97.931,471.63,-408.84,102.59,-85.409,26.79
67.858,-584.83,-181.45,185.64,56.901,21.366
551.96,296.17,-156.01,23.175,-2.7319,21.042
24.56,356.51,38.569,533.64,57.647,20.536
505.89,182.72,-356.79,21.71,-4.8991,24.506
455.27,276.96,-363.98,23.905,-8.4986,24.731
393.39,507.4,62.966,33.351,2.5875,20.516
567.81,-197.39,235.33,21.618,-2.7819,21.928
278.99,-447.12,-370.54,38.644,23.085,24.965
251.88,591.23,39.451,52.24,2.9533,20.456
541.59,109.25,-333.83,20.829,-2.4921,23.859
154.61,557.81,-273.8,77.067,-35.174,22.589
113.51,245.72,574.93,49.353,95.71,48.047
99.347,624.21,13.255,132.67,2.7504,20.422
67.187,-459.28,404.15,147.92,-127.68,27.084
632.62,-57.32,115.59,20.501,-0.337,20.753
47.156,579.95,24.032,279.32,11.513,20.435
626.99,-94.969,121.29,20.651,-0.59211,20.788
610.41,71.086,-197.91,20.556,-0.76659,21.451
320,-529.83,-180.19,39.552,9.8668,21.266
393.14,-236.96,453.27,23.848,-12.181,28.708
225.3,-599.89,56.91,58.282,-4.8504,20.498
456.51,423.54,-169.32,27.865,-5.1585,21.16
22.883,-3.3522,-291.32,21.465,177.67,547.98
333.18,-394.83,385.78,31.694,-18.115,25.489
330.38,-517.67,-196.39,38.004,10.256,21.437
272.58,-582.21,41.084,48.265,-2.7964,20.459
99.515,-555.97,284.15,118.32,-58.673,22.859
394.35,-243.06,448.98,23.993,-12.225,28.447
72.482,-510.53,343.97,151.27,-100.06,24.549
275.73,-560.47,157.64,46.356,-10.509,21.058
496.15,-384.43,-150.45,25.837,3.7972,20.996
322.49,-226.32,-510.29,24.96,18.621,33.438
606.35,-183.03,125.12,21.328,-1.2188,20.812
455.99,399.95,220.38,27.17,6.5171,21.725
28.673,-12.092,452.71,23.817,-236.41,394.13
121.06,-484.2,-395.39,85.329,65.689,26.056
357.93,-534.89,-41.408,36.755,1.9673,20.46
332.92,310.41,-456.66,27.94,-19.154,28.936
329.26,-300.75,465.64,27.677,-19.531,29.536
70.514,595.52,150.73,181.3,45.309,21.053
28.695,277.3,358.49,281.55,362.07,33.316
610.47,199.51,-65.963,21.481,-0.68609,20.525
554.73,276.58,180.31,22.818,2.9648,21.265
73.472,-473.59,-394.22,138.52,112.8,26.447
460.23,-452.36,5.8181,28.643,-0.18121,20.418
307.92,-200.58,529.54,24.383,-19.237,35.85
631.4,84.13,105.42,20.598,0.4507,20.696
436.59,-364.49,304.82,26.609,-9.1517,23.169
278.67,504.89,287.19,42.34,18.483,22.812
614.28,-37.809,195.1,20.456,-0.39883,21.42
89.898,-149.11,-604.54,40.326,121.58,74.246
548.48,223.03,257.19,22.043,3.611,22.263
608.24,-213.7,-34.699,21.642,0.38651,20.447
212.87,605.02,45.781,61.771,4.1635,20.47
410.84,-388.76,-310.38,28.126,10.622,23.293
141.85,621.16,51.951,92.629,7.3708,20.485
102.18,59.781,-621.8,23.78,-65.002,110.77
328.91,519.43,-194.16,38.217,-10.208,21.413
165.04,-599.68,-155.12,77.5,18.656,21.044
268.09,565.27,-153.2,47.76,-10.578,21.021
308.25,107.33,555.81,21.625,12.156,40.379
341.91,-530.47,132.3,37.735,-6.6559,20.862
244.85,579.19,137.78,52.591,10.625,20.902
198.81,-135.47,595.83,24.748,-34.764,54.704
348.53,-451.84,-300.39,33.465,13.967,23.077
421.18,412.96,261.5,28.611,8.891,22.336
438.7,-363.59,302.88,26.53,-9.0108,23.126
220.58,577.8,176.65,57.463,15.35,21.235
282.92,93.837,-571.2,21.517,-13.042,44.215
21.935,-0.42508,235.84,20.446,-31.803,600.15
29.372,387.52,254.6,375.27,245.82,24.419
70.258,-366.35,492.89,113.12,-147.24,33.866
281.72,-479.63,325.1,40.393,-20.383,23.653
448.11,441.99,142.34,28.693,4.5616,20.934
178.81,575.57,220.46,69.233,24.212,21.742
259.76,-582.85,-86.778,50.287,6.2527,20.606
137.12,-334.19,526.84,54.308,-73.514,36.145
84.479,589.62,-195.34,148.27,-48.19,21.489
384.46,515.73,-48.286,34.193,-2.0599,20.475
291.49,67.778,-570.69,20.965,-9.0971,44.045
328.06,-529.95,-164.96,38.845,8.7513,21.121
161.6,427.66,-449.04,58.171,-53.554,28.633
642.34,-64.175,12.144,20.519,-0.038412,20.421
28.519,316.87,320.01,325.56,327.49,28.989
174.15,-596.92,157.85,73.366,-17.898,21.066
27.962,-245.32,366.14,262.97,-390.12,36.605
43.167,567.12,23.143,305.14,12.397,20.434
442.14,-437.87,-170.83,28.751,5.5599,21.174
533.51,315.49,-180.32,23.725,-3.5171,21.265
163.89,413.52,-461.48,55.791,-53.923,29.437
43.589,294.33,-487.13,157.38,-256.08,39.237
333.53,541.33,106.99,38.977,5.5898,20.705
123.59,412.1,-469.91,71.983,-75.478,30.254
124.41,-618.14,-92.161,104.85,15.039,20.635
619.43,47.581,-175.73,20.478,-0.44411,21.219
537.16,-154.53,-322.91,21.247,3.398,23.584
124.88,-530.76,329.93,90.296,-53.26,23.869
56.257,-74.914,594.65,35.612,-189.76,134.35
267.21,529.05,-252.11,45.394,-17.255,22.19
488.76,421.48,5.7549,26.971,0.15721,20.418
257.68,551.82,209.2,48.381,15.075,21.59
47.642,578.84,58.301,275.32,27.578,20.52
182.36,-615.37,-11.575,72.277,1.2511,20.421
107.76,-477,403.96,94.283,-76.1,26.492
20.723,0.17594,-110.33,20.443,-31.538,635.37
477.45,-388.04,194.93,26.32,-5.2651,21.419
142.23,314.3,-538.23,49.956,-71.256,37.883
555.37,-244.06,220.74,22.305,-3.2689,21.729
151.92,217.11,-582.71,35.832,-64.944,49.445
432.54,-217.06,426.8,22.849,-9.0545,27.234
497.16,-366.9,-186.55,25.383,4.5556,21.329
42.072,447.69,-341.92,249.33,-189.14,25.659
92.89,141.62,-607.01,37.882,-115.2,76.49
337.91,-541.58,-90.969,38.622,4.6744,20.624
604.54,152.92,167.21,21.061,1.3864,21.14
55.466,-1.0108,598.1,20.421,-4.6404,237.63
21.43,0.033659,195.97,20.418,3.1799,615.16
187.07,-94.7,-606.93,22.913,30.241,62.794
559.18,-1.3527,322.57,20.418,-0.02853,23.575
408.74,499.14,6.3296,32.251,0.24505,20.419
631.18,-109.98,-79.824,20.725,0.4437,20.576
63.362,601.88,-87.96,205.89,-29.793,20.632
241.01,-486.61,345.58,46.136,-26.348,24.207
213.5,606.51,6.4969,61.744,0.58907,20.419
165.35,268.56,558.09,39.161,59.258,41.566
259.79,382.68,-448.08,36.428,-29.254,28.441
343.88,-242.29,488.74,24.991,-16.763,31.319
383.24,432.98,-285.94,30.83,-11.431,22.78
26.761,-11.988,416.85,24.841,-280.23,404.9
21.277,0.013959,181.56,20.418,1.4438,619.57
125.47,-613.4,-119.36,103.21,19.297,20.786
404.08,-372.5,-337.91,27.786,11.595,23.973
510.03,-336.44,208.1,24.466,-4.5935,21.571
332.69,206.3,512.33,24.037,16.624,33.658
69.86,610.8,61.045,187.78,18.545,20.518
350.93,-437.27,318.62,32.654,-14.492,23.488
250.65,-484.14,342.5,44.526,-24.876,24.117
121.46,-481.31,398.87,84.579,-66.007,26.201
186.44,570.29,228.7,66.066,23.964,21.852
471.18,-402.09,-181.17,26.852,5.1035,21.274
457.71,-376.3,255.65,26.443,-7.2538,22.239
615.59,-18.406,193.76,20.427,-0.19229,21.405
310.45,303.6,476.37,28.588,21.977,30.327
186.12,569.58,-230.68,66.094,-24.214,21.88
369.96,-30.627,527.46,20.488,-2.409,35.511
572.21,-188.94,-231.61,21.503,2.5944,21.875
389.74,133.99,-496.28,21.594,-8.4749,31.982
213.24,557.76,-238.54,57.405,-21.445,21.988
100.99,-63.561,-621.3,24.27,69.344,109.82
482.11,-246.33,351.34,22.932,-6.7808,24.345
156.28,253.6,-566.96,39.162,-63.754,43.978
619.18,-182.39,13.601,21.286,-0.12686,20.422
109.32,-612.58,-124.69,118.23,23.348,20.824
115.74,597.65,-183.67,109.04,-32.335,21.328
302.9,462.76,330.91,37.341,18.718,23.797
32.601,-492,103.21,395.77,-82.802,20.861
22.615,9.2016,277.28,28.111,400.21,423.4
21.732,4.2638,-220.96,23.531,-301.31,526.36
563.33,307,-71.754,23.256,-1.2459,20.545
20.764,2.772,-117.33,25.328,-375.4,511.8
244.81,398.9,-441.97,39.134,-31.557,28.095
200.58,314.75,523.14,38.134,45.211,35.19
39.641,451.87,317.71,272.3,190.37,24.936
20.692,0.93524,104.75,21.194,170.79,613.75
205.86,-606.44,-55.176,63.801,5.2103,20.493
101.48,619.67,-78.246,128.9,-15.868,20.576
467.89,-5.2345,444.47,20.419,-0.21739,28.173
619.92,-156.45,89.777,21.058,-0.72431,20.618
576.99,241.44,-159.87,22.135,-2.1863,21.075
529.29,175.22,-325.31,21.509,-3.9494,23.643
205.55,-609,-7.2404,64.13,0.68516,20.419
643.86,20.008,-43.76,20.427,-0.043145,20.465
301.26,380.79,-423.81,32.954,-22.598,27.112
633.15,115.69,50.987,20.756,0.29585,20.482
591.99,168.74,-194.6,21.232,-1.8419,21.415
68.103,605.41,-93.101,191.35,-29.091,20.655
616.72,159.4,105.3,21.089,0.87327,20.695
539.7,-295.15,-195.72,23.275,3.5571,21.427
235.97,576.52,161.61,54.074,12.997,21.094
136.81,-560.41,274.28,87.01,-40.241,22.611
398.49,290.76,-415.76,25.286,-12.583,26.712
135.89,550.3,-294.24,86.092,-43.444,23.008
499.03,-179.63,367.83,21.702,-5.1051,24.853
533.4,362.67,25.322,24.696,0.54568,20.433
204.57,-415.88,445.35,46.444,-40.124,28.329
584.89,-268.23,52.325,22.465,-0.76228,20.485
97.806,89.806,617.65,28.006,90.244,98.262
641.59,-38.543,61.254,20.454,-0.11701,20.51
76.23,49.29,615.75,24.589,95.389,143.59
39.508,-531.26,-148.85,321.35,89.671,21.201
20.498,-25.887,-50.843,292.37,571.43,44.913
301.43,-0.24285,569.66,20.418,-0.031229,43.733
329.85,-518.16,-195.98,38.073,10.259,21.433
101.09,386.73,-490.41,82.324,-97.974,32.342
478.53,302.67,309.73,24.165,7.0753,23.276
129.17,512.12,357.67,84.485,55.56,24.665
235.07,-590.11,103.27,55.353,-8.369,20.686
71.794,46.817,-613.38,24.693,-102.33,151.83
547.03,295.36,-173.85,23.207,-3.0867,21.202
147.24,622.09,24.386,89.467,3.3244,20.432
596.95,13.796,245.49,20.423,0.19423,22.078
187.06,102.8,-605.61,23.33,-32.175,61.676
86.488,262.27,563.73,66.907,130.42,46.514
148.07,-509.54,357.5,73.817,-47.829,24.625
117.98,613.67,-119.59,109.74,-20.646,20.788
235.79,591.84,-91.063,55.345,-7.3566,20.625
597.01,-243.85,30.275,22.057,-0.39194,20.44
220.47,297.63,-525.86,34.398,-39.362,35.492
68.793,456.1,409.65,143.22,126.02,27.319
389.63,511.31,53.805,33.716,2.2468,20.489
361.31,-12.596,-534.09,20.43,1.0549,36.464
269.49,-582.32,-56.355,48.73,3.888,20.496
319.7,-559.4,21.493,41.212,-1.1948,20.429
354.33,397.1,364.23,30.695,15.698,24.747
567.5,-11.15,-307.53,20.421,0.21763,23.225
590.3,-258.68,-37.745,22.294,0.52457,20.453
254.79,-22.976,590.91,20.501,-4.2803,51.53
39.524,438.66,-334.75,265.44,-201.36,25.655
358.58,-189.03,501.63,23.089,-13.358,32.51
435,62.992,472.42,20.631,3.1848,29.992
546.82,187.42,-287.36,21.585,-3.4835,22.804
317.67,-268.9,492.28,26.773,-20.509,31.646
312.31,532.12,186.6,40.401,10.549,21.332
211.24,-458.63,-398.04,48.994,35.136,26.007
492.03,377.3,-179.25,25.738,-4.5326,21.255
313.16,228.59,-514.97,25.297,-19.865,33.976
626.69,94.865,122.9,20.65,0.59991,20.798
351.46,-526.55,122.89,36.82,-5.9511,20.799
549.27,-270.78,-204.2,22.767,3.3606,21.524
65.723,-593.74,-142.17,195.13,46.211,20.988
73.336,553.61,270.4,161.77,77.755,22.688
573.15,105.8,-277.62,20.763,-1.7975,22.618
516.09,-108.04,372.31,20.861,-3.0227,25.001
604.54,-160.87,159.6,21.129,-1.3876,21.072
616.04,-103.4,-163.21,20.703,0.89634,21.104
614.74,-128.7,149.54,20.861,-1.0189,20.989
413.94,474.51,-140.6,31.081,-5.2351,20.921
164.63,113.43,-609.02,24.857,-43.412,65.773
618.37,100.06,-156.33,20.683,-0.82543,21.044
492.08,417.62,4.3871,26.789,0.11795,20.418
595.38,-120.52,218.63,20.832,-1.4892,21.701
29.541,448.63,126.54,429.53,120.88,21.212
571.8,-299.2,-16.837,23.047,0.27906,20.424
126.27,624.78,-9.6378,104.39,-1.5487,20.42
594.11,112.77,-226.1,20.782,-1.4507,21.8
555.23,-322.32,67.531,23.612,-1.2482,20.53
126.65,610.61,-132.56,101.81,-21.214,20.874
273.52,529.21,245.14,44.567,16.311,22.081
521.54,330.64,-187.95,24.18,-3.9448,21.343
520.55,-127.81,359.64,21.025,-3.3686,24.593
411.2,-465.93,-173.44,30.878,6.4684,21.199
223.41,-522.15,302.09,52.088,-25.505,23.13
121.55,-539.18,-316.29,94.115,52.61,23.528
156.57,-491.12,-380.12,67.744,47.67,25.376
158.42,615.45,-80.595,82.553,-10.149,20.581
27.928,-367.15,-242.69,393.94,259.7,24.465
20.434,-0.0040773,25.802,20.418,-3.2181,645.13
377.68,274.44,-445.1,25.251,-14.179,28.223
269.4,-567.86,-140.92,47.746,9.6822,20.925
126.95,-454.24,-429.02,76.786,67.395,27.612
373.28,-366.72,-377.13,28.643,14.489,25.174
577.31,-287.17,31.929,22.807,-0.50349,20.443
174.83,-615.56,-46.118,75.207,5.2193,20.471
160.54,-212.44,-582.79,34.042,59.794,49.25
299.28,-202.34,-533.7,24.664,20.473,36.464
481.11,-429.58,-23.163,27.383,0.65561,20.431
187.3,275.73,-548.84,36.484,-49.879,39.387
288.59,142.49,-558.23,22.782,-17.564,40.939
195.99,206.09,-576.09,29.713,-43.84,46.219
145.76,581.71,222.44,84.789,30.542,21.778
411.56,-350.64,-352.05,26.837,11.349,24.37
591.63,-135.1,220.27,20.944,-1.6943,21.722
169.64,-615.66,-58.597,77.385,6.8526,20.503
286.81,552.91,164.95,44.431,10.456,21.122
579.08,-168,230.69,21.26,-2.2691,21.863
384.23,496.37,148.66,33.385,6.2587,20.983
226.02,-405.1,445.76,42.037,-35.344,28.329
326.1,324.59,451.62,28.836,20.007,28.624
152.22,621.75,7.1643,86.596,0.94236,20.419
641.57,21.084,69.402,20.429,0.07262,20.537
597.04,219.7,109.89,21.758,1.2992,20.72
113.79,570.98,254.77,106.13,45.601,22.289
115.01,-430.12,-453.79,80.232,79.166,29.169
231.43,600.35,-8.2692,56.958,-0.68373,20.419
589.23,-224.2,139.04,21.847,-1.7153,20.909
383.26,-473.69,-211.76,32.488,8.7875,21.617
401.11,244,-442.48,23.907,-11.732,28.069
171.14,333.18,520.64,44.941,55.731,34.996
245.91,-506.96,311.35,46.914,-23.355,23.331
91.707,-154.03,603.73,40.672,-119.24,72.162
154.13,476.33,-399.17,66.854,-50.799,26.121
145.82,-382.66,491.35,57.838,-65.01,31.915
531.25,75.044,358.91,20.621,1.9322,24.57
101.27,-183.93,596.88,43.013,-108.13,61.788
58.023,91.956,-594.85,40.148,-192.55,115.54
45.901,355.19,-454.46,177.59,-224.22,33.02
290.35,-372.67,438.23,33.273,-24.393,27.861
203.6,-573.13,207.78,61.269,-19.746,21.577
161.97,-587.15,199.21,77.352,-24.416,21.483
85.951,349.78,513.84,87.941,122.23,35.61
328.91,-532.89,153.41,38.928,-8.1239,21.022
135.54,189.96,594.45,35.422,74.016,56.061
104.61,418.11,464.38,85.672,89.748,30.032
388.18,443.42,262.36,31.022,10.404,22.352
514.06,-315.16,230.32,23.954,-4.7878,21.858
374.6,-67.188,-520.78,20.744,5.0259,34.637
286.39,-376.99,437.07,33.807,-24.899,27.8
114.01,-555.49,-286.98,103.16,51.207,22.886
621.44,3.2063,175.07,20.418,0.029709,21.213
191.9,117.14,601.68,23.958,33.684,58.544
123.28,408.24,-473.29,71.535,-76.178,30.521
307.72,-560.31,-82.562,42.487,4.8147,20.587
449.4,-417.35,-200.73,27.877,6.2158,21.484
277.17,-570.81,111.3,46.846,-7.3991,20.73
349.39,-175.81,-512.72,22.865,13.509,33.692
585.63,-119.41,244.06,20.838,-1.7021,22.056
147.11,620.68,-48.747,89.354,-6.6512,20.477
318.55,-434.98,-353.41,34.603,18.326,24.418
169.27,615.39,62.216,77.514,7.2929,20.514
440.08,384.76,273.28,27.133,8.3592,22.541
241.56,-594.54,49.879,54.409,-3.9219,20.479
595.57,-202.58,145.11,21.568,-1.6037,20.954
20.965,-122.56,80.319,526.04,-344.21,24.406
133.3,552.05,-291.52,87.968,-43.952,22.954
74.642,-575.43,-222.28,164.91,62.727,21.866
524.87,-206.38,-313.97,21.941,4.4756,23.372
467.04,306.51,323.14,24.429,7.7636,23.591
606.4,-197.31,100.84,21.472,-1.0517,20.671
47.772,-85.3,-575.83,45.2,242.87,124.65
129.87,344.64,520.9,58.541,77.717,35.403
49.801,585.26,-46.992,263.86,-21.059,20.483
