855
1365
84
1763
85
1295
245
740
508
580
539
968
1560
610
1769
593
669
873
1221
1537
966
872
1086
487
1524
829
82
40
1595
1273
1742
1539
1330
928
36
1410
965
960
999
460
1790
953
627
802
775
674
182
39
352
1767
168
1544
1650
410
1020
485
264
1731
588
1560
1571
16
35
1794
1093
895
286
1560
549
726
201
974
541
1030
746
760
1692
738
1776
1065
1664
78
1627
1849
232
534
446
289
995
987
697
1668
1888
884
665
787
804
1269
1773
1685
840
1312
616
1428
1607
1794
1360
1673
505
520
1131
1397
1301
1100
600
1171
616
811
1380
306
74
1447
1649
21
1525
241
1366
1536
1816
1668
789
480
235
1449
644
975
1880
250
1422
1779
784
1267
715
1446
1405
189
1898
654
344
60
955
178
1401
1769
16
790
966
573
1696
1031
1668
1525
553
884
908
180
981
625
185
1574
115
247
1840
871
506
150
274
1739
1750
585
1030
1770
802
1009
48
1479
559
1882
1688
345
41
586
714
1077
603
1166
1076
1197
1459
42
1418
1729
1253
1003
883
1154
70
600
1813
1397
1246
93
142
697
1281
808
1732
1221
1760
1863
1507
551
50
1896
530
1007
372
979
163
704
971
157
1279
1470
1058
213
1012
400
1
53
646
999
121
1466
1299
1537
1344
1882
203
1297
1648
791
1161
1577
1036
572
26
360
1187
1637
1081
631
1436
574
1430
296
352
623
1295
1897
494
1212
895
53
1630
757
1702
1265
1233
1726
1365
1715
6
1617
151
111
1224
397
1656
937
839
1561
253
481
174
435
1383
1052
165
704
238
939
1164
1717
832
1870
1004
1372
924
345
240
1310
971
32
1308
285
1406
1097
1312
142
1767
1025
64
719
412
557
374
1337
1381
1224
958
1296
983
1339
657
278
476
1291
646
420
887
685
1482
78
1004
1745
1874
7
612
1646
1206
1539
148
140
1837
28
249
1480
755
1693
399
700
20
36
168
1315
1588
1446
818
1721
1660
663
1510
918
45
1506
354
1062
1631
943
1125
150
699
42
634
997
1683
1855
1406
1037
909
580
1858
1474
958
1528
1269
1159
674
1322
592
210
152
1844
639
1042
506
869
1788
1378
1324
309
824
414
956
606
680
877
170
1356
1032
767
1497
262
445
185
991
1623
1860
1095
615
1815
1708
1184
1679
821
121
1755
62
1814
1367
1843
206
1515
1432
203
1345
649
1525
610
1755
1005
1147
1396
1194
1306
1088
1062
682
1330
923
1293
1008
1432
561
495
1751
787
1719
1448
165
876
869
273
377
230
1381
302
1619
367
210
536
912
725
286
443
352
1433
567
1043
1696
781
542
79
1644
1877
1031
389
789
1761
1011
847
535
834
1690
1059
956
1350
701
1868
1412
1680
1464
1424
855
1743
932
247
1346
1071
30
1374
596
1752
813
1695
873
879
1712
620
376
1151
1363
506
1421
1448
857
281
1740
834
137
81
486
1854
1169
510
1541
355
216
1232
1065
262
102
314
1298
355
620
1607
1385
48
1584
1044
1560
1485
1415
645
1666
1361
736
580
1104
1659
1785
281
1008
593
1317
690
1648
481
673
1248
211
1631
1690
1613
781
685
1641
750
1702
838
465
18
1040
1280
220
815
387
644
16
1394
1181
1183
562
415
1569
1233
1881
1413
1358
1075
575
1684
1526
1164
1316
491
909
853
152
903
143
1555
494
234
1896
979
1802
166
1535
1062
355
751
114
1015
1434
728
1792
81
1682
1545
897
973
802
878
928
1841
1514
1002
1600
575
1012
1250
721
1560
642
762
859
211
357
1311
1050
355
494
132
1032
695
1341
758
175
1266
1093
675
1451
1852
166
204
1598
1892
1626
1687
792
1673
970
465
1719
1709
1474
1871
953
519
776
1805
1375
1806
217
132
1758
161
592
1176
1567
674
1148
536
1825
844
1724
424
1186
832
1122
1784
73
481
326
595
899
1246
1116
120
1474
57
971
583
962
620
1658
1525
1359
1291
503
52
592
1519
937
1501
1585
269
519
327
1379
1739
1172
463
1551
866
1019
556
638
1650
1419
709
519
226
110
442
902
858
396
1435
525
1132
632
13
1442
252
991
717
395
1708
1060
1848
176
1251
387
39
662
1419
1023
1170
418
1698
9
1472
1450
12
698
1686
1585
1655
1859
1057
402
1212
238
1879
688
28
67
797
1287
1029
1750
1298
253
1833
1213
644
773
6
1220
1112
1039
944
1744
967
1351
907
1209
959
1721
1760
87
946
378
1656
1000
198
398
934
1715
394
1845
906
703
1628
222
968
968
1532
405
343
169
877
1877
148
1461
190
1014
1421
708
1027
1633
1686
996
495
805
760
1237
728
40
22
1687
895
1069
220
1673
1559
80
111
604
881
466
1632
1642
295
1650
1722
154
1486
1662
7
236
1473
1407
1181
204
293
1388
219
1019
1144
697
1032
946
1128
1714
451
750
1837
1285
1369
1408
690
65
1307
692
476
627
403
1027
1289
642
699
357
1762
1082
190
1358
270
1149
1157
1124
1381
252
1817
873
556
1849
175
743
1699
1186
1389
792
432
561
1476
278
1382
139
620
184
344
783
1728
31
1089
739
731
742
1437
1182
842
1622
917
1710
162
193
1574
1154
931
252
602
113
1326
308
1127
1402
1684
1086
1852
804
894
457
360
115
847
1587
151
721
717
599
1322
1139
948
340
51
1158
1632
1353
1246
247
1397
1671
629
611
1718
