-0.72498,-0.2348,0.046527
-0.2428,-0.11215,0.39771
-0.35369,0.19543,0.32933
-0.067571,0.024528,0.58622
-0.38193,-0.1724,-0.10895
-0.28808,0.14188,0.52765
-0.05464,0.20228,0.60214
-0.18236,-0.050082,0.062631
-0.56106,0.25513,0.045209
-0.4943,0.22481,0.41837
-0.18776,-0.14794,0.0066544
-0.4497,0.27999,0.25868
-0.43787,-0.30972,0.2724
-0.30484,0.21141,-0.030992
0.099609,0.44122,0.60559
0.16768,0.41594,0.711
-0.78739,0.095668,0.42598
-0.82786,0.28099,0.24983
-0.44692,0.11562,-0.23239
-0.048825,0.18658,0.38884
-0.42499,0.2611,-0.095824
0.01955,0.16003,0.30516
-0.79172,-0.074442,0.57684
-0.7064,0.27091,0.17124
-0.075904,0.31949,0.68396
-0.58167,-0.24077,0.43683
-0.16178,-0.19995,0.72184
-0.2997,-0.16873,0.43637
0.099643,0.072034,0.37045
-0.6158,-0.081612,0.55489
-0.50773,0.14023,-0.13154
-0.5552,-0.13065,0.65878
-0.66348,0.19473,-0.17192
-0.62993,0.019809,-0.26216
-0.37252,-0.19784,0.18935
-0.66958,-0.003622,0.59396
-0.35019,0.16025,-0.045293
-0.13294,-0.12304,0.68951
-0.36799,0.1188,-0.093137
-0.1058,0.015212,0.05622
0.072859,0.12586,0.5859
-0.40311,-0.24546,-0.062271
-0.68384,0.15464,0.32519
-0.31598,0.26603,0.0039362
0.00428,0.28346,0.71415
-0.65056,0.279,0.058327
-0.018684,0.00080179,0.6403
-0.036214,0.034308,0.49484
-0.49607,-0.1695,-0.074678
-0.14264,-0.26237,0.64999
-0.82097,-0.0097448,-0.094953
-0.7501,-0.20461,0.37488
-0.34927,-0.11075,0.031919
-0.029366,0.047563,0.45242
-0.14489,-0.0013211,0.55292
-0.43577,-0.22119,0.4738
-0.31354,-0.22031,0.45869
-0.4283,0.3005,0.22265
-0.054675,0.26159,0.62613
-0.44981,-0.22396,0.22436
-0.38414,-0.26048,0.29289
-0.27447,0.17639,-0.015044
-0.74632,-0.22932,0.34867
0.063013,0.19843,0.68317
-0.23894,-0.064272,0.02904
-0.40034,-0.093338,0.635
-0.21909,-0.17432,0.50831
-0.46591,-0.28096,0.25781
-0.54134,0.30664,0.1717
-0.21645,-0.27794,0.71321
-0.71063,0.21249,0.3033
-0.69377,-0.032708,-0.10196
-0.25424,-0.15774,0.18128
-0.54503,0.062511,-0.18251
0.082345,0.45576,0.65463
-0.44346,0.23717,0.38602
-0.45994,0.28593,0.17744
-0.22267,-0.11341,-0.1044
-0.032104,-0.19824,0.63555
-0.32758,0.1171,-0.092258
-0.12681,-0.024284,0.69659
-0.12971,-0.17614,0.71815
-0.38604,0.12542,0.6131
-0.46536,0.16208,-0.093679
-0.52498,0.14396,-0.24545
-0.75552,-0.32223,0.3882
-0.28014,0.14478,-0.10352
-0.63339,-0.040511,-0.097674
0.058857,0.17903,0.40076
-0.0539,0.19508,0.67116
-0.19826,-0.26965,0.56092
-0.63987,-0.18254,0.40545
-0.40547,0.21136,-0.080499
-0.19001,-0.1069,0.075444
0.013092,0.19479,0.2342
0.0071452,-0.080885,0.50165
-0.54037,0.048668,0.64241
-0.224,0.13888,0.22443
-0.65263,0.26886,0.19181
-0.78039,-0.0054441,0.44047
-0.58806,-0.16086,0.37142
0.22391,0.23034,0.32235
-0.67769,-0.25148,0.14103
-0.46471,-0.20664,-0.044582
-0.53262,0.033637,-0.15619
0.092438,0.21818,0.67476
-0.4178,0.21381,-0.079831
-0.7418,0.19982,0.26045
-0.53139,0.30956,0.24592
-0.29795,-0.27422,0.51696
0.013863,0.19929,0.50288
-0.21621,0.086718,0.68321
-0.31606,-0.27567,0.52703
-0.49854,0.053076,0.67611
0.10602,0.18355,0.31488
-0.15777,0.083623,0.60886
-0.68831,-0.22107,0.16802
-0.60204,0.19284,-0.10494
-0.095713,-0.014246,0.69393
-0.043834,0.28882,0.67676
-0.71128,-0.19769,0.085797
-0.31937,0.15472,0.56762
-0.71782,-0.19354,-0.067554
-0.13444,-0.20672,0.72039
-0.59026,0.1226,-0.046045
-0.045464,-0.16848,0.70898
-0.40867,0.13615,0.50152
-0.79297,0.019841,0.49
-0.36924,0.20314,0.05057
-0.6116,-0.21304,0.41685
-0.016589,0.13918,0.6115
-0.0031481,-0.1057,0.69257
0.016903,0.10528,0.47532
-0.71234,-0.093667,0.52632
-0.5499,-0.11621,0.566
0.088338,0.47724,0.67493
-0.44155,-0.20542,0.0072518
-0.65476,-0.21489,0.10284
-0.091297,-0.28663,0.59912
0.14448,0.12717,0.42561
-0.52933,-0.23144,0.37654
-0.53208,0.33026,0.34609
-0.45905,-0.19712,-0.092212
0.047307,0.13396,0.69285
-0.083252,0.26773,0.57361
-0.5466,0.20151,0.27551
-0.50798,0.17906,-0.19016
-0.15713,-0.19065,0.52092
-0.70997,-0.15406,0.12538
0.016754,0.022644,0.58702
0.19563,0.24242,0.34437
-0.49237,0.091043,0.54404
-0.0042872,-0.10567,0.78087
0.15226,0.42795,0.56362
-0.20211,0.23189,-0.076376
-0.58132,0.29027,0.29621
-0.42912,0.22941,-0.079579
-0.32636,-0.043368,0.69237
-0.1403,-0.30196,0.62916
-0.35671,0.16384,-0.1091
-0.61437,-0.23626,0.43598
-0.60966,0.11229,-0.084564
-0.8046,-0.32825,0.48505
-0.18586,-0.1434,0.042016
-0.43672,0.10658,0.54258
-0.0088568,0.20622,0.68175
-0.62829,-0.23415,0.14312
-0.69489,0.1581,0.41381
-0.30506,-0.058483,0.00064297
-0.49706,0.36619,-0.0089497
-0.69046,0.23026,0.0035777
-0.3545,-0.17595,0.02962
0.025684,0.17891,0.54085
-0.39498,-0.16508,0.36456
-0.48096,-0.1456,0.60939
-0.68428,-0.29341,0.39449
-0.32553,-0.22072,0.30612
-0.7411,-0.25783,0.1759
-0.27388,-0.18827,0.22986
-0.72169,-0.13038,-0.016403
-0.5483,0.065263,-0.20221
-0.24404,-0.008657,0.2437
-0.33523,0.26132,-0.024566
-0.16225,-0.081586,0.46065
0.010503,0.099594,0.64079
-0.45826,0.23802,0.27514
-0.58771,0.18439,0.384
0.030548,0.13913,0.41905
-0.17504,-0.34429,0.6613
-0.35601,0.15606,0.11756
-0.23598,-0.00015558,0.026776
-0.72697,-0.18028,0.034331
-0.45423,-0.029188,0.71734
-0.12214,0.052851,0.6362
-0.51056,-0.19905,0.38893
-0.019656,0.054905,0.65756
-0.55402,-0.11603,-0.17102
-0.73813,0.079507,0.48399
-0.57097,0.20262,0.58626
-0.52336,0.10478,-0.26157
0.022712,0.031971,0.46188
-0.68808,0.26912,0.029785
-0.4329,0.053037,0.66315
-0.021637,0.0086904,0.56159
-0.017984,0.084383,0.3282
-0.42771,0.29281,0.011375
-0.18069,-0.27576,0.5738
0.10155,0.18166,0.31654
-0.63564,0.10622,-0.20417
-0.23399,0.042038,0.66247
-0.56315,-0.20194,-0.093967
-0.75823,-0.043963,0.12697
0.20388,0.14226,0.3476
-0.18731,-0.3102,0.54105
-0.27027,0.029728,-0.02106
-0.29067,-0.23834,0.64512
-0.77392,0.17195,0.4078
-0.51875,0.11793,-0.22497
-0.083912,0.10661,-0.0024746
-0.15786,0.014216,0.13784
0.011052,0.38392,0.64003
0.015951,-0.028153,0.59583
-0.52916,-0.022368,0.59557
-0.64101,0.13386,0.33912
-0.68582,-0.24906,0.25599
-0.57188,0.035831,-0.16575
-0.16267,-0.23465,0.7239
0.04729,0.098845,0.45786
-0.24435,-0.21518,0.64146
-0.50288,-0.2398,0.39125
-0.29349,-0.09521,0.70109
-0.15823,-0.33599,0.62637
-0.56667,-0.12506,-0.098986
-0.66763,-0.28066,-0.020901
-0.54151,-0.22832,0.075522
-0.45611,-0.36339,0.098014
-0.28276,-0.12086,0.021313
-0.69351,-0.25096,0.045494
-0.036604,0.16782,0.61164
-0.68925,-0.029159,0.632
-0.041652,0.0789,0.296
-0.36796,0.13192,-0.061654
-0.65847,-0.20958,0.41764
-0.40913,0.27203,0.043669
-0.42064,-0.27135,0.57916
-0.0044786,0.13227,0.40586
-0.12408,-0.045463,0.67197
0.036742,0.16252,0.43302
0.083464,0.14368,0.34841
-0.32907,-0.25609,0.262
-0.77568,0.12338,-0.16388
-0.49252,-0.29504,0.14972
-0.16173,-0.018981,-0.10764
-0.44537,0.31545,0.13991
-0.57579,-0.062852,0.55998
-0.48279,-0.1986,0.57388
-0.59319,0.12843,0.54635
-0.09199,0.078027,0.65246
-0.51553,0.022827,0.46062
-0.032736,0.07837,0.39794
-0.070791,0.0051067,0.069435
-0.10082,0.022181,0.5154
0.019795,0.13467,0.36708
0.046321,0.078066,0.56895
-0.55842,0.016937,0.4467
-0.29504,-0.20256,0.62387
-0.50961,-0.18815,-0.10581
-0.57142,0.0073118,-0.24738
-0.25552,0.13358,0.51971
-0.11746,0.13094,0.16499
-0.6329,-0.16153,-0.026415
-0.62458,-0.14183,-0.067842
-0.40159,-0.13544,0.69228
-0.71584,-0.036403,0.59499
-0.0082419,-0.25689,0.45297
-0.056658,-0.22862,0.71028
-0.59316,-0.13259,0.43719
0.037984,0.36214,0.72862
-0.66507,0.25468,0.11962
-0.72842,0.048019,0.29526
-0.20159,-0.1535,0.3622
-0.67832,0.20463,0.0022226
-0.018669,-0.24698,0.58195
-0.11566,0.014299,0.55948
-0.36865,-0.14399,0.26138
-0.20859,-0.15794,0.30476
0.12337,0.37885,0.72745
-0.83545,0.27426,0.16369
-0.060995,0.031635,0.66443
-0.52101,-0.26889,0.54388
-0.47615,-0.31036,0.1861
-0.41851,0.026013,0.6949
-0.37334,0.27322,0.25939
-0.49069,0.14788,0.3874
0.064716,0.29282,0.66378
-0.74912,0.22908,0.33181
-0.5602,0.27945,0.23345
-0.57733,-0.0079409,-0.2551
-0.51665,0.11493,-0.16147
-0.46952,-0.17848,0.4175
-0.37111,-0.11851,0.081012
-0.69191,0.40221,0.1304
-0.22136,-0.044782,0.31785
0.11195,-0.046734,0.6378
-0.49909,0.14442,0.47025
-0.18511,0.052579,0.36819
-0.28274,0.22651,0.20068
-0.61011,0.21242,-0.074474
-0.28343,-0.17107,0.51801
-0.34309,0.25454,0.13243
-0.29961,-0.081074,0.7452
-0.42059,0.37421,0.2236
-0.25064,-0.091661,0.64256
-0.3964,0.23214,0.37914
-0.021619,0.30161,0.71617
-0.69193,0.31326,0.25324
-0.56461,0.24652,-0.18087
-0.014554,0.12783,0.58519
0.21158,0.21096,0.30694
0.16254,0.15253,0.35247
-0.13119,-0.27731,0.68139
-0.75222,0.13708,-0.026167
-0.49049,0.0079701,0.60595
-0.43508,0.13937,-0.057686
-0.29853,0.22981,0.11878
-0.7438,0.17541,0.097232
-0.1379,-0.30293,0.57434
-0.52153,0.042165,0.58332
-0.50904,0.27123,-0.016127
0.10636,0.37747,0.73021
-0.34212,-0.21324,0.54009
-0.41507,-0.18169,0.66682
0.066798,0.13835,0.59851
-0.16608,-0.10106,0.74151
0.14553,0.27886,0.31075
-0.63664,0.26747,0.028935
-0.17802,0.015775,0.31827
-0.75466,0.22844,0.085247
0.02343,0.1235,0.34287
-0.10534,0.082753,0.41965
-0.39645,0.17512,-0.063547
-0.22343,-0.17989,0.68367
-0.73626,0.19901,0.0037988
-0.14561,-0.17441,0.66134
-0.25898,0.29111,0.2101
-0.46516,-0.1091,0.64177
-0.0138,-0.099921,0.69982
-0.38196,0.27317,0.16086
-0.45772,-0.25121,0.39996
-0.72155,0.27313,0.10547
-0.040145,0.3007,0.69171
-0.53175,-0.1383,0.59831
-0.52562,-0.25921,0.22183
-0.42481,0.12496,0.4765
-0.70276,-0.15878,0.30739
-0.50796,-0.13097,-0.18109
-0.30996,-0.24182,0.1622
-0.051633,0.029184,0.64999
-0.59325,0.037226,0.4127
-0.58324,-0.10199,0.46178
0.14201,0.37457,0.68378
-0.42388,0.28337,0.4032
-0.68959,-0.054673,-0.13786
-0.38554,-0.19207,0.19495
-0.81217,0.034796,-0.10664
-0.42456,-0.27778,0.53264
0.055554,0.23962,0.68622
0.054539,0.14305,0.70817
-0.54141,-0.10659,-0.032286
-0.50525,-0.20277,0.1655
-0.21948,-0.33199,0.64235
-0.67193,-0.023078,0.48979
0.1071,0.44514,0.71041
-0.1078,0.075787,0.53875
-0.45798,-0.10665,0.69761
-0.17986,0.025563,0.49156
0.041867,0.27347,0.73453
-0.34285,-0.20523,0.30728
-0.43947,0.27927,0.19262
-0.5226,-0.15856,0.65331
-0.65278,-0.10571,0.3356
-0.6628,-0.32338,0.35376
-0.084928,-0.048553,0.4467
-0.52798,0.094151,-0.24437
-0.67922,0.032888,-0.15361
-0.65124,0.13206,0.47866
-0.37329,0.17345,-0.17032
-0.74299,-0.10244,0.48601
-0.58728,0.25422,-0.18262
-0.30699,0.022937,-0.072356
-0.57892,0.10863,-0.11646
-0.46214,0.22426,0.37886
0.015968,-0.13392,0.52497
-0.34853,0.078456,-0.17484
-0.33969,-0.24654,0.54415
-0.042637,-0.057812,0.53429
-0.20719,0.15459,0.24665
-0.49798,-0.034057,-0.10432
-0.66179,0.27945,0.05185
-0.19718,-0.28236,0.48116
-0.6654,0.18414,0.36762
0.068976,0.091807,0.4697
-0.39909,0.1982,0.39806
-0.61672,-0.24202,0.19532
0.015005,0.089755,0.28437
-0.68199,-0.21245,0.40815
-0.47909,-0.20557,0.6231
0.1348,0.33263,0.70128
-0.27858,-0.15119,0.72492
-0.8044,0.18633,0.38682
-0.2096,-0.14036,0.096017
-0.1272,-0.24303,0.68736
-0.048978,0.050341,0.56811
-0.28733,-0.12843,0.63168
-0.015563,0.073494,0.45241
-0.12281,0.091378,0.046399
-0.48833,0.34893,0.19192
-0.15659,0.096786,0.53513
-0.43203,0.28925,0.096865
-0.69015,-0.27948,0.28176
-0.59894,-0.19415,0.27093
-0.011166,0.24159,0.6496
-0.35203,0.16024,0.55863
-0.18123,0.05173,-0.0080861
0.056164,0.040112,0.30359
-0.28167,-0.081815,-0.0062501
-0.48792,0.31284,0.28601
0.13785,0.20362,0.36039
-0.60138,0.03884,0.54207
-0.3121,0.17262,0.29567
-0.16484,0.13637,0.45068
-0.66359,0.30892,0.25197
0.17705,0.29414,0.37556
-0.11227,0.09381,0.49586
0.10998,0.14041,0.37885
-0.72083,-0.04228,0.47349
-0.67683,-0.16618,0.38268
0.0086437,-0.018048,0.57809
-0.3043,-0.14976,0.14718
-0.033564,-0.12243,0.47336
-0.71475,0.024175,0.19397
0.029381,0.27668,0.69491
-0.65611,-0.26345,0.12308
0.10227,0.24452,0.2304
-0.66168,0.10202,-0.31584
0.095753,0.13859,0.32837
-0.54488,0.21934,-0.031978
-0.81155,-0.22754,0.5354
-0.61053,0.14747,-0.11731
-0.25965,0.26515,-0.069765
-0.0019546,-0.023183,0.57094
-0.62879,0.073966,0.48228
-0.24107,-0.15059,0.11403
-0.36212,0.20855,0.51559
-0.46539,0.20919,0.45149
-0.56472,-0.051067,0.42292
-0.79121,0.075864,0.43331
-0.36097,-0.22233,0.31768
-0.68153,0.11452,-0.25664
-0.70561,0.22695,-0.15827
-0.23706,-0.1562,0.21676
-0.71824,-0.051896,0.31517
-0.44302,0.34891,0.19017
-0.61472,0.082626,-0.21629
-0.7422,-0.0075716,0.39456
-0.65491,0.25404,0.16073
-0.092245,-0.084133,0.39612
0.0014375,-0.068589,0.51718
-0.089833,0.14476,0.57619
-0.69103,0.056817,0.4929
-0.52134,0.10546,-0.17015
-0.41081,0.31021,0.31288
0.13252,0.3382,0.69479
-0.45903,0.015191,-0.20779
-0.069122,0.024576,0.088514
-0.6749,-0.1978,0.38271
-0.51171,0.23898,0.013946
-0.50269,-0.080212,0.64345
-0.20349,0.11166,0.18868
-0.47532,0.34448,0.19513
0.083752,0.11042,0.45864
0.084437,0.21398,0.59308
-0.56149,0.26992,-0.0059162
-0.64719,-0.11402,-0.057507
-0.24349,-0.1892,0.49247
-0.51227,-0.16393,0.62222
-0.48209,-0.15327,-0.072498
-0.27665,0.077096,0.21576
-0.33716,-0.19021,0.039797
-0.41268,-0.18774,0.30111
-0.13272,-0.28984,0.62685
-0.22258,0.07382,0.59431
-0.59216,-0.21218,0.44963
-0.29086,0.047067,-0.084829
-0.56801,-0.11045,-0.10812
-0.084829,-0.15565,0.66322
-0.39177,0.16757,-0.074504
-0.69759,-0.020734,0.052167
-0.02551,0.14291,0.60898
-0.50183,-0.087683,-0.075378
-0.15859,-0.22844,0.50017
0.070913,0.038149,0.37811
-0.61919,0.023657,-0.16971
-0.035732,0.40085,0.60774
-0.39395,-0.28066,0.13167
-0.44028,-0.32855,0.23906
-0.036343,0.10262,0.46824
-0.54982,-0.23806,0.31596
-0.46855,0.33097,0.34345
-0.16544,0.18261,0.18131
-0.018643,-0.015502,0.40938
0.044154,0.051794,0.45088
0.13082,0.10288,0.45368
0.12409,0.16117,0.43121
-0.7441,-0.24272,0.031594
0.075361,0.31127,0.26072
-0.66024,0.011234,0.49262
-0.32559,-0.20631,0.018202
0.00602,-0.214,0.526
-0.73723,0.0053605,0.33199
-0.28737,0.15615,0.043164
-0.61496,0.2048,-0.026648
-0.56269,-0.31224,0.021665
-0.60123,-0.22395,0.22296
-0.76106,0.11354,0.16395
-0.19904,0.0057656,-0.047246
-0.81805,0.25521,0.29395
-0.17614,-0.11621,0.52648
-0.5527,0.33032,0.13052
-0.14586,0.08222,0.39999
-0.029268,0.045131,0.65859
-0.27867,-0.2713,0.53209
-0.52266,0.36307,0.26905
-0.45189,-0.14707,0.59423
-0.088327,-0.01936,0.59688
-0.7189,0.043125,0.48978
-0.48439,0.29701,0.070635
0.033351,0.19971,0.29521
0.029114,0.32707,0.60848
-0.012423,0.39923,0.65061
-0.32077,-0.20061,0.59532
-0.20145,0.055149,0.42631
-0.25883,-0.15486,0.094257
-0.13462,0.027055,0.7349
-0.77873,0.18151,-0.015506
-0.2986,-0.23656,0.56532
-0.5297,0.17227,0.3322
0.21273,0.18835,0.30768
-0.29765,0.16577,0.059627
-0.19364,0.076259,0.4617
-0.28231,0.13198,-0.14901
-0.19801,0.033176,0.023611
-0.0091852,0.15728,0.64369
-0.57047,-0.0035036,-0.18052
-0.14405,-0.059577,0.12692
0.18296,0.21093,0.32784
-0.23222,0.051208,0.41627
-0.53235,0.019458,-0.13911
-0.70108,0.16527,-0.1716
0.020181,0.05363,0.65171
-0.55587,-0.21613,0.097416
-0.47421,-0.18934,0.22946
-0.44474,-0.27137,0.25823
-0.10337,0.075072,0.61884
0.16963,0.28133,0.23113
-0.69747,0.1125,0.4468
-0.70674,-0.060499,-0.013472
-0.30932,0.16533,-0.091174
-0.333,-0.18932,0.059164
-0.482,0.21689,0.41736
-0.2799,-0.17687,0.2642
-0.048709,-0.18278,0.54953
-0.11204,0.054861,0.010828
0.036786,0.18098,0.30215
-0.44851,0.29128,0.19652
0.18284,0.41174,0.73917
-0.71335,-0.16231,0.1666
0.029331,0.034444,0.38805
-0.68891,0.095227,-0.10583
-0.52031,0.13227,0.39935
0.080258,0.16217,0.39016
-0.0084746,0.029308,0.4155
-0.63942,0.29304,-0.16044
-0.43982,0.30017,0.19601
-0.3935,-0.31519,0.15582
0.019352,0.072697,0.45439
-0.23371,0.11274,0.60839
-0.23263,-0.17719,0.70083
0.096602,0.24101,0.3014
-0.62655,0.2193,-0.19924
-0.57769,-0.12925,0.40654
-0.34723,-0.12612,0.003514
-0.17054,0.13716,0.10857
-0.57101,-0.22635,-0.052509
-0.53229,-0.23572,0.43661
-0.46212,-0.13473,-0.059363
-0.58372,-0.17056,-0.079554
-0.25654,-0.11584,0.23611
-0.68926,-0.27537,0.21689
-0.57102,-0.14042,0.56743
-0.22825,0.22245,-0.056283
-0.34526,-0.19393,0.54929
-0.27369,0.11595,0.38031
-0.33239,0.11553,0.38338
-0.66163,-0.12205,0.062187
-0.32166,0.22629,0.051817
-0.28107,0.27729,0.24265
-0.70517,0.29145,0.10282
-0.30778,0.037431,0.66609
-0.14742,-0.016903,0.19905
-0.38889,-0.21253,0.39533
0.073906,0.36701,0.62303
-0.72169,-0.28072,0.33841
-0.80597,-0.10788,0.51897
-0.20229,-0.0048926,0.037904
-0.22463,-0.04621,0.28921
-0.77236,-0.12974,0.4228
-0.67007,0.25471,0.096635
-0.54822,0.15592,-0.11881
-0.68431,0.30407,0.030421
-0.40163,0.19035,0.38831
-0.29081,-0.15511,-0.0045863
-0.51049,-0.027887,0.59373
-0.77478,-0.20564,0.18767
-0.62904,-0.15023,-0.0091129
-0.72433,-0.15984,0.090778
-0.62962,0.16012,0.36817
0.047999,0.088755,0.44773
-0.083456,-0.1106,0.45853
-0.72286,-0.045035,0.27716
-0.26291,-0.015012,0.5562
-0.34812,-0.25333,0.3112
0.2029,0.18529,0.29903
0.092026,0.20295,0.40884
-0.14245,0.069317,0.20681
0.076902,0.20101,0.35004
-0.19148,-0.16798,0.51432
-0.21245,0.25712,0.011154
-0.7022,0.073059,0.54107
-0.14162,0.084694,0.42999
-0.35416,0.10526,0.58006
0.042064,0.0098884,0.60536
-0.082956,0.032051,0.46571
-0.20994,-0.018196,-0.16174
-0.34085,0.25264,0.010083
-0.67858,-0.03678,-0.17006
-0.64566,0.023783,-0.25481
-0.46322,-0.12297,0.33457
-0.54854,-0.21335,0.44424
-0.64239,-0.089258,-0.17898
-0.38134,0.26283,0.38672
-0.72539,-0.248,0.37563
-0.25795,-0.084862,0.041305
-0.23738,0.10958,0.52269
-0.35474,0.33463,0.34184
-0.43806,-0.2798,0.27742
-0.091367,-0.19894,0.46944
-0.46701,0.33587,0.22231
-0.31704,-0.32201,0.66056
-0.59881,0.20223,-0.15113
-0.0097785,-0.10765,0.57251
0.019673,0.066106,0.50311
-0.0023933,-0.090906,0.68265
0.24652,0.16421,0.28577
-0.66589,-0.18339,-0.043855
-0.70899,0.054394,-0.20914
-0.5907,-0.17051,0.28971
-0.36237,-0.1455,-0.039823
-0.32166,-0.17276,0.37949
0.0042646,0.025802,0.73423
-0.21521,0.19277,0.16648
0.027157,0.046154,0.51434
-0.20506,-0.14471,-0.016761
-0.30426,-0.082794,-0.0062685
-0.45455,-0.22806,0.3143
-0.44937,-0.21423,0.34211
-0.72139,-0.04037,0.27468
-0.75748,0.18459,-0.038708
-0.47397,0.11267,0.59006
-0.27717,-0.21885,0.31855
-0.66399,0.24756,-0.1891
-0.44695,-0.069565,0.65913
-0.28391,-0.24598,0.38584
-0.76284,0.20517,0.26473
0.031604,0.2698,0.61977
-0.15809,0.12409,0.10351
-0.098175,0.13968,0.59128
-0.5507,0.24726,0.30765
-0.377,0.058604,-0.15608
-0.26493,0.1403,0.39202
-0.37293,-0.22761,-0.039922
-0.46899,0.16205,0.5552
-0.0544,-0.20405,0.53486
-0.37276,-0.24258,0.6071
-0.75099,0.30455,0.26914
-0.77069,0.025356,0.34153
-0.5274,0.094302,0.39991
-0.65012,0.052043,-0.17807
-0.037591,0.028766,0.52551
-0.043809,-0.10802,0.51816
-0.65379,0.1747,0.31463
-0.29557,0.24896,0.19254
-0.30986,-0.2785,0.5041
-0.68069,0.28055,0.054446
-0.63463,0.18332,-0.11626
0.0097573,0.20012,0.63069
-0.74705,-0.026015,0.54703
-0.22349,0.14886,0.0040096
-0.39819,-0.23902,0.41564
-0.61421,-0.23574,0.32404
-0.57375,-0.16844,0.30851
-0.5401,0.17699,0.51075
-0.1024,0.12449,0.23465
-0.23602,-0.0026353,0.73237
-0.55569,0.13136,-0.20763
-0.52371,0.14896,0.39014
-0.34883,0.037774,0.64005
-0.16948,0.052966,0.68043
0.075277,0.13457,0.63459
-0.55447,-0.17505,-0.072153
-0.063753,0.31315,0.61353
-0.11998,0.060488,0.11457
-0.37872,0.089582,-0.1669
-0.46936,-0.069102,-0.22887
-0.31504,-0.10643,0.72073
-0.067902,0.02824,0.41243
-0.73426,0.21096,0.25793
-0.23542,0.024444,0.39553
-0.20299,-0.11829,0.22579
-0.62362,0.12615,-0.081864
-0.19484,-0.054235,0.26681
-0.78751,0.23541,0.075971
-0.097343,0.26406,0.70516
-0.75438,0.13357,0.26827
-0.66029,0.1691,0.38186
-0.61273,0.2369,0.011201
-0.4442,-0.16782,0.51023
-0.042741,0.092022,0.6572
0.067544,0.32055,0.61746
-0.51509,0.27783,0.4045
-0.48138,0.15671,0.55838
-0.4807,0.17729,0.39523
-0.35602,0.18885,0.17137
-0.70761,-0.29596,0.12747
-0.010041,0.070192,0.53113
-0.64657,0.24121,-0.049103
-0.71611,0.13229,0.45384
-0.72795,-0.2797,0.24049
-0.64743,-0.17702,-0.0045386
-0.68685,-0.2097,-0.076101
-0.68472,-0.10316,0.49785
-0.30882,-0.16639,0.038265
-0.46907,0.2058,-0.12811
-0.13035,-0.13787,0.066382
-0.48394,0.16304,0.55247
-0.6783,0.038241,0.42472
-0.23137,0.085269,0.66674
-0.53269,-0.19512,0.05059
0.016501,0.16175,0.50439
-0.43637,0.1053,0.54358
-0.74935,-0.055697,0.031324
-0.55037,0.09961,-0.12841
-0.3616,-0.018565,-0.13188
-0.19887,-0.33739,0.7204
-0.21315,-0.27573,0.57203
-0.79351,0.083318,0.23363
-0.50984,0.30429,0.28302
0.12451,0.1153,0.35959
-0.48524,0.29814,0.26707
-0.63249,-0.17824,0.25631
0.069789,0.29936,0.74726
0.15928,0.2291,0.35033
-0.7289,0.076718,0.4226
-0.60761,-0.12628,0.39647
-0.71673,0.10606,-0.21711
0.14053,0.21974,0.25271
-0.64779,-0.32158,0.23542
-0.028524,0.056979,0.53017
-0.41269,0.064157,-0.1526
-0.50239,0.22037,-0.15898
0.13122,0.35478,0.66012
-0.53305,0.36126,0.20127
-0.63418,-0.27108,0.044417
-0.77017,-0.28157,0.22602
-0.28196,0.17366,0.21716
-0.14409,-0.3505,0.60521
-0.046772,-0.14367,0.65508
0.0010809,0.013836,0.63785
-0.52623,-0.23183,0.23929
-0.0030443,-0.03713,0.64758
0.059835,0.33671,0.62167
-0.57246,-0.29384,0.11797
-0.34334,-0.30827,0.19396
-0.68354,0.24688,0.064037
-0.3489,-0.070571,0.65307
-0.65162,-0.12423,-0.034351
-0.3014,-0.1793,0.056539
-0.18454,-0.11705,0.15517
-0.36848,-0.20155,0.014501
-0.48156,-0.10066,-0.11385
-0.17987,0.11568,0.29047
-0.54502,-0.14032,0.4085
-0.50247,0.29438,0.3674
-0.78315,-0.15191,0.15058
-0.28959,-0.17439,0.23174
-0.1501,-0.042112,0.1383
-0.40327,0.23228,0.26484
-0.67532,-0.166,0.4513
-0.61485,0.32017,0.087816
-0.58976,-0.133,0.57481
-0.20713,0.20559,0.070752
-0.07319,-0.19362,0.59118
-0.44866,-0.13591,0.66259
-0.30409,-0.016694,-0.16062
-0.46411,0.25192,0.067022
-0.15052,-0.067401,0.36556
-0.42263,-0.29494,0.13002
-0.54539,-0.20341,0.50463
-0.41349,-0.079059,-0.10955
0.08049,0.36353,0.69896
-0.06778,-0.22708,0.44374
-0.6149,0.32695,0.20054
-0.53301,-0.24266,0.16078
-0.1652,0.079238,-0.0035947
-0.43385,0.21839,0.46797
-0.58615,-0.22889,0.0042564
-0.7321,0.096018,0.39566
-0.076933,0.036196,0.64399
-0.057183,0.40539,0.66632
0.01427,0.28034,0.63906
0.044985,0.27336,0.68369
-0.45885,-0.13988,-0.096474
-0.74186,0.22271,-0.036635
-0.21953,0.2981,0.16186
-0.58739,0.14859,0.58373
-0.70102,0.1738,-0.011489
-0.26345,-0.29815,0.54006
-0.65532,0.23207,-0.11424
-0.63846,0.26617,0.18554
-0.3855,0.40771,0.24406
-0.40925,0.37404,0.25287
-0.3066,-0.046335,-0.056843
-0.73923,-0.13159,0.25459
-0.52535,-0.23205,0.38234
-0.18606,-0.13173,-0.041077
-0.14513,0.086496,0.54432
-0.092187,-0.15624,0.63047
-0.50372,-0.26127,0.26929
-0.068663,0.053907,0.42303
-0.33247,0.41605,0.17013
-0.21633,0.15103,0.099819
-0.09514,0.030334,0.69943
-0.1415,0.03497,0.52434
-0.5957,-0.17627,0.0090191
-0.060204,0.018323,0.37406
-0.060523,-0.039992,0.63426
0.047974,0.10778,0.67643
-0.65482,0.29556,0.17997
-0.48781,-0.25074,0.028509
-0.43879,0.23355,0.3955
-0.6231,0.25388,0.3429
-0.25349,0.22566,0.02908
-0.26029,-0.25859,0.43433
-0.77339,0.25349,0.02908
-0.46364,-0.094034,0.74621
-0.39408,-0.116,0.67351
-0.56842,0.033327,-0.22645
-0.59571,-0.18288,-0.083977
-0.85361,0.17292,0.25251
-0.70518,-0.23584,0.29878
-0.66786,0.3324,0.047164
-0.23675,-0.10648,0.30845
-0.74976,-0.065362,-0.066053
-0.50466,-0.25497,0.19935
-0.31219,0.15272,0.024866
-0.62479,0.0033061,0.5409
-0.47141,-0.19332,0.27009
-0.56906,-0.27458,0.053708
-0.28535,-0.18798,0.041595
-0.61132,0.25546,0.24168
-0.51846,0.25855,-0.065202
0.15952,0.18814,0.39772
-0.34386,0.28836,0.44205
-0.35035,0.28677,0.14004
-0.23384,0.13047,0.33697
-0.58837,0.01995,0.65545
-0.31511,0.13319,0.45945
-0.21638,0.1684,0.35729
-0.71804,0.17872,-0.06574
-0.24833,0.1478,0.43776
-0.085558,-0.20583,0.5032
0.20298,0.19509,0.38223
-0.62273,-0.1753,0.024273
-0.35024,0.12216,0.63092
-0.20118,-0.33269,0.52574
-0.59293,-0.16993,0.28451
-0.56836,-0.20068,0.03049
-0.65614,0.25405,0.085916
-0.74686,0.17626,0.5049
-0.48916,0.13206,-0.10171
-0.62303,0.21872,-0.19637
-0.72005,-0.16846,0.28548
-0.036199,-0.099586,0.46606
-0.10374,0.080994,0.29669
-0.73393,-0.17028,0.22341
0.0080927,0.025558,0.39473
-0.70056,0.011842,-0.11451
-0.64506,-0.18089,0.32895
-0.43188,-0.2337,0.41973
-0.14625,-0.015263,0.327
-0.71893,0.13987,0.34983
-0.042896,0.11474,0.64748
-0.59994,-0.19515,-0.014947
-0.38862,-0.27708,0.38468
-0.069352,-0.16798,0.54136
-0.070736,-0.051064,0.43622
0.024902,-0.11189,0.58133
-0.72981,0.26907,0.21632
-0.73558,0.14585,-0.113
-0.40098,0.29996,0.20746
-0.38155,-0.30173,0.35913
-0.2147,0.26886,0.042208
-0.65349,-0.22225,0.34682
-0.39523,-0.060199,-0.15096
-0.4548,-0.19448,0.037493
-0.51044,0.22019,0.012012
0.16394,0.083357,0.34021
-0.62022,0.13931,-0.1682
-0.79189,0.26218,0.24743
-0.66627,-0.16235,-0.014614
-0.46493,0.20955,-0.1967
-0.24612,0.16935,0.15783
0.099899,0.3948,0.27706
-0.49272,-0.22195,0.31393
-0.56075,-0.17563,0.29651
-0.59262,-0.22426,-0.056448
-0.294,-0.22832,0.41066
-0.2377,-0.14591,0.14381
-0.80702,-0.0054692,0.38336
-0.39204,-0.17095,0.7322
-0.62622,0.2986,0.0095035
-0.62231,-0.23203,0.00724
-0.24909,0.21727,0.28997
-0.22126,0.047917,0.40799
-0.233,0.17431,0.12962
-0.76399,-0.16464,0.10421
-0.38316,0.27312,0.11425
-0.74369,0.10853,0.31821
-0.69263,0.016551,0.4805
-0.51435,0.078063,-0.20745
-0.4945,-0.2415,-0.010268
-0.19199,-0.038403,0.72053
-0.65029,-0.15542,0.50419
-0.21804,-0.23769,0.6569
-0.69143,0.2052,0.31457
-0.70487,0.15289,-0.20562
-0.58833,0.31525,0.13231
0.12125,0.16839,0.4033
-0.24322,-0.11145,0.70337
-0.056021,-0.0020373,0.54896
-0.56507,-0.074334,0.51314
-0.51645,0.3618,-0.024914
-0.4323,0.30839,0.035483
-0.61424,-0.19084,0.44169
0.16585,0.089976,0.34465
-0.74551,-0.24174,0.54607
-0.4443,-0.062832,-0.052349
-0.24308,-0.33789,0.60158
-0.77065,0.16996,0.46575
-0.059952,-0.091786,0.71352
-0.089418,-0.23536,0.61056
-0.79029,-0.095486,0.50142
-0.74194,-0.071782,0.6103
-0.44246,-0.20192,0.34797
-0.51677,0.0395,0.61094
-0.37213,-0.090203,-0.036875
-0.64778,0.027568,0.5395
-0.068513,0.062777,0.64403
-0.74169,0.24765,-0.02136
0.058632,0.088594,0.42175
-0.43198,0.21755,0.37134
-0.34839,-0.16653,0.26917
-0.35835,0.32741,0.29371
-0.63051,-0.18176,0.25206
0.016573,-0.017486,0.51471
-0.21483,-0.27021,0.50402
-0.63351,-0.017644,0.48
-0.75336,0.11565,-0.0013023
-0.54193,-0.17359,0.40208
-0.33421,0.19713,0.39606
-0.43413,-0.21406,0.66522
-0.64852,0.037708,0.57524
0.10869,0.39016,0.64053
-0.5656,-0.16459,-0.036965
-0.39306,-0.15078,0.035107
-0.213,0.084355,0.69004
-0.73796,-0.23108,0.12039
-0.0024955,-0.13146,0.56963
-0.24966,-0.029926,0.70949
-0.22296,0.010286,-0.048586
