-0.62732,-0.23739,0.056984
-0.22561,-0.1326,0.3831
-0.29564,0.20548,0.3345
-0.095228,0.073578,0.54098
-0.43763,-0.18766,-0.042439
-0.31761,0.15047,0.53332
-0.063176,0.23317,0.65163
-0.20227,-0.061159,-0.0058223
-0.52793,0.30787,0.070868
-0.54077,0.23703,0.38299
-0.22295,-0.11734,0.081291
-0.40533,0.30633,0.29035
-0.46922,-0.24532,0.24064
-0.24824,0.20574,0.0070384
0.078935,0.40302,0.63297
0.10945,0.39206,0.64471
-0.76286,0.047144,0.40571
-0.73624,0.24544,0.21411
-0.51379,0.10136,-0.2252
-0.0066282,0.13699,0.39038
-0.3884,0.22104,-0.084954
0.023046,0.1736,0.3277
-0.7383,-0.056186,0.5675
-0.70428,0.27003,0.15584
-0.038889,0.3325,0.66099
-0.52562,-0.21734,0.41358
-0.12411,-0.18869,0.68039
-0.28138,-0.20131,0.47012
0.075256,0.060652,0.41462
-0.57807,-0.14209,0.54785
-0.53434,0.15461,-0.19323
-0.51148,-0.095003,0.64643
-0.63652,0.18834,-0.17515
-0.56867,0.038749,-0.25214
-0.33739,-0.19791,0.1661
-0.70288,0.081158,0.46845
-0.37863,0.073319,-0.14993
-0.14149,-0.14279,0.70218
-0.39785,0.20742,-0.10379
-0.15328,0.086519,0.064047
0.040338,0.11862,0.63704
-0.44483,-0.21184,-0.0027122
-0.64602,0.16945,0.35754
-0.32865,0.24277,-0.026383
0.038408,0.28054,0.684
-0.63616,0.29912,0.074039
-0.013777,0.019179,0.64101
-0.041906,-0.0012013,0.45242
-0.52965,-0.17697,-0.051457
-0.10361,-0.28256,0.61688
-0.74933,0.06218,-0.058554
-0.70509,-0.25739,0.40064
-0.35316,-0.20295,0.040534
0.043324,0.067261,0.4981
-0.15536,0.076071,0.51046
-0.44477,-0.2572,0.48396
-0.31521,-0.20933,0.41489
-0.41281,0.31924,0.1838
-0.061079,0.25501,0.6505
-0.41686,-0.2665,0.21596
-0.40674,-0.25718,0.21975
-0.28077,0.20712,-0.039231
-0.6801,-0.20812,0.32435
-0.011156,0.19553,0.6652
-0.26024,-0.080178,-0.045367
-0.47445,-0.085793,0.67336
-0.20475,-0.21663,0.46916
-0.43792,-0.24708,0.24401
-0.52763,0.32605,0.16111
-0.19193,-0.26207,0.68163
-0.71727,0.24231,0.29692
-0.71129,-0.11259,-0.061792
-0.26712,-0.16338,0.18707
-0.47252,0.022591,-0.16543
0.074355,0.42431,0.65559
-0.44632,0.26428,0.3772
-0.4525,0.33147,0.20338
-0.27636,-0.095594,-0.041756
-0.090328,-0.25674,0.64303
-0.2548,0.17001,-0.049571
-0.14833,-0.01871,0.70805
-0.24813,-0.22742,0.68348
-0.41503,0.097311,0.63583
-0.44127,0.11347,-0.15269
-0.53365,0.15306,-0.20151
-0.73831,-0.27313,0.40754
-0.31026,0.16618,-0.09416
-0.61105,-0.082838,-0.11872
0.08945,0.17323,0.41075
-0.060993,0.25023,0.66283
-0.22576,-0.31476,0.56317
-0.65865,-0.14741,0.43346
-0.36838,0.21743,-0.078116
-0.17284,-0.055736,0.044521
0.052899,0.1935,0.2679
-0.0080127,-0.072378,0.47876
-0.5509,0.021527,0.61616
-0.19248,0.16961,0.19034
-0.63869,0.30032,0.13204
-0.7627,0.019013,0.4148
-0.60335,-0.19645,0.38897
0.16023,0.23653,0.33731
-0.68017,-0.23082,0.15415
-0.53992,-0.18878,-0.037298
-0.52996,0.015885,-0.17918
0.071018,0.28795,0.63293
-0.40724,0.22606,-0.092478
-0.70517,0.25874,0.26781
-0.58596,0.31332,0.25052
-0.32756,-0.23399,0.47664
0.0083601,0.12223,0.58903
-0.19469,0.036624,0.679
-0.18174,-0.23537,0.48873
-0.44625,-0.014184,0.68716
0.16636,0.25272,0.3269
-0.2032,0.080311,0.59775
-0.72766,-0.17084,0.16503
-0.67938,0.18535,-0.097891
-0.18991,0.001367,0.70594
-0.025056,0.28947,0.67192
-0.74097,-0.141,0.070772
-0.35138,0.14727,0.55003
-0.63451,-0.14475,-0.054745
-0.13942,-0.185,0.68501
-0.58681,0.178,-0.11429
-0.013558,-0.11589,0.67105
-0.42572,0.14877,0.55306
-0.76261,0.0010127,0.4206
-0.33132,0.26114,0.09894
-0.70517,-0.25574,0.39724
0.03108,0.098418,0.63323
-0.041445,-0.029484,0.68918
0.04735,0.0714,0.49439
-0.76164,-0.084171,0.51671
-0.58577,-0.14589,0.52161
0.046701,0.42489,0.63638
-0.37026,-0.1724,-0.017169
-0.60317,-0.2423,0.1764
-0.12098,-0.29062,0.62204
0.063992,0.17641,0.41023
-0.52549,-0.21757,0.41449
-0.48961,0.31208,0.34926
-0.4782,-0.19185,-0.043173
0.014769,0.19018,0.68521
-0.057229,0.2674,0.64098
-0.59881,0.26246,0.34735
-0.53163,0.14853,-0.16557
-0.15034,-0.23871,0.50294
-0.74158,-0.1913,0.084346
-0.01472,0.032936,0.54927
0.19368,0.25359,0.31376
-0.57749,0.11207,0.47602
-0.048551,-0.05093,0.69993
0.13613,0.40128,0.66478
-0.30739,0.2357,-0.015496
-0.59173,0.31475,0.20578
-0.4744,0.25432,-0.058921
-0.36788,-0.030656,0.69259
-0.16553,-0.30506,0.62587
-0.3863,0.19449,-0.1075
-0.69738,-0.23542,0.36977
-0.69047,0.16322,-0.14766
-0.71853,-0.24334,0.48114
-0.30122,-0.14679,0.068184
-0.38483,0.1462,0.55502
0.040479,0.29182,0.68346
-0.68089,-0.22875,0.14632
-0.6384,0.16716,0.35897
-0.25687,-0.11129,0.02249
-0.41582,0.28038,0.00046904
-0.70098,0.17546,-0.045055
-0.44192,-0.21309,8.8317e-05
-0.010625,0.21785,0.58959
-0.42054,-0.24761,0.42203
-0.51957,-0.14571,0.61647
-0.73395,-0.27985,0.42867
-0.34837,-0.20466,0.3318
-0.73455,-0.25695,0.17355
-0.20188,-0.11112,0.21038
-0.74217,-0.11442,-0.0094266
-0.55123,-0.0095451,-0.16169
-0.18565,-0.013904,0.30972
-0.38825,0.22956,-0.072576
-0.11992,-0.065598,0.44021
0.036137,0.12516,0.61501
-0.47313,0.32715,0.31158
-0.55744,0.1788,0.3831
0.033582,0.09045,0.36298
-0.1977,-0.29382,0.64892
-0.33827,0.25634,0.1374
-0.20181,-0.062696,-0.0028623
-0.72924,-0.11499,0.056818
-0.44735,-0.031396,0.69254
-0.15427,0.016009,0.6891
-0.4738,-0.21345,0.32083
0.015909,0.090365,0.65402
-0.56086,-0.072254,-0.1371
-0.69843,0.061198,0.48698
-0.51184,0.14529,0.53218
-0.50756,0.096909,-0.19027
-0.058449,0.071677,0.4634
-0.64435,0.27372,0.017691
-0.40929,0.052622,0.66868
-0.027012,0.045434,0.55151
0.017642,0.047636,0.40792
-0.42166,0.27233,-0.025144
-0.2187,-0.3057,0.58611
0.066584,0.16298,0.32563
-0.68184,0.09778,-0.20322
-0.21245,0.045128,0.66561
-0.5934,-0.15514,-0.066954
-0.73848,-0.043874,0.097468
0.17432,0.20268,0.34598
-0.19712,-0.29287,0.50559
-0.1888,-0.040011,-0.0037973
-0.24579,-0.29129,0.63908
-0.77165,0.21407,0.35151
-0.52996,0.13312,-0.234
-0.17042,0.074566,0.015354
-0.16015,-0.049117,0.086273
0.011581,0.39027,0.66548
-0.0036342,-0.0099474,0.61607
-0.59163,-0.0035126,0.57613
-0.67406,0.14845,0.3588
-0.67375,-0.23175,0.27124
-0.51089,0.04296,-0.1684
-0.15603,-0.28883,0.64469
0.034826,0.10926,0.47538
-0.29329,-0.15964,0.64722
-0.49729,-0.21429,0.33124
-0.33175,-0.054189,0.68693
-0.23073,-0.26736,0.67591
-0.56901,-0.16459,-0.056868
-0.65346,-0.22307,0.049424
-0.58655,-0.25046,0.089974
-0.44642,-0.25197,0.071651
-0.23252,-0.095949,0.020225
-0.66815,-0.21633,0.094905
-0.0737,0.17358,0.627
-0.76159,-0.0089937,0.57934
-0.0011184,0.13372,0.34629
-0.34206,0.14099,-0.12347
-0.64638,-0.20354,0.33613
-0.40365,0.27772,0.0030595
-0.44572,-0.23279,0.58212
-0.0098951,0.12316,0.36714
-0.089419,-0.083779,0.70548
0.04153,0.14327,0.4428
0.058014,0.19047,0.37895
-0.39521,-0.2396,0.22989
-0.73955,0.13425,-0.070324
-0.47277,-0.27093,0.18467
-0.22422,0.024524,-0.070885
-0.39187,0.28559,0.089238
-0.593,-0.0091612,0.57545
-0.45781,-0.24779,0.52778
-0.5712,0.093296,0.52677
-0.11021,0.052907,0.65063
-0.57117,0.1033,0.50256
-0.0025012,0.14242,0.39127
-0.15132,-0.033826,0.11419
-0.14579,0.021909,0.44726
0.073558,0.15208,0.34715
-0.019658,0.042674,0.56839
-0.66464,0.031829,0.49556
-0.27345,-0.25626,0.64831
-0.5598,-0.13599,-0.084752
-0.53623,0.050384,-0.24435
-0.19667,0.089336,0.49682
-0.17046,0.14602,0.14591
-0.56937,-0.10652,-0.11411
-0.55651,-0.16446,-0.05183
-0.4632,-0.17431,0.63927
-0.74201,-0.10014,0.5046
-0.057731,-0.24851,0.55505
-0.043688,-0.18242,0.66844
-0.60686,-0.1189,0.49266
0.020028,0.40858,0.64774
-0.72362,0.25576,0.14081
-0.74981,0.012694,0.30962
-0.20657,-0.10562,0.34446
-0.66768,0.19958,-0.041012
-0.051633,-0.2465,0.58883
-0.11764,0.080205,0.54557
-0.39137,-0.20915,0.27914
-0.21767,-0.10971,0.32342
0.091585,0.26357,0.67391
-0.76371,0.24544,0.12231
-0.034188,-0.0101,0.67559
-0.50649,-0.2304,0.51797
-0.43006,-0.27011,0.21367
-0.42935,0.054223,0.66326
-0.36702,0.26482,0.23867
-0.52411,0.16024,0.43113
0.030852,0.28148,0.68034
-0.71005,0.22212,0.36859
-0.61618,0.3087,0.21452
-0.67944,0.05952,-0.20963
-0.47241,0.17127,-0.1316
-0.54488,-0.2075,0.43006
-0.32219,-0.16515,0.0040679
-0.6624,0.29216,0.14419
-0.22752,-0.11554,0.28241
-0.0016116,-0.062222,0.63572
-0.44191,0.18799,0.44331
-0.18452,0.023129,0.31139
-0.31284,0.23842,0.26041
-0.64443,0.19932,-0.058113
-0.26599,-0.23091,0.51422
-0.3811,0.294,0.16282
-0.33571,-0.037059,0.68686
-0.4353,0.32791,0.23746
-0.28746,-0.095822,0.68897
-0.40745,0.19284,0.44913
-0.0029003,0.20868,0.66773
-0.65341,0.29312,0.2429
-0.56992,0.172,-0.12236
0.017927,0.076753,0.61497
0.18129,0.21387,0.31445
0.096308,0.15769,0.42108
-0.11992,-0.1802,0.6803
-0.75472,0.06269,0.10315
-0.50874,0.021656,0.65436
-0.49884,0.13196,-0.1518
-0.24963,0.2291,0.07428
-0.75449,0.15826,0.086019
-0.2071,-0.31024,0.58046
-0.58046,0.016181,0.5832
-0.45944,0.27325,-0.023291
0.090273,0.34195,0.70037
-0.3686,-0.24628,0.52291
-0.40508,-0.17764,0.65225
0.026135,0.15306,0.59686
-0.22339,-0.079399,0.72373
0.1206,0.24889,0.32606
-0.58125,0.29751,0.04777
-0.17937,-0.00079984,0.2897
-0.72494,0.25907,0.10435
0.037267,0.11795,0.32574
-0.098804,0.018311,0.46307
-0.42052,0.22055,-0.099722
-0.24178,-0.20028,0.68803
-0.69212,0.2422,0.014736
-0.1315,-0.22976,0.67384
-0.27114,0.23001,0.20393
-0.52588,-0.17679,0.58931
-0.082718,-0.075954,0.70475
-0.37275,0.27771,0.1316
-0.43578,-0.24952,0.42075
-0.68195,0.27915,0.084553
0.014637,0.31937,0.67184
-0.52024,-0.097435,0.63985
-0.50244,-0.26014,0.1985
-0.45152,0.17403,0.49353
-0.67561,-0.2029,0.31379
-0.45023,-0.095615,-0.12039
-0.41516,-0.26433,0.13985
-0.027784,0.0197,0.65509
-0.63729,0.090464,0.46929
-0.62886,-0.096405,0.44212
0.07631,0.31901,0.7012
-0.42568,0.27543,0.363
-0.68955,-0.041923,-0.12465
-0.35906,-0.20165,0.25508
-0.73736,0.0015342,-0.091752
-0.44267,-0.25872,0.49926
0.078721,0.26767,0.63927
0.067403,0.21077,0.68532
-0.50558,-0.14932,-0.074261
-0.51954,-0.26174,0.10697
-0.22601,-0.29702,0.63602
-0.64413,-0.0966,0.4359
0.1058,0.35161,0.65642
-0.094975,0.083138,0.57374
-0.4647,-0.13051,0.66296
-0.20403,0.088178,0.51677
0.056438,0.27089,0.70781
-0.42344,-0.20592,0.27891
-0.35995,0.26409,0.13069
-0.50468,-0.12054,0.6445
-0.69239,-0.1079,0.43995
-0.69279,-0.25421,0.26765
-0.13372,-0.03204,0.4328
-0.51225,0.075533,-0.23096
-0.70498,0.05957,-0.17537
-0.56533,0.10853,0.51418
-0.37563,0.15815,-0.12731
-0.74766,-0.081348,0.53825
-0.62325,0.19882,-0.14686
-0.2271,0.039836,-0.071431
-0.53052,0.16247,-0.13279
-0.52403,0.27741,0.37786
0.0060286,-0.097804,0.59329
-0.35528,0.097218,-0.13951
-0.28504,-0.22621,0.54594
0.0044025,-0.042606,0.5364
-0.22363,0.17328,0.25457
-0.47636,-0.063647,-0.14121
-0.63287,0.29222,0.037413
-0.16754,-0.20299,0.4663
-0.68215,0.21912,0.34322
0.083234,0.066691,0.41021
-0.36443,0.21097,0.38388
-0.61348,-0.19183,0.30462
0.039576,0.16043,0.28495
-0.66964,-0.21176,0.38193
-0.52441,-0.2077,0.55141
0.10908,0.35742,0.65701
-0.18391,-0.11569,0.72147
-0.7393,0.22973,0.3971
-0.25186,-0.14473,0.095922
-0.20755,-0.28015,0.66789
0.0054086,-0.056276,0.53825
-0.29467,-0.18121,0.62793
0.042247,0.05791,0.50104
-0.15163,0.10171,0.087234
-0.5069,0.32993,0.24501
-0.1728,0.076391,0.49481
-0.42269,0.30397,0.080793
-0.72917,-0.27449,0.26311
-0.54813,-0.18176,0.26913
-0.061353,0.24938,0.65671
-0.36614,0.12951,0.58388
-0.16581,0.064984,0.021823
0.016952,0.075033,0.36403
-0.29952,-0.12682,-0.025374
-0.48403,0.33072,0.27407
0.13414,0.21049,0.36536
-0.69464,-0.033239,0.51285
-0.34199,0.23424,0.29769
-0.1884,0.091893,0.46026
-0.66361,0.2908,0.161
0.19133,0.26682,0.30751
-0.035232,0.057231,0.5242
0.12816,0.14349,0.40851
-0.6928,-0.042668,0.4958
-0.66196,-0.061641,0.44456
0.018333,0.013576,0.51584
-0.28729,-0.14803,0.080006
-0.040119,-0.1345,0.47083
-0.73956,-0.0012884,0.16885
0.027984,0.32125,0.67464
-0.60082,-0.24936,0.12653
0.11577,0.28125,0.26335
-0.6088,0.12063,-0.24391
0.029952,0.13801,0.29811
-0.57981,0.21817,-0.082986
-0.75177,-0.24393,0.45086
-0.64159,0.19611,-0.063824
-0.25438,0.19597,-0.023726
-0.0033626,-0.026124,0.49347
-0.67093,0.087198,0.45473
-0.26339,-0.15774,0.13139
-0.40913,0.1553,0.54622
-0.46804,0.1841,0.43166
-0.62128,-0.13463,0.43576
-0.76882,0.097744,0.46388
-0.45459,-0.22055,0.32784
-0.63883,0.11195,-0.2358
-0.67118,0.17214,-0.16567
-0.29102,-0.17611,0.23059
-0.74072,-0.078289,0.24287
-0.38507,0.2972,0.1475
-0.65082,0.070883,-0.23736
-0.76253,0.048234,0.40364
-0.68133,0.28205,0.10116
-0.15475,-0.092122,0.41938
0.0002062,-0.018307,0.49693
-0.034893,0.20559,0.59304
-0.61832,0.024754,0.50821
-0.5296,0.010996,-0.17026
-0.47259,0.32712,0.3116
0.079184,0.32094,0.70354
-0.51919,0.035413,-0.20731
-0.14214,0.049958,0.10556
-0.64102,-0.19825,0.39188
-0.55573,0.28804,0.01886
-0.49071,-0.04191,0.67142
-0.16586,0.10681,0.20761
-0.41489,0.3186,0.16878
0.079751,0.10779,0.46276
0.051312,0.18587,0.61412
-0.55548,0.31132,0.07828
-0.70406,-0.13859,-0.049551
-0.31909,-0.21112,0.41303
-0.48556,-0.15228,0.6395
-0.48688,-0.18981,-0.044258
-0.21165,0.19429,0.16168
-0.3163,-0.16078,-0.00089557
-0.4189,-0.20612,0.29941
-0.1284,-0.28393,0.63781
-0.20442,0.087873,0.51857
-0.61047,-0.17905,0.41118
-0.27637,0.029855,-0.11016
-0.53757,-0.1046,-0.1153
-0.016162,-0.15147,0.65492
-0.4413,0.19121,-0.11869
-0.72584,-0.095664,0.063457
-0.049927,0.17999,0.66788
-0.51266,-0.11525,-0.10137
-0.13929,-0.20452,0.49063
0.048353,0.027708,0.46145
-0.62589,-0.0085252,-0.2224
-0.027165,0.35286,0.66223
-0.46565,-0.26811,0.21177
-0.41534,-0.26196,0.22261
0.034201,0.15249,0.43023
-0.55405,-0.19363,0.2952
-0.42346,0.26907,0.36386
-0.18409,0.13144,0.23743
0.0052162,0.049329,0.39605
-0.0069086,-0.010077,0.46804
0.10071,0.082663,0.39639
0.15057,0.14313,0.35463
-0.71172,-0.19,0.055739
0.073723,0.25798,0.2633
-0.62004,-0.019636,0.50923
-0.34448,-0.18682,0.04031
-0.031299,-0.19484,0.51396
-0.7564,0.033907,0.35054
-0.31097,0.22393,-0.044521
-0.6098,0.22324,-0.062123
-0.50977,-0.23756,0.02875
-0.64368,-0.18476,0.25337
-0.75177,0.13545,0.096758
-0.19143,0.10107,-0.011596
-0.76162,0.23832,0.27619
-0.10028,-0.091346,0.45297
-0.56835,0.2884,0.025096
-0.19971,0.1125,0.41113
0.0015915,0.022919,0.61243
-0.24028,-0.28543,0.50907
-0.47205,0.33497,0.22862
-0.47692,-0.17054,0.63335
-0.0079344,-0.064314,0.65483
-0.63363,0.056912,0.49446
-0.52628,0.30703,0.068125
0.03117,0.14251,0.29484
0.047714,0.31285,0.62027
0.0075504,0.39158,0.64066
-0.29484,-0.22227,0.58223
-0.17841,0.058365,0.39776
-0.23155,-0.12822,0.087354
-0.16678,-0.0059008,0.70532
-0.75417,0.15519,0.022072
-0.28264,-0.25385,0.56744
-0.56475,0.14444,0.42969
0.18383,0.20685,0.33624
-0.35948,0.27285,0.10389
-0.1798,0.080932,0.47468
-0.33564,0.18252,-0.098574
-0.168,-0.0029665,0.016426
-0.0085412,0.15204,0.6717
-0.54813,-0.0033904,-0.18606
-0.19225,-0.053717,0.0060932
0.11,0.21157,0.30882
-0.23243,0.14161,0.43024
-0.51575,0.02875,-0.16644
-0.70192,0.17037,-0.11305
-0.016323,0.0069313,0.6458
-0.54746,-0.25682,0.089739
-0.49933,-0.19454,0.27067
-0.50551,-0.24076,0.2246
-0.092143,0.035458,0.66514
0.17693,0.28628,0.28835
-0.73609,0.11811,0.44367
-0.74325,-0.084857,0.0014908
-0.31738,0.2036,-0.070479
-0.33288,-0.16607,-0.0021427
-0.46768,0.20865,0.3982
-0.31488,-0.18725,0.30525
-0.0057616,-0.17066,0.54897
-0.17696,0.058402,-0.0030917
0.038602,0.18774,0.3597
-0.50775,0.32943,0.25076
0.10291,0.36,0.70205
-0.73285,-0.18195,0.17943
0.0042475,0.033364,0.42318
-0.74836,0.056476,-0.077121
-0.51951,0.147,0.48047
0.056023,0.17991,0.40052
-0.073025,0.015193,0.46134
-0.59524,0.19236,-0.094944
-0.47377,0.32819,0.18731
-0.41902,-0.25457,0.092457
0.05687,0.035914,0.45415
-0.18483,0.086925,0.55709
-0.26838,-0.13151,0.69871
0.097651,0.22931,0.34548
-0.61081,0.18102,-0.19793
-0.5882,-0.16724,0.42802
-0.29516,-0.13983,0.0053448
-0.17404,0.13058,0.21571
-0.56653,-0.19858,-0.018693
-0.52219,-0.22574,0.444
-0.47502,-0.1769,-0.057876
-0.5745,-0.15596,-0.067446
-0.19704,-0.063535,0.28126
-0.69179,-0.26037,0.25293
-0.55505,-0.15911,0.56395
-0.27401,0.15486,-0.075568
-0.29046,-0.2326,0.58384
-0.28137,0.19836,0.32643
-0.27126,0.17842,0.35966
-0.73147,-0.12461,0.068047
-0.39461,0.28686,0.064125
-0.27982,0.22307,0.24544
-0.69161,0.27547,0.094037
-0.29502,0.034561,0.65126
-0.1532,-0.017948,0.18715
-0.38874,-0.21371,0.35541
0.10473,0.34705,0.65744
-0.69273,-0.24009,0.38738
-0.7439,-0.12464,0.49108
-0.17856,-0.0076356,-0.0047522
-0.22077,-0.10456,0.29961
-0.75797,-0.14008,0.46898
-0.59689,0.30447,0.095856
-0.60977,0.19531,-0.14314
-0.67314,0.27678,0.059472
-0.35669,0.18526,0.45837
-0.24217,-0.1395,0.094826
-0.58434,-0.10413,0.57409
-0.74364,-0.21455,0.18134
-0.64951,-0.14557,-0.041898
-0.67167,-0.21505,0.1107
-0.56067,0.1509,0.40124
0.10264,0.080658,0.41314
-0.00070641,-0.13191,0.50129
-0.74719,-0.034391,0.28629
-0.28356,0.048747,0.63851
-0.3147,-0.18674,0.2807
0.18474,0.27813,0.30605
0.068709,0.18356,0.4006
-0.15322,0.093725,0.16662
0.059227,0.18752,0.38887
-0.1509,-0.23149,0.49954
-0.20065,0.19093,0.088185
-0.69719,0.018182,0.50811
-0.18621,0.072495,0.38189
-0.35018,0.13087,0.58154
-0.022656,0.052562,0.56758
-0.096218,0.019665,0.46345
-0.23115,-0.011271,-0.071124
-0.31499,0.23785,-0.020392
-0.65118,-0.04942,-0.147
-0.55736,0.050497,-0.2538
-0.4356,-0.21411,0.27067
-0.53913,-0.21187,0.43197
-0.6346,-0.047878,-0.14074
-0.39216,0.22543,0.3595
-0.69541,-0.24373,0.38985
-0.30125,-0.15929,0.092976
-0.23102,0.13649,0.46457
-0.40883,0.28959,0.33661
-0.39616,-0.24344,0.22606
-0.084024,-0.14163,0.46775
-0.44594,0.33173,0.22596
-0.23029,-0.30049,0.61269
-0.59447,0.19242,-0.15186
-0.0020813,-0.1587,0.5705
0.053198,0.032048,0.45997
-0.038003,-0.14464,0.69237
0.17695,0.20295,0.34383
-0.64065,-0.15303,-0.045189
-0.67757,0.062838,-0.21204
-0.57346,-0.18903,0.24949
-0.33794,-0.13052,-0.061331
-0.34834,-0.21255,0.37032
-0.011248,0.016134,0.63741
-0.21616,0.18785,0.18519
-0.002461,0.0090486,0.54693
-0.25356,-0.12025,0.044826
-0.30045,-0.11989,-0.035226
-0.43197,-0.25817,0.23226
-0.46083,-0.20304,0.30134
-0.75505,-0.045725,0.30777
-0.74214,0.13006,-0.067022
-0.51753,0.13105,0.55722
-0.2565,-0.14536,0.2657
-0.59058,0.19129,-0.17731
-0.49946,-0.099705,0.65647
-0.29166,-0.19672,0.40244
-0.74378,0.13381,0.17841
0.029256,0.26876,0.68062
-0.17689,0.15111,0.17882
-0.072162,0.11117,0.57509
-0.50827,0.27137,0.38397
-0.39534,0.023906,-0.15772
-0.22601,0.1371,0.34396
-0.43207,-0.23494,0.030284
-0.49559,0.12794,0.58059
-0.090035,-0.24569,0.5238
-0.43047,-0.24832,0.54485
-0.72805,0.24357,0.2932
-0.75921,0.033949,0.3616
-0.63027,0.11659,0.39146
-0.68739,0.032371,-0.19944
-0.011893,0.028111,0.57661
-0.077601,-0.098413,0.46231
-0.67033,0.22068,0.34593
-0.35609,0.25705,0.17561
-0.27901,-0.24495,0.54391
-0.68817,0.27215,0.075285
-0.64574,0.19232,-0.086091
-0.026506,0.22145,0.59448
-0.71993,-0.037949,0.55865
-0.19609,0.16797,0.041835
-0.37187,-0.23492,0.40478
-0.54298,-0.21682,0.36145
-0.5907,-0.17874,0.28231
-0.52477,0.14304,0.48964
-0.17918,0.15422,0.17451
-0.24704,-0.036259,0.71436
-0.54355,0.14045,-0.23268
-0.53719,0.1585,0.41171
-0.27867,0.055132,0.63055
-0.12697,0.052371,0.6496
0.059384,0.16218,0.64841
-0.5535,-0.19535,-0.02727
-0.042122,0.31591,0.64517
-0.14902,0.095201,0.13931
-0.34939,0.089027,-0.13888
-0.50291,-0.066641,-0.13849
-0.35219,-0.088726,0.68958
-0.020039,0.04564,0.41108
-0.72316,0.24484,0.24296
-0.16882,0.051991,0.45269
-0.26292,-0.15784,0.13346
-0.65147,0.19343,-0.084457
-0.17801,-0.051878,0.23907
-0.7531,0.23702,0.063188
-0.041914,0.23948,0.67226
-0.69102,0.16631,0.37973
-0.71309,0.229,0.35282
-0.63486,0.28353,0.024892
-0.48536,-0.24613,0.4894
-0.084633,0.08668,0.63342
0.041642,0.29053,0.61388
-0.50194,0.27305,0.38372
-0.49585,0.12877,0.57887
-0.5316,0.14964,0.45776
-0.35953,0.2504,0.23863
-0.72037,-0.21158,0.094465
-0.031305,0.077867,0.49689
-0.64953,0.22566,-0.033917
-0.72164,0.13679,0.43302
-0.72476,-0.24499,0.30274
-0.68899,-0.17404,0.016904
-0.72912,-0.10343,-0.052772
-0.7157,-0.075316,0.50054
-0.37013,-0.15003,-0.060295
-0.43808,0.17579,-0.12683
-0.15835,-0.05493,0.12391
-0.48092,0.1518,0.54594
-0.69021,0.10784,0.4232
-0.23304,0.059731,0.63862
-0.57821,-0.22418,0.01605
0.038863,0.13762,0.44826
-0.50306,0.15,0.5307
-0.73186,-0.075649,0.059782
-0.55153,0.16904,-0.12389
-0.42381,-0.02723,-0.15153
-0.22318,-0.29367,0.64712
-0.16173,-0.28748,0.52096
-0.74477,0.043689,0.23267
-0.47708,0.33173,0.2891
0.11382,0.12922,0.3663
-0.47943,0.33092,0.26097
-0.64727,-0.22564,0.19079
0.094558,0.27903,0.70278
0.1974,0.24833,0.31245
-0.69052,0.084944,0.46141
-0.58714,-0.16755,0.43198
-0.70291,0.053745,-0.17816
0.094444,0.23201,0.27244
-0.67858,-0.25854,0.23022
-0.02539,0.052963,0.52683
-0.43069,0.10204,-0.15326
-0.57125,0.17638,-0.15122
0.075094,0.35701,0.68345
-0.65068,0.29436,0.18602
-0.62797,-0.22576,0.031327
-0.74315,-0.26937,0.2384
-0.27566,0.24495,0.15244
-0.16532,-0.32365,0.58577
-0.021263,-0.19078,0.62292
-0.0061107,0.05699,0.6486
-0.52543,-0.20304,0.30396
0.0020754,-0.032376,0.58602
0.080453,0.3107,0.71375
-0.57304,-0.25971,0.14348
-0.34901,-0.22063,0.17259
-0.67527,0.27187,0.041339
-0.37457,-0.093224,0.69373
-0.71503,-0.14118,-0.045441
-0.31399,-0.15857,-0.00045657
-0.17359,-0.082256,0.15021
-0.40419,-0.16898,-0.044945
-0.53217,-0.11254,-0.10565
-0.19949,0.10033,0.31225
-0.55603,-0.19946,0.42634
-0.4474,0.24012,0.38483
-0.72681,-0.16478,0.1655
-0.32107,-0.19079,0.26665
-0.17306,-0.080797,0.15637
-0.33368,0.24879,0.22417
-0.67808,-0.14003,0.43919
-0.60683,0.30133,0.10511
-0.5758,-0.13337,0.56004
-0.25817,0.2319,0.062504
-0.035205,-0.22632,0.59653
-0.38017,-0.12594,0.68644
-0.30427,0.037259,-0.12465
-0.43751,0.29476,0.043599
-0.17816,-0.072152,0.40941
-0.41812,-0.26476,0.13813
-0.59772,-0.14333,0.46116
-0.42606,-0.13622,-0.08932
0.099943,0.32805,0.72598
-0.041476,-0.17154,0.48736
-0.65332,0.29586,0.14877
-0.51593,-0.26126,0.12984
-0.16935,0.105,0.03213
-0.3975,0.19738,0.43292
-0.58865,-0.19237,-0.020333
-0.70551,0.12466,0.42297
0.00044592,0.025308,0.61986
0.03796,0.38141,0.63123
0.070771,0.31473,0.63142
0.10478,0.32566,0.72565
-0.45064,-0.17282,-0.06066
-0.6873,0.18147,-0.10903
-0.27384,0.24417,0.15864
-0.51741,0.12575,0.5687
-0.64441,0.19963,-0.057837
-0.27517,-0.27048,0.56282
-0.68413,0.18205,-0.068709
-0.66031,0.29303,0.14518
-0.4136,0.32048,0.24438
-0.42514,0.31433,0.30501
-0.31397,-0.034874,-0.11484
-0.74155,-0.10662,0.2807
-0.53074,-0.21964,0.37471
-0.22218,-0.079603,-0.0030089
-0.099166,0.081918,0.56423
-0.04781,-0.15788,0.69115
-0.49219,-0.22826,0.24305
-0.044365,0.029703,0.43293
-0.37436,0.28275,0.22468
-0.1754,0.14347,0.054852
-0.054769,0.05058,0.65477
-0.18068,0.080993,0.47818
-0.6376,-0.21306,0.016058
0.028468,0.068484,0.39958
-0.0058307,-0.089407,0.65416
0.014724,0.10108,0.66079
-0.63827,0.2983,0.14745
-0.44986,-0.23783,0.038132
-0.45625,0.26977,0.37829
-0.61978,0.20875,0.35833
-0.29735,0.24359,0.053669
-0.30666,-0.20946,0.42869
-0.74983,0.2475,0.078715
-0.41529,-0.091237,0.69374
-0.40519,-0.08749,0.69357
-0.53688,0.038424,-0.2402
-0.58511,-0.12383,-0.090563
-0.76841,0.18539,0.3099
-0.75058,-0.17527,0.31295
-0.61521,0.29636,0.060729
-0.20559,-0.10731,0.37158
-0.74252,-0.084141,0.011315
-0.48357,-0.26688,0.18894
-0.30546,0.24662,0.061684
-0.60334,-0.064113,0.56505
-0.41929,-0.21809,0.33376
-0.49329,-0.25112,0.06155
-0.34485,-0.17918,0.024657
-0.61188,0.30887,0.22991
-0.56666,0.21636,-0.08827
0.072535,0.18503,0.39872
-0.30981,0.18862,0.40505
-0.33934,0.25448,0.18313
-0.24992,0.17129,0.32522
-0.55183,0.051057,0.59749
-0.316,0.17098,0.46884
-0.28134,0.18445,0.36412
-0.7396,0.14485,-0.033082
-0.30034,0.18917,0.37967
-0.086482,-0.19357,0.50342
0.1787,0.18778,0.34082
-0.63026,-0.21658,0.015539
-0.37736,0.089958,0.63708
-0.16147,-0.31582,0.60577
-0.6144,-0.19488,0.30939
-0.58677,-0.18233,-0.036088
-0.67358,0.27354,0.042168
-0.77372,0.20011,0.43448
-0.49079,0.11306,-0.15718
-0.58399,0.17045,-0.21001
-0.74439,-0.21042,0.23758
-0.049919,-0.067102,0.46557
-0.17408,0.024879,0.27635
-0.7331,-0.18605,0.20832
0.0085015,0.025727,0.43481
-0.70789,0.023669,-0.1632
-0.66979,-0.22494,0.27327
-0.47971,-0.23084,0.3863
-0.185,0.053056,0.36472
-0.74909,0.088108,0.29891
-0.08287,0.084011,0.56743
-0.67344,-0.17279,0.00086856
-0.357,-0.21564,0.37309
-0.1103,-0.17736,0.48898
-0.11576,-0.0045326,0.45165
0.0062757,-0.068732,0.55511
-0.64683,0.29487,0.24375
-0.71277,0.15474,-0.1142
-0.44356,0.3257,0.16334
-0.40887,-0.21599,0.34241
-0.25566,0.2308,0.064298
-0.66299,-0.19614,0.40871
-0.3616,-0.0018365,-0.14544
-0.44607,-0.25195,0.071464
-0.56775,0.24615,-0.053086
0.095132,0.13748,0.36756
-0.58755,0.17454,-0.20554
-0.75016,0.24598,0.19747
-0.63568,-0.17581,-0.020694
-0.4731,0.11825,-0.15417
-0.23762,0.22555,0.14718
0.10858,0.29075,0.27054
-0.49379,-0.1949,0.27605
-0.57414,-0.21158,0.34818
-0.60611,-0.2054,-0.0052495
-0.33368,-0.23575,0.47846
-0.26327,-0.15907,0.14063
-0.75646,-0.013316,0.31778
-0.40233,-0.15185,0.67604
-0.63462,0.25556,-0.013031
-0.58323,-0.22464,0.020492
-0.2739,0.20981,0.26538
-0.16526,-0.00056901,0.40628
-0.1959,0.19011,0.11051
-0.74168,-0.19261,0.090599
-0.33799,0.26548,0.09756
-0.7582,0.16674,0.31783
-0.70165,0.061263,0.48844
-0.52679,0.018287,-0.17047
-0.46572,-0.23214,0.0191
-0.10855,-0.089469,0.70682
-0.73526,-0.13381,0.49116
-0.25765,-0.28576,0.63131
-0.6723,0.23766,0.3329
-0.71153,0.14608,-0.12994
-0.58916,0.31137,0.13225
0.14649,0.14103,0.38239
-0.27107,-0.076859,0.70916
-0.1435,0.052255,0.46996
-0.67499,-0.053575,0.46324
-0.49558,0.28829,0.0084709
-0.37446,0.27922,0.085934
-0.55655,-0.2046,0.39065
0.17463,0.19084,0.34777
-0.71729,-0.26217,0.46019
-0.42093,-0.13246,-0.090207
-0.25929,-0.28582,0.59197
-0.71045,0.088518,0.45852
-0.083405,-0.075886,0.70449
-0.12094,-0.28341,0.63378
-0.75902,-0.12723,0.48342
-0.75615,-0.057859,0.57558
-0.40566,-0.24078,0.40179
-0.58995,0.054173,0.54067
-0.38098,-0.11659,-0.10054
-0.69315,0.031328,0.50096
0.00071951,0.032433,0.62591
-0.75298,0.25026,0.10931
0.0048238,0.039663,0.40827
-0.41615,0.25829,0.36205
-0.32954,-0.18706,0.20446
-0.37846,0.28611,0.23906
-0.57649,-0.17725,0.27373
-0.018552,0.00034467,0.44874
-0.20309,-0.30293,0.51309
-0.63975,-0.010396,0.49062
-0.73802,0.14613,-0.039435
-0.55061,-0.20389,0.43078
-0.29133,0.18202,0.40388
-0.39858,-0.20068,0.62563
-0.66631,0.048522,0.49163
0.1377,0.39373,0.68469
-0.56597,-0.19779,-0.01984
-0.33009,-0.18877,0.13867
-0.28093,0.043108,0.64145
-0.74321,-0.22453,0.18046
0.0015845,-0.14687,0.57189
-0.19984,-0.021896,0.71084
-0.20232,0.043382,-0.042748
