166.5,-64.724,-31.223,147.4,18.726,130.33
194.58,8.7341,-33.519,126.73,-1.6916,129.71
146.32,-62.603,-27.545,166.16,30.732,131.56
126.53,0.028175,2.7442,126.52,1.9411,199.8
147.11,-62.858,-28.548,164.99,30.88,131.78
127.44,18.431,2.5432,197.28,16.028,127.22
128.18,13.478,-20.69,151.09,-69.318,165.16
129.89,16.215,30.363,144.43,62.96,170.49
134.55,-38.646,32.204,165.53,-57.363,143.62
126.63,-5.6767,-3.7743,180.41,60.97,140
150.1,2.3593,-70.968,126.56,-3.2456,168.37
134.05,48.614,-6.296,187.75,-13.275,127.09
169.73,17.265,-68.188,127.97,-11.501,147.26
126.55,0.088348,-4.0126,126.56,-4.1575,199.71
134.29,27.502,41.331,148.23,60.492,160.69
148.29,-69.272,-9.3292,169.81,10.176,127.02
162.07,42.376,59.551,137.13,28.702,143.92
189.9,10.187,45.308,126.84,2.9036,132.79
144.01,-62.463,-21.956,170.86,27.13,129.99
127.73,17.152,12.4,176.71,62.275,141.71
128.93,26.906,11.909,186.49,44.558,133.03
196.7,-26.744,-4.0729,128.49,0.59805,126.55
154.07,50.082,-52.631,145.59,-37.47,142.6
129.93,-26.569,22.168,169.98,-63.265,144.83
188.54,-40.226,-28.22,131.64,7.0618,128.87
168.97,-9.3024,70.132,126.95,-6.5564,149.12
130.17,-20.856,29.009,152.99,-67.284,160.61
153.57,-63.15,35.612,156.29,-30.39,133.27
167.53,-69.692,-15.683,149.83,9.6798,127.43
130.39,5.3017,36.295,128.28,24.073,191.22
156.55,51.111,52.363,144.65,34.832,141.26
173.76,-34.579,-58.177,131.73,17.226,139.74
130,-28.723,-19.921,175.32,58.276,140.34
144.46,-5.3641,-66.45,126.88,9.2464,174.51
145.22,-67.131,-6.1725,173.76,7.5071,126.76
126.64,-0.34472,-7.0897,126.73,9.1293,199.29
142.69,24.456,-59.916,134.92,-39.917,166.15
134.17,46.117,-17.5,181.81,-35.588,131.12
152.7,71.366,-10.958,164.77,-10.387,127.12
133.39,-44.832,-14.709,184.36,32.006,130.06
126.63,5.4726,-3.7562,179.51,-62.018,140.71
139.86,-25.31,55.356,137.43,-45.881,166.41
189.32,-14.635,45.312,127.19,-4.206,132.83
126.59,-5.3254,1.6694,194.3,-35.085,130.04
197.71,21.095,7.5301,127.72,0.86222,126.66
184.12,0.028782,56.466,126.51,0.011489,137.32
127.3,-14.238,-9.4457,179.68,60.107,139.85
137.6,-12.785,-55.558,129.99,29.851,178.82
149.67,35.093,-61.456,138.15,-39.055,154.69
132.9,-36.545,27.473,170.01,-57.035,141.57
174.53,-28.705,60.621,130.07,-14.813,140.9
133.15,-40.62,-22.578,176.99,48.11,135.73
126.53,0.096155,-2.7804,126.62,-6.5258,199.64
174.54,-13.421,-65.705,127.3,7.6674,143.96
137.85,57.194,-5.7104,182.93,-9.5289,126.84
132.82,18.458,-41.567,139.06,-53.961,173.18
187.83,-49.288,10.766,134.25,-3.2817,126.85
177.59,-64.214,-3.8132,142.31,1.7727,126.56
126.54,3.4782,-0.43734,198.87,-14.885,127.1
130.87,9.6552,-37.447,131.66,-39.145,185.64
139.3,-16.799,57.582,131.66,-34.59,174.41
127.7,-20.934,0.76796,197.91,-4.2934,126.56
126.95,12.867,-0.19798,199.14,-1.8274,126.52
150.08,3.3313,-70.92,126.62,-4.5808,168.32
179.52,-46.474,41.5,134.67,-14.129,132.3
132.63,-17.923,-41.155,138.73,53.656,173.83
127.39,13.838,-11.548,172.6,-66.658,145.48
127.46,-9.1719,-16.353,146.94,67.779,170.79
126.54,-3.1343,1.4146,189.4,-47.344,133.46
155.24,-43.59,58.485,140.58,-35.862,146.57
127.74,-20.769,-4.6948,195.06,25.545,128.37
127.47,-4.2727,18.411,131.14,-39.183,191.34
190.39,42.948,-14.714,132.15,-3.7806,127.13
191.61,36.694,21.736,130.56,4.721,127.86
134.76,-50.799,1.929,187.55,-3.8812,126.56
126.9,3.006,11.748,132.14,43.052,190.75
141.2,-57.157,26.04,171.18,-35.392,132.33
132.02,-18.334,38.777,140.65,-56.794,172.26
184.34,18.644,-52.959,127.73,-6.8823,135.85
179.67,-5.9395,61.862,126.65,-2.853,140.57
128.26,23.872,-8.2701,190.8,-37.042,130.7
128.49,6.9515,25.881,132.41,42.97,187.99
194.16,25.161,-25.643,128.34,-3.7092,128.36
147.16,18.3,-66.604,130.21,-26.515,166.93
126.52,-1.8054,-0.34959,197.66,22.595,127.9
149.79,-69.492,13.74,167.39,-14.192,127.57
145.23,61.32,28.036,166.83,32.417,132.01
126.53,-2.6712,0.31269,199.01,-13.882,127.03
177.22,64.685,-0.76227,142.66,-0.35915,126.51
132.15,-3.7259,-43.165,127.11,13.886,190.42
128.52,-1.3601,-26.956,126.74,9.0115,196.36
144.02,-64.263,15.95,173.09,-20.011,128.31
126.76,-2.3219,9.4525,131.75,-41.808,191.52
152.55,42.015,58.65,141.04,38.476,148.66
139.62,-6.0495,-60.194,127.17,13.133,180.14
146.96,8.8593,68.351,127.39,13.6,170.84
160.47,-68.606,-25.759,154.06,18.835,129.38
129.54,-7.2867,31.922,130.76,-36.645,188.82
128.64,1.499,-27.704,126.77,-9.6268,196.13
126.79,0.81802,-10.245,127.1,-14.83,198.48
131.08,7.4454,38.792,129.45,30.311,188.49
127.83,-21.308,-5.4156,194.21,28.416,128.84
163.88,-36.45,62.911,134.03,-25.23,145.62
188.37,-46.901,15.719,133.46,-4.539,127.23
129.37,-18.79,25.734,154.01,-68.61,160.53
137.39,-54.805,14.134,180.98,-23.866,128.64
131.14,-39.654,2.5498,192.56,-7.0376,126.66
126.69,-6.132,5.3576,171.8,-68.71,146.96
136.58,-35.512,41.972,153.7,-58.592,152.37
160.24,66.667,-30.467,152.84,-21.989,130.6
134.71,-50.432,5.4047,187.1,-10.884,126.9
126.51,0.22804,-0.28238,159.54,-73.332,158.48
127.11,-0.55919,-14.982,126.64,6.9333,198.7
163.82,-70.193,19.014,152.59,-12.922,127.95
130.32,-2.3931,-36.294,126.88,11.194,193.44
151.21,23.243,-67.694,131.4,-27.943,160.99
135.34,50.596,-13.006,183.65,-24.807,128.69
152.55,-72.115,-2.0535,165.71,1.9684,126.53
138.86,51.358,29.558,169.96,43.617,135.53
172.7,-57.321,37.433,140.75,-17.654,131.59
126.57,-0.16351,4.6656,126.63,-6.6064,199.58
176.09,45.345,-47.604,134.9,-17.071,134.65
129.08,-16.31,25.557,149.92,-67.631,165.28
149.69,-64.341,-29.496,162.34,29.223,131.63
192.85,8.4412,-38.667,126.72,-1.9458,130.88
127.69,-20.826,1.3232,197.76,-7.4235,126.66
127.3,-16.798,3.371,196.31,-23.036,127.99
126.51,-0.0077511,0.26366,126.59,-5.5536,199.72
140.65,48.87,-38.233,161.62,-48.965,140.71
167.85,-64.277,30.832,146.42,-17.801,130.15
126.52,-0.0066819,1.4531,126.51,-0.86986,199.84
198.52,-2.8921,-17.522,126.53,0.27388,127.34
154.95,-7.5423,-72.486,126.96,8.6115,162.6
129.32,-30.117,9.6077,190.18,-33.824,130.05
146.76,-68.054,-9.8331,171.46,11.287,127.11
156.27,-55.574,47.539,147.91,-33.965,138.38
169.55,-6.9276,70.094,126.75,-4.8118,148.84
169,69.789,-11.505,149.04,-6.8675,126.99
126.64,-4.2896,-5.6972,156.95,73.02,160.92
128.26,19.621,15.902,172.62,64.754,144.47
126.93,-12.496,-0.78317,198.96,7.4277,126.66
127.34,11.512,-13.29,161.38,-71.806,155.65
132.85,-38.062,25.084,173.48,-53.531,138.78
160.72,-23.314,69.452,129.96,-20.293,153.13
184.12,-5.4007,56.201,126.61,-2.1439,137.2
146.47,-63.041,26.86,166.36,-29.892,131.26
126.51,0.0017078,-0.34253,126.51,-0.94325,199.85
178.67,52.748,34.855,137.12,13.48,130.55
178.82,46.048,43.098,134.65,14.77,132.85
134.09,20.459,-44.659,139.27,-53.145,171.28
130.77,-32.184,20.716,176.4,-55.143,138.65
130.09,35.089,-4.0855,193.61,-12.917,127
128.12,-23.621,-5.4997,194.32,26.068,128.47
136.09,-12.631,-52.44,130.46,32.301,180.16
178.44,62.498,-11.076,141.25,-4.9533,126.9
189.33,-23.502,41.39,128.26,-6.1174,131.72
148.08,-68.275,-14.283,169.12,15.58,127.72
161.89,73.106,1.2693,156.17,0.93201,126.52
181.61,-58.127,-14.229,138.53,5.6285,127.14
126.81,-7.3068,-7.661,165.28,71.761,152.61
126.52,-1.3119,0.64975,187.68,-50.715,134.71
130.38,-7.4599,35.871,130,-33.119,188.71
127.71,13.879,15.776,161.62,71.153,154.96
149.93,-23.209,67.009,131.67,-29.202,162.03
133.04,20.57,-41.299,141.43,-56.751,170
127.08,-1.9604,-14.518,128.17,24.392,196.37
158.64,8.8987,-72.795,127.06,-8.9073,158.69
157,-10.423,-72.483,127.3,10.989,160.04
131.98,-7.2882,-42.144,128.86,26.961,188.06
128.75,-25.646,12.132,185.58,-46.99,133.87
145.43,49.679,45.859,153.89,46.052,142.92
128.13,-5.3427,-23.746,130.8,37.54,190.84
152.29,-40.387,-59.658,140.13,38.29,149.88
131.42,40.717,-2.2234,192.22,-5.9496,126.62
148.48,-16.78,67.985,129.42,-23.352,166.45
128.52,-18.4,-19.67,163.09,69.435,152.61
163.52,2.5986,-72.751,126.55,-2.2274,154.57
133.18,26.006,-38.618,149.18,-62.224,160.99
130.69,-36.3,11.07,188.68,-31.674,129.71
133.81,3.8942,-48.202,127.01,-12.447,188.2
185.08,-28.153,47.289,129.23,-9.0344,133.73
187.72,50.448,-4.6018,134.62,-1.435,126.57
137.61,-14.347,-55.181,130.88,33.036,177.6
130.58,-36.276,9.4935,190.02,-27.688,128.9
127.21,10.105,12.536,158.93,72.243,158.21
132.41,-38.437,21.772,177.46,-49.435,136.13
142.47,61.213,20.183,173.13,26.603,129.68
160.47,30.158,66.789,132.28,25.002,150.68
174.22,12.75,-66.105,127.22,-7.3902,144.31
189.89,-32.882,32.829,129.88,-6.6337,129.7
129.33,25.684,18.454,175.09,60.122,141.26
150.61,-64.27,-30.821,160.95,29.498,131.95
131.76,34.82,23.468,174.12,55.407,139.42
134.04,8.2304,48.293,128.67,25.192,185.45
126.51,-0.11645,-0.048933,190.65,44.838,132.61
126.52,2.1237,-0.18063,199.4,-10.133,126.78
142.35,-55.295,32.834,165.81,-41.145,135.51
169.2,62.701,-32.503,144.88,-17.835,130.48
198.71,13.263,-9.6619,126.98,-0.68778,126.76
126.54,-0.16324,-3.4588,126.72,8.8871,199.47
127.26,-15.156,7.1227,187.68,-48.125,133.92
126.53,-2.345,-0.9968,190.44,45.228,132.74
145.01,67.089,4.0326,174.21,4.9493,126.62
141.29,-54.192,31.99,166.98,-41.994,135.58
131.58,34.723,-22.471,175.35,-54.407,138.63
190.49,-14.65,-42.757,127.18,3.8868,132.03
131.57,32.124,25.988,169.26,60.439,143.62
193.58,-10.396,-36.141,126.83,2.2087,130.28
138.89,-8.8174,-58.645,128,19.68,179.92
181.68,-38.778,45.472,131.99,-12.576,133.39
168.27,-54.475,-45.684,140.94,22.96,134.88
130.77,37.907,5.3189,192.26,15.297,127.21
135.71,-7.383,52.59,127.93,-20.126,184.23
136.74,54.997,-5.8505,184.35,-10.376,126.89
135.25,39.196,34.226,163.56,57.371,144.59
152.65,-47.941,-53.962,145.07,39.115,144.44
148.57,64.162,28.192,163.91,29.114,131.35
133.84,-44.685,18.736,180.94,-38.78,132.07
140.37,58.446,19.565,175.46,28.201,129.87
166.05,-31.581,-64.74,131.85,21.455,146.09
163.2,-68.049,-26.071,151.59,17.625,129.3
127.72,3.5619,20.834,129.09,29.829,194
129.24,29.132,-11.078,188.3,-39.285,131.43
187.01,-51.898,0.76807,135.19,-0.24878,126.51
184.24,-56.288,-0.59658,137.23,0.21831,126.51
137.59,-42.694,37.744,161.17,-54.688,144.24
136.35,-54.373,-3.6547,185.21,6.6402,126.66
126.9,-9.588,-7.4557,175.4,65.443,143.69
166.75,-57.397,43.077,143.08,-23.437,134.06
126.64,7.0841,0.68871,199.08,11.538,126.87
138.69,48.783,-33.133,166.71,-48.027,138.33
143.59,64.896,10.567,174.98,13.598,127.31
145.82,29.444,61.253,136.54,40.201,160.65
199.55,5.6538,6.2159,126.59,0.18654,126.61
129.71,-21.669,25.655,158.62,-68.331,155.46
153.64,-72.523,0.30261,164.56,-0.2808,126.51
126.55,-2.1027,-3.0108,154.42,72.695,163.69
196.14,14.306,-25.556,127.09,-2.0495,128.32
133.25,36.449,-29.331,167.75,-58.216,143.09
165.47,-64.546,-32.43,147.87,19.915,130.72
163.34,-31.389,65.729,132.22,-23.391,148.1
168.67,38.412,-59.588,133.8,-22,141.73
184.57,-51.837,-20.659,135.59,6.9984,127.8
137.69,5.5179,-56.904,127.16,-13.382,182.69
176.96,-2.7722,64.874,126.54,-1.4855,142.83
149.2,19.447,-67.753,130.28,-25.872,164.55
192.28,-32.332,25.274,129.63,-4.8125,128.33
129.5,-21.655,24.266,160.65,-68.378,153.75
134.29,-46.065,18.536,180.93,-37.209,131.64
129.38,20.855,-24.144,159.64,-68.742,154.87
126.96,8.6462,9.7569,162.5,72.24,155.03
128.58,-18.593,-20.034,162.76,69.42,152.84
138.92,-52.14,28.38,170.91,-42.053,134.72
127.68,-7.7255,-19.273,138.63,57.814,180.71
134.46,45.904,-20.026,179.62,-39.489,132.44
127.24,10.778,-12.487,161.33,-71.981,155.81
139.95,-25.167,-55.578,137.24,45.537,166.53
129.29,-28.794,12.662,186.11,-44.023,132.93
169.19,69.711,11.351,148.89,6.7396,126.98
126.83,-0.42446,10.876,126.65,-7.3034,199.13
146.7,6.7813,68.376,127.04,10.589,171.63
144.14,-17.115,64.092,130.34,-28.235,170.26
149.46,-2.5516,70.597,126.58,-3.5967,169.08
130.6,-33.505,17.017,181.86,-47.666,134.67
134.3,-46.425,17.695,181.59,-35.618,131.15
142.42,64.244,4.3958,177.32,5.9569,126.66
142.07,-42.206,48.047,151.09,-51.415,149.01
127.47,-18.856,0.91509,198.2,-5.7,126.6
162.57,-38.791,-61.84,135.33,27.213,145.38
165.98,-71.849,5.4799,152.19,-3.5866,126.62
136.89,46.439,30.616,169.19,49.179,138.1
144.82,0.26358,-67.029,126.51,-0.44989,174.58
127.47,-10.311,-15.743,151.69,70.517,165.42
193.13,-38.532,-4.764,130.85,1.0544,126.57
129.07,26.503,-14.532,182.21,-51.752,136
198,-18.583,9.5274,127.45,-0.95841,126.75
126.54,-2.8548,1.4669,186.89,-52.025,135.26
167.36,-68.215,21.448,149.03,-13.089,128.24
172.84,62.433,-27.848,143.19,-14.013,129.24
126.51,-0.13207,0.15155,162.28,-73.052,155.8
145.65,-67.789,1.6175,173.57,-1.9412,126.53
126.78,5.6713,-8.2544,153.71,-72.17,164.14
145.61,-67.77,-0.59166,173.64,0.71119,126.51
126.6,-0.29792,-5.882,126.75,9.5171,199.33
150.28,71.075,2.0736,168.21,2.1317,126.53
126.52,-1.3248,0.65599,187.68,-50.708,134.71
135.3,-40.503,-32.86,165.56,55.892,142.79
129.16,-30.695,1.1958,195.67,-4.4361,126.57
134.6,-50.444,0.90692,187.82,-1.8446,126.52
165.07,-62.865,-35.845,147.07,21.808,131.75
158.91,72.764,-9.1729,158.64,-7.2813,126.88
128.02,-23.319,2.7922,196.67,-13.805,127.04
136.81,-23.649,50.159,138.94,-50.383,168.27
128.82,27.081,9.8663,189.42,38.228,131.08
189.29,-33.552,33.877,130.05,-7.0552,129.93
127.18,13.838,7.7363,184.17,54.379,136.55
170.14,31.756,62.502,131.35,18.686,143.13
128.61,27.383,3.0824,195.86,12.848,126.98
126.85,5.9288,-9.6281,150.09,-70.566,168
132.32,42.709,10.137,188.19,24.482,128.45
127.52,18.678,-5.0772,194.18,-30.378,129.17
130.84,-38.119,-5.8154,191.97,16.568,127.34
176.96,5.8324,64.68,126.65,3.114,142.72
147.75,21.997,65.943,131.66,30.274,164.43
185.38,-53.499,-10.747,136.01,3.6846,126.85
126.52,-1.4749,1.3341,170.78,-69.707,148.03
195.96,-27.65,11.546,128.65,-1.7734,126.87
142.63,-61.661,-19.406,173.3,25.478,129.4
185.68,-33.929,-42.143,130.39,9.5013,132.11
198.93,5.4427,-13.778,126.59,-0.40229,127.02
131.89,42.052,-5.8925,190.65,-14.951,127.2
137.87,25.148,51.715,139.2,49.799,166.67
135.13,-7.5048,51.202,128.08,-21.288,184.81
144.43,-53.365,39.915,159.35,-44.062,138.98
130.51,30.186,-21.706,173.76,-58.716,141.04
171.75,-57.642,38.132,141.23,-18.46,131.87
199.52,-2.8051,-8.448,126.53,0.12593,126.7
139.85,-30.614,52.59,142.22,-50.991,160.82
190.4,27.273,-36.283,128.81,-6.0726,130.42
147.71,-67.196,17.697,168.63,-19.416,128.41
163.39,46.171,-56.322,138.55,-28.095,141.29
131.93,42.416,-3.8796,191.19,-9.8302,126.81
126.6,-0.20876,5.7515,126.63,-6.8356,199.52
197.84,-17.65,12.67,127.36,-1.2146,126.94
151.28,-62.715,-34.558,158.6,31.79,133.31
128.01,-22.897,-5.0105,194.83,24.657,128.25
165.37,-64.894,-31.809,148.15,19.663,130.56
131.37,-37.563,15.339,184.48,-39.909,131.98
157.24,72.112,12.885,159.84,10.669,127.26
132.8,44.355,-9.8237,187.88,-22.744,128.19
126.52,0.0042787,-1.5067,126.51,-0.53717,199.84
181.74,-23.765,54.747,128.59,-9.5114,136.86
136.14,30.28,44.761,147.68,58.096,159.1
178.97,-11.491,-61.849,127.03,5.5875,140.69
126.54,2.0898,-2.3353,163.22,-72.822,154.87
146.24,-65.147,-20.616,169.19,23.604,129.27
141.66,63.176,5.713,178.11,7.981,126.77
146.23,-67.953,-7.0769,172.47,8.2969,126.83
136.08,41.614,34.285,164.42,55.264,142.96
136.49,-44.114,-32.495,166.96,52.367,140.37
146.6,56.569,38.859,159.18,40.278,137.06
172.01,65.32,22.033,145.02,11.692,128.22
133.43,-3.4305,47.168,126.92,-11.343,188.87
145.38,62.191,26.405,167.54,30.574,131.32
127.1,-4.9982,13.954,136.69,-54.733,184.11
129.64,32.417,7.2622,192.31,24.437,128.3
189.57,-35.418,31.078,130.43,-6.7764,129.36
142.63,-45.532,45.892,153.8,-50.123,145.82
126.53,-0.092481,-2.5894,126.63,6.739,199.63
128.05,-19.207,13.895,176.33,-61.896,141.67
127.31,12.59,11.706,169.04,69.142,148.63
126.51,-0.95303,-0.011612,199.84,1.4591,126.52
168.08,-66.04,-26.57,147.33,15.568,129.17
140.49,44.602,-42.804,156.63,-52.245,145.36
197.89,-8.4153,19.76,126.7,-0.90712,127.57
126.58,1.9229,-4.7378,139.23,-59.798,181.5
138.94,26.597,53.098,139.41,49.142,165.13
126.51,-0.0096808,0.81668,126.52,-2.2421,199.83
136.86,-47.621,28.596,171.25,-46.713,136.48
138.69,50.937,29.714,169.88,44.137,135.76
170.73,-36.092,59.698,132.63,-19.783,141.26
156.7,13.482,71.94,127.85,14.203,159.66
132.04,21.762,-37.033,145.97,-61.825,165.95
170.51,68.033,-15.999,147.22,-9.0541,127.42
139.1,-51.054,-30.861,168.76,44.682,136.26
126.93,11.334,5.2755,188.31,48.094,133.82
134.23,41.298,27.277,171.94,52.082,138.59
147.39,67.657,-14.764,169.75,-16.469,127.84
174.22,-42.802,51.96,134.34,-18.465,136.66
128.91,-29.14,3.3758,195.37,-13.142,127
136.64,-52.774,-15.85,180.91,27.766,129.39
173.56,33.047,-59.24,131.31,-16.902,140.35
195.77,-6.6177,-29.953,126.63,1.1224,129.02
126.68,-4.4909,6.6508,153.19,-72.139,164.82
128.96,27.384,-11.341,187.49,-42.293,132.29
129.15,-24.653,18.255,174.41,-61.2,142
175.34,-21.807,-62.713,128.53,11.553,141.92
126.56,-0.41166,4.2944,127.37,-17.827,198.43
155.47,-29.579,-66.729,133.11,29.058,154.55
188.64,-39.804,28.494,131.53,-7.0483,128.91
164.07,-34.148,-64.136,133.1,24.133,146.48
178.05,56.657,-29.477,138.84,-12.264,129.38
187.71,-43.637,-25.758,132.63,7.0535,128.48
126.53,-2.4695,0.13852,199.64,-6.7013,126.63
128.52,26.152,-6.5306,193.31,-27.598,128.75
133.36,-41.757,21.791,177.97,-45.945,134.76
127.94,-18.922,12.825,178.32,-60.031,140.2
142.61,53.151,-36.751,162.61,-44.382,137.93
140.62,-61.77,-5.2667,179.47,7.6989,126.74
154.32,43.627,58.179,141.09,36.871,146.91
190.49,-42.805,14.478,132.1,-3.7018,127.11
128.19,-24.401,-4.2823,195.48,19.938,127.64
167.81,-5.7417,71.079,126.68,-4.2423,150.47
185.16,-29.823,46.103,129.55,-9.2917,133.34
132.17,37.664,21.567,177.51,50.013,136.33
199.16,-12.358,-3.3617,126.92,0.22141,126.54
126.56,0.37908,4.3355,127.22,16.303,198.65
126.6,1.1377,-5.6659,130.12,-35.422,194.18
144.36,-35.84,56.101,142.32,-46.756,155.68
128.2,3.4959,-24.549,128.3,-24.903,194.47
126.56,2.9712,3.1799,164.76,72.373,153.39
144.13,66.067,5.9441,175.08,7.5271,126.75
195.74,-10.726,-28.835,126.84,1.7492,128.83
195.15,1.0167,-32.789,126.51,-0.19101,129.55
170.42,-69.917,1.9571,148.34,-1.1324,126.52
126.79,-0.80474,-10.302,127.08,14.515,198.51
126.57,-2.6197,4.0249,152.04,-71.859,166.21
127.37,12.981,-12.232,168.52,-69.304,149.02
141.55,-6.356,-62.961,127.14,12.497,177.73
128.36,25.931,0.026303,196.97,0.11737,126.51
163.88,-66.228,-30.004,149.91,19.548,130.19
126.95,12.869,-0.31386,199.12,-2.8958,126.53
130.02,34.549,5.6742,192.98,18.074,127.48
126.8,-3.276,9.9416,135.39,-52.146,186.31
188.18,27.173,41.757,128.89,7.2601,131.87
132.35,38.23,21.769,177.42,49.656,136.22
176.77,-26.572,59.448,129.41,-12.817,139.83
172.81,-15.82,66.527,127.65,-9.5215,145
131.39,-40.316,-5.4125,191.45,14.48,127.15
128.32,25.638,-1.0384,196.93,-4.6847,126.57
132.83,21.576,-40.069,143.36,-58.893,167.98
126.82,8.3065,6.854,173.58,67.143,145.3
129.38,-22.565,-22.53,164.67,67.364,150.14
139.99,43.277,43.081,156.04,53.236,146.42
131.64,40.735,8.2821,189.89,21.472,127.96
130.58,-26.457,26.545,163.44,-65.727,149.88
157.11,-47.356,-55.871,141.92,34.384,143.46
138.16,58.029,-0.109,183,-0.17947,126.51
147.18,-67.716,-13.709,170.23,15.428,127.67
163.09,-64.628,33.72,149.39,-22.043,131.29
126.51,0.0044458,-1.1428,126.51,-0.73594,199.84
126.53,-2.5525,0.55072,197.14,-25.018,128.23
128.14,20.38,-13.404,178.91,-58.83,139.52
126.51,0.0027182,-0.57415,126.51,-0.89567,199.85
136.98,-46.662,30.601,169.22,-48.948,137.99
129.2,30.887,-2.3087,195.37,-8.4794,126.72
153.55,-66.749,28.28,159.45,-25.025,130.65
126.52,-0.0053499,2.1336,126.51,-0.47424,199.83
148.21,65.906,-23.125,166.32,-24.595,129.75
177.12,-64.74,2.3804,142.72,-1.1245,126.53
184,-14.904,54.646,127.29,-5.7367,136.56
157.46,-45.578,57.374,140.67,-33.854,144.41
127.15,-15.144,-2.9745,196.64,22.636,127.93
173.79,19.786,64.701,128.24,11.254,143.52
196.38,-19.491,-20.603,127.57,2.2332,127.68
129.38,-18.843,25.759,154.07,-68.607,160.46
183,13.269,56.504,127.15,5.3986,137.47
134.47,7.0357,-49.616,128.01,-21.009,185.82
126.58,-4.7848,-2.2265,188.79,48.401,133.84
198.01,5.9751,19.954,126.61,0.6496,127.59
185.05,7.1323,-54.622,126.69,-2.6987,136.44
197.18,24.428,5.163,128.15,0.68857,126.58
130.54,-8.8505,36.247,131.21,-37.773,186.75
182.86,-20.82,54.375,128.07,-8.1152,136.58
174.52,-47.234,-47.631,135.92,18.33,134.84
183.61,-52.655,-22.335,136.05,7.813,128.04
153.49,43.414,58.034,141.41,37.743,147.36
130.32,-18.232,31.487,146.41,-64.07,167.63
127.72,18.27,10.562,182.7,54.98,137.07
169.6,-63.121,-31.195,144.92,17.042,130.13
134.84,-11.237,49.797,130.13,-31.601,182.29
131.21,-39.92,2.2726,192.51,-6.227,126.63
138.33,55.876,-16.801,178.78,-26.837,129.33
183.51,39.856,-41.211,132.07,-11.263,131.97
127.59,19.991,-0.67447,198.09,-3.9572,126.55
128.27,9.8586,23.307,139.54,58.743,178.7
142.94,40.772,50.642,148.37,50.309,150.82
137.94,55.292,-16.26,179.43,-26.537,129.23
135.97,-46.16,-27.373,172.47,47.247,136.4
126.53,-0.47171,-2.7393,129.2,30.966,195.65
127.76,21.418,0.068362,197.9,0.37352,126.51
143.85,27.995,-59.801,136.68,-41.828,162.69
139.78,-57.301,20.146,175.73,-29.761,130.22
129.53,-32.446,-3.6768,194.48,12.712,126.98
196.76,13.694,-23.057,127.03,-1.7517,127.97
138.77,35.692,-47.116,149.24,-55.435,154.44
131.67,-3.3721,41.552,127.05,-13.24,191.2
130.59,-33.467,17.007,181.86,-47.694,134.68
126.73,0.23524,-9.1065,126.57,-4.8533,199.4
134.23,-47.052,15.31,183.34,-31.254,129.97
141.38,-0.84453,-63.05,126.52,1.691,178.82
134.47,-46.747,18.063,181.21,-35.892,131.26
187.92,-40.474,29.847,131.77,-7.5985,129.17
126.9,-4.768,-11.068,140.4,61.312,179.53
126.72,-1.4268,8.7194,128.94,-29.422,195.76
126.74,-9.0899,-2.3227,195.79,29.143,128.89
127.07,-14.412,1.1669,198.58,-9.5534,126.76
128.04,15.47,-17.931,160.66,-70.756,155.48
186.49,-52.706,-2.9924,135.55,0.99203,126.54
126.72,-7.2293,-5.0367,178.97,62.387,141.04
139.27,27.829,-53.089,140.21,-49.71,163.8
135.29,46.591,-23.363,176.42,-42.974,134.01
172.49,-60.35,32.637,142.28,-16.115,130.33
130.09,-34.666,-6.8703,192.22,21.595,127.91
128.05,-19.007,-14.193,175.38,62.818,142.43
129.92,33.586,-8.2326,191.39,-26.416,128.63
126.51,0.00010658,0.12911,126.51,0.15619,199.85
126.77,7.6475,6.3426,173.46,67.336,145.46
126.53,-0.014961,-2.4124,126.51,1.1728,199.82
127.94,21.092,-8.9284,188.54,-43.879,132.6
129.92,3.7052,-34.37,127.5,-18.275,193.09
127.98,-21.407,8.8947,188.78,-43.214,132.39
126.57,-4.5521,-1.4608,194.09,35.821,130.2
163.67,-14.886,71.222,127.8,-12.312,152.91
199.52,2.0509,8.5748,126.52,0.093449,126.71
133.37,46.221,-9.1124,187.6,-20.165,127.84
188.22,8.3831,49.036,126.74,2.6729,134.09
138.74,-56.51,17.142,178.21,-26.817,129.37
165.62,68.803,-21.838,150.45,-13.99,128.36
152.25,44.994,-56.245,143.25,-39.405,146.66
126.96,-12.363,-4.1156,193.12,36.7,130.45
126.79,0.49859,-10.329,126.73,-9.0278,199.06
170.66,46.289,52.243,136.45,21.619,137.36
161.36,-66.95,-29.575,152.17,20.76,130.27
127.17,13.492,-8.0862,182.51,-56.824,137.81
129.57,30.603,-12.044,187.39,-40.133,131.73
126.52,-1.119,1.764,151.23,-71.569,167.17
126.62,5.2349,-3.5931,179.53,-62.031,140.71
172.74,67.49,11.32,145.86,6.0594,126.95
132.3,-41.986,12.556,186.65,-30.173,129.53
132.54,-12.451,-42.814,132.64,41.212,181.94
150.55,23.256,-67.347,131.55,-28.61,161.51
168.46,-65.019,28.528,146.54,-16.373,129.57
133.79,-44.316,-19.223,180.53,39.852,132.43
130.42,-5.214,36.432,128.21,-23.601,191.29
183.93,-51.748,23.26,135.68,-7.9649,128.17
179.5,37.652,-49.675,131.92,-13.994,135.07
133.7,-45.112,16.59,182.77,-35.01,130.89
189.93,-39.616,24.135,131.36,-5.8052,128.2
128.09,-20.48,-12.593,180.73,56.671,138.17
151.28,48.605,-52.582,146.63,-40.549,144.2
132.06,41.025,12.932,186.52,31.746,129.86
193.96,-23.157,28.227,128.07,-3.7791,128.77
194.4,30.369,17.784,129.16,3.0717,127.39
126.69,-7.9863,-2.1106,195.63,30.079,129.05
147.67,-62.674,-29.943,163.83,31.599,132.21
176.69,-18.615,62.479,127.94,-9.5626,141.49
127.92,-21.197,8.1293,190.03,-40.577,131.59
140.71,-23.955,-57.328,135.74,42.666,167.46
129.91,-30.966,15.256,183.32,-47.301,134.31
133.27,6.6935,-46.359,128.11,-22.062,187.33
130.65,32.208,-19.7,177.8,-53.69,137.7
130.84,21.353,32.095,150.17,65.519,162.79
128.47,26.229,-4.5913,195.08,-19.787,127.63
137.08,21.686,-51.634,136.77,-47.019,170.6
137.7,-56.058,-11.364,181.69,18.976,127.84
129.83,-30.618,15.139,183.35,-47.495,134.37
161.36,-70.973,-17.884,155.05,13.06,127.85
126.76,9.5485,-1.1556,198.6,-14.282,127.06
131.22,36.274,-16.868,182.68,-44.209,133.44
149.87,70.256,9.4074,168.05,9.7488,127
126.52,0.12709,1.9906,126.89,11.99,199.23
184.52,-55.621,-5.3573,136.93,1.9303,126.6
168.39,67.732,-21.401,148.15,-12.677,128.21
130.49,36.573,-6.3455,192.12,-18.879,127.58
154.82,-68.129,-25.791,159.16,22.185,129.8
128.45,-25.849,5.7867,194.06,-24.98,128.32
149.6,26.581,65.54,133.34,32.804,160.35
182.01,-57.548,-14.475,138.2,5.6337,127.16
189.19,-34.651,33.039,130.29,-7.1064,129.76
127.43,13.592,12.541,169.18,68.812,148.36
126.51,0.03754,-1.1025,126.62,-6.4284,199.67
126.63,-0.38949,-6.7413,126.82,10.833,199.17
166.36,-71.896,1.7131,151.97,-1.1115,126.52
136.62,53.728,12.103,182.66,21.409,128.17
157.73,-38.861,-62.145,136.85,31.832,148.18
129.54,30.202,-12.574,186.63,-41.997,132.3
137.78,-34.247,45.994,149.35,-56.667,155.44
133.1,-30.919,-34.52,157.93,63.176,152.16
126.57,-0.092305,-4.711,126.55,3.6988,199.7
178.25,57.436,27.466,139.12,11.51,128.99
184.99,-54.479,-8.7165,136.43,3.058,126.74
159.29,59.248,43.222,148.33,29.494,135.37
193.07,-19.688,-33.644,127.66,3.9039,129.77
164.45,-36.455,62.731,133.91,-24.76,145.25
131.7,-40.355,10.846,188.28,-27.755,128.99
156.18,-63.15,-36.854,153.67,28.903,133.27
161.02,63.633,-36.244,150.12,-24.781,132.32
128,-23.074,-3.4894,196.22,17.339,127.35
164.51,60.993,-39.263,146.25,-23.7,132.94
191.3,-42.033,-10.739,131.83,2.6615,126.84
166.19,-14.728,70.457,127.69,-11.199,150.73
126.54,0.9776,-2.9162,135.72,-53.11,186.24
153.88,-36.857,-62.545,137.25,35.023,151.44
171.8,65.354,22.37,145.13,11.932,128.28
126.51,-0.00017227,0.17139,126.51,-0.19017,199.85
128.39,-26.067,0.82659,196.87,-3.665,126.55
135.16,51.252,7.6309,185.96,14.873,127.26
171.45,27.426,-63.649,130.01,-16.047,143.49
133.97,-21.528,43.788,140.79,-55.152,169.58
196.35,-2.1571,-28.387,126.52,0.3435,128.75
187.33,27.127,-43.603,128.93,-7.6928,132.44
196.59,-24.261,13.021,128.14,-1.7426,126.97
126.98,-1.4836,-13.245,127.66,20.483,197.31
142.43,11.847,63.307,128.57,21.806,174.67
145.96,-66.302,-15.489,171.11,18.124,128.07
134.52,-49.57,8.2109,186.57,-16.694,127.44
129.63,3.012,33.057,127.23,15.649,193.94
139.68,13.642,-59.029,129.83,-28.322,176.39
127.28,-0.014669,16.957,126.51,-0.16036,198.64
141.79,-55.903,30.321,167.95,-39.407,134.32
153.28,-72.403,0.54741,164.95,-0.51351,126.51
195,22.165,-24.866,127.91,-3.1319,128.24
126.98,10.351,8.2364,174.59,65.978,144.28
139.74,-25.056,-55.265,137.32,45.82,166.68
165.46,44.198,-57.14,136.94,-25.951,141.16
133.48,3.6194,47.288,126.97,11.911,188.74
176.52,-0.27255,65.348,126.51,-0.14868,143.23
178.67,61.502,14.666,140.74,6.4437,127.2
131.84,23.528,-35.14,149.78,-64.104,161.97
165.52,52.837,49.235,141.16,25.892,136.9
165.42,-57.74,43.437,143.88,-24.562,134.39
127.73,-20.696,-4.4415,195.35,24.342,128.19
131.43,-23.425,-33.426,151.4,65.189,160.74
165.51,72.11,4.0573,152.69,2.6931,126.57
126.62,-3.4644,-5.4561,151.2,71.425,167.07
127.47,-15.563,10.62,178.68,-60.806,140.43
163.16,-66.697,-29.379,150.7,19.604,130.08
179.38,48.63,-39.197,135.44,-13.927,131.65
147.79,-50.158,48.17,151.34,-43.783,143.01
130.53,5.7782,36.798,128.54,25.651,190.64
182.53,-57.735,10.41,138.15,-4.0217,126.84
190.18,-12.374,44.154,126.99,-3.4151,132.44
177.23,-62.573,-16.386,141.68,7.5189,127.39
128.74,-26.632,9.616,189.65,-38.006,131.01
156.54,-27.314,-67.882,131.95,26.459,154.86
178.14,60.196,-21.058,140.33,-9.1911,127.95
171.69,-37.911,-57.83,133.09,19.568,139.98
142.14,34.381,-54.029,143.22,-49.451,157.13
126.77,3.4042,-9.3615,137.04,-55.705,184.11
191.57,39.733,-15.747,131.25,-3.6866,127.21
172.21,67.133,15.075,145.91,8.1322,127.3
157.2,71.393,16.393,159.29,13.504,127.74
136.99,18.945,-52.508,134.48,-42.867,173.62
142.6,-15.76,-62.654,130.09,28.066,172.43
139.6,60.105,6.5624,180.56,10.037,126.89
145.2,-41.359,-53.21,146.27,47.42,150.6
133.38,-46.507,-7.7402,188.14,17.153,127.47
139.13,34.37,-48.819,147.12,-54.45,156.26
158.65,-48.736,-54.8,141.96,32.853,142.02
128.6,19.284,-19.57,164.81,-68.699,150.91
135.59,-45.716,26.449,173.39,-46.915,136.05
160.31,-67.315,-28.996,153.25,21.027,130.19
127.44,17.578,-5.8788,192.38,-36.518,130.46
167.44,41.475,58.21,135.25,23.747,141.24
148.31,-41.076,-56.568,143.22,43.348,150.58
143.57,-50.22,-42.402,157.38,47.009,141.57
126.62,0.067719,-6.4902,126.52,-1.9679,199.66
142.28,-62.283,-15.65,175.08,21.023,128.4
126.54,0.0028725,-3.4246,126.51,-0.15856,199.8
141.63,28.428,-56.653,138.55,-45.9,163.01
126.77,8.5047,-4.8601,184.19,-55.603,136.99
126.91,11.851,-2.9644,195.69,-28.492,128.79
172.74,-13.765,67.038,127.37,-8.3823,145.38
168.16,-59.46,39.067,143.58,-21.099,132.48
160.08,-49.412,-54.154,141.66,31.427,141.05
148.81,70.105,4.4042,169.75,4.741,126.62
160.98,-72.713,-8.7267,156.66,6.5407,126.83
134.36,-8.2002,49.139,128.57,-24.506,185.16
142.89,-59.18,26.775,169.43,-33.922,132.12
171.47,25.281,64.522,129.49,15.05,144.06
195.87,-29.862,5.1354,129.01,-0.85084,126.58
199.09,-8.5158,10.391,126.7,-0.47294,126.8
187.44,2.8412,-51.068,126.54,-0.95928,134.85
199.14,-10.488,-7.6133,126.8,0.42609,126.66
174.87,-8.3739,-66.264,126.81,4.8045,144.23
194.26,-35.517,-2.6378,130.13,0.5302,126.53
137.68,-11.415,56.006,129.27,-26.819,179.71
137.52,-44.85,34.928,164.57,-52.427,141.33
126.63,-0.16044,6.6092,126.57,-4.5739,199.58
129.48,28.989,-14.482,183.61,-48.177,134.55
127.19,15.444,-3.7987,195.38,-27.908,128.71
188.05,49.953,-3.2291,134.42,-0.99216,126.54
150.92,-70.132,-13.571,166.23,13.534,127.5
132.66,34.115,-29.299,166.43,-60.347,144.88
140.39,-42.854,44.334,154.73,-53.062,147.25
156.89,-18.981,-70.713,129.13,19.323,157.88
138.11,55.051,18.102,178.33,29.13,129.86
133.21,-45.761,9.0915,187.78,-20.375,127.87
147.9,-64.635,25.891,165.51,-27.564,130.66
133.29,46.586,5.1815,189.05,11.61,126.94
142.91,-32.703,-56.156,140.99,47.17,158.74
164.8,12.414,-71.379,127.38,-9.9804,152.37
194.84,-4.7251,33.477,126.57,-0.91085,129.7
133.55,22.481,42.004,142.9,57.744,167.59
185.09,35.041,42.415,130.7,9.9704,132.22
146.18,16.268,-66.313,129.59,-24.835,168.84
147.88,-55.312,42.26,156.07,-40.887,138.59
129.56,-28.793,15.727,181.69,-51.124,135.88
190.23,29.497,34.964,129.21,6.3294,130.13
151.06,-68.821,-19.398,164.71,19.038,128.55
188.46,-48.625,-8.0854,133.96,2.4074,126.7
131.81,41.999,-3.6226,191.42,-9.299,126.77
139.88,-22.739,-56.488,135.38,42.646,168.9
129.39,-20.904,24.176,159.66,-68.721,154.83
131.06,-39.062,5.2546,191.93,-14.601,127.16
199.22,8.0019,9.322,126.68,0.39794,126.74
127.71,20.907,-2.561,197.1,-14.196,127.07
180.35,53.163,30.647,136.9,11.528,129.54
189.57,-23.233,40.989,128.21,-5.9639,131.6
165.95,-54.316,-47.368,141.77,25.182,135.96
131.03,-38,-10.061,189.31,27.74,128.94
173.58,-64.716,20.277,144.05,-10.323,127.92
127.43,11.732,14.284,159.42,71.867,157.45
126.8,9.7636,3.7118,191.72,41.151,131.57
166.21,-67.63,-24.627,149.35,15.36,128.86
165.93,-57.991,-42.8,143.78,23.963,134.07
130.1,-34.471,7.9478,191.49,-24.881,128.39
144.53,62.615,23.111,169.86,27.914,130.29
126.78,7.2134,-7.0634,167.74,-70.822,150.41
168.95,-53.026,46.844,139.98,-22.649,135.25
189.43,-29.48,37.136,129.25,-6.8202,130.65
134.3,-28.284,-40.844,149.34,60.907,159.47
171.49,-67.797,14.252,146.6,-7.8692,127.22
176.68,-21.143,61.681,128.36,-10.691,141.05
156.55,-72.93,5.9552,161.29,-5.0682,126.67
133.13,45.349,9.8683,187.51,22.231,128.13
177.81,64.099,1.3103,142.19,0.60561,126.52
149.15,67.11,21.452,166,22.242,129.19
196.18,24.787,-15.289,128.23,-2.1038,127.15
141.23,-53.431,33.094,166.14,-43.233,136.32
127.05,-10.673,-9.3378,171.38,68.236,146.9
145.24,-23.713,-63.124,133.32,35.309,165.19
126.78,9.4826,-3.6691,191.5,-41.759,131.74
126.51,-0.0016865,1.2487,126.51,-0.25549,199.84
146.72,-58.441,-36.166,160.95,38.062,135.45
188.87,38.267,29.827,131.14,7.0837,129.15
166.64,-67.99,-23.106,149.31,14.315,128.55
146.71,59.697,34.031,162.3,36.306,134.33
127.71,16.705,-12.788,175,-63.952,143.12
150.26,39.075,59.395,140.44,40.24,151.58
183.48,-57.376,0.70313,137.8,-0.26535,126.51
142.17,36.322,-52.797,144.99,-50.307,155.17
127.14,11.142,-10.496,168.75,-69.629,149.08
160.78,-70.217,-20.877,154.98,15.376,128.36
176.19,29.324,58.742,130.08,14.095,139.57
126.51,0.59381,-0.95994,150.43,-71.181,168.07
154.15,-4.0793,72.56,126.65,-4.8214,163.84
136.5,-41.525,35.779,162.82,-55.591,143.92
137.88,-56.77,-9.2736,182.12,15.394,127.38
129.49,-18.039,27.015,151.08,-67.607,163.49
126.69,7.4035,-3.4213,188.78,-48.058,133.74
133.7,18.174,44.477,137.23,50.411,174.34
126.98,11.888,-5.8496,187.18,-50.032,134.57
126.63,-6.527,1.3564,197.18,-24.108,128.11
126.73,0.68645,-9.0152,127.05,-14.181,198.66
142.09,-63.629,6.7504,177.44,-9.256,126.86
126.71,-3.8221,7.8075,143.55,-65.496,175.84
148.42,37.539,59.062,140.53,41.926,153.35
132.31,-24.676,-36.246,150,63.613,161.17
175.18,63.271,-20.594,142.72,-9.9523,127.94
140.86,-62.282,-2.6617,179.41,3.8549,126.57
131.15,-30.898,-25.034,169.64,61.004,143.76
130.75,14.25,-35.433,137.78,-53.733,177.55
126.66,-7.4511,-0.67312,199.13,10.728,126.82
127.3,-16.931,2.9037,196.91,-19.831,127.6
172.09,67.145,15.369,145.97,8.3125,127.33
197.65,14.332,-17.604,127.07,-1.3779,127.35
156,-37.866,-62.514,136.97,33.204,149.7
187.6,-42.167,28.459,132.24,-7.5689,128.93
179.54,-27.931,-55.674,129.51,11.84,137.55
131.3,-40.209,3.0161,192.25,-8.1764,126.71
127.18,15.705,-1.2369,198.44,-9.2761,126.74
143.36,-61.306,-23.039,170.99,29.081,130.49
186.42,-5.3218,52.635,126.61,-1.8889,135.52
130.99,-35.393,16.693,182.73,-44.871,133.64
126.61,3.6389,-4.7762,157.4,-73.123,160.51
196.87,-19.293,17.973,127.54,-1.9125,127.39
149.09,-65.478,25.919,164.41,-26.544,130.49
168.86,6.6311,70.49,126.73,4.7192,149.47
170.7,-69.614,4.7036,148.02,-2.6954,126.59
135.45,-16.212,49.927,133.42,-41.476,176.99
126.76,-9.4381,-2.4608,195.62,29.673,128.99
138.59,37.033,45.675,151.18,55.895,152.65
183.03,-35.374,-45.965,130.96,11.36,133.45
194.97,-31.217,11.851,129.28,-2.081,126.9
152.81,-61.511,37.886,155.72,-32.605,134.42
128.69,0.028508,-28.01,126.51,-0.18178,196.47
150.89,68.482,20.281,164.63,19.963,128.76
126.54,-3.4345,-0.5575,198.26,19.078,127.49
163.13,53.545,-49.45,142.58,-28.017,137.51
131.78,-41.974,2.7539,191.63,-7.0927,126.66
128.01,23.209,-3.3279,196.33,-16.461,127.27
127.31,-16.266,-5.6436,192.15,37.77,130.75
130.51,35.812,10.026,189.64,29.466,129.23
127.98,-21.131,-9.5604,187.39,46.142,133.37
127.85,21.73,-4.4878,195.35,-23.425,128.07
131.15,-3.0771,39.631,127.01,-12.858,192.02
133.71,-13.491,46.154,132.51,-40.134,180.52
188.72,-27.614,40.246,128.95,-7.0347,131.44
131.42,-38.595,13.155,186.61,-34.374,130.42
129.44,31.733,5.435,193.71,19.026,127.57
132.15,40.551,-15.252,184.53,-36.784,131.17
131.11,32.99,21.893,175.25,55.691,139.21
139.71,-60.625,-1.1751,180.95,1.793,126.52
129.82,27.919,19.538,175.28,58.764,140.57
166.53,68.155,-22.746,149.48,-14.153,128.49
134.82,31.242,40.303,152.31,60.923,155.77
143.3,-63.306,16.55,173.67,-21.308,128.52
127.97,-22.099,6.7781,192.49,-33.54,129.85
180.03,-60.995,-9.5417,140.12,4.052,126.8
168.53,-57.866,41.078,142.57,-21.521,133.12
150.26,65.669,27.239,162.81,26.756,130.75
173.73,46.83,-48.896,135.94,-19.016,135.43
140.77,-38.122,49.163,148.69,-52.937,152.82
126.74,9.3656,0.65003,199.19,8.2487,126.69
126.63,6.5266,1.8241,195.28,31.673,129.35
158.44,-45.008,57.894,139.89,-32.771,144.32
136.48,-0.88914,54.77,126.53,-2.3489,185.22
129.04,-20.69,-21.818,163.11,68.524,151.97
140.51,-61.834,0.52424,179.94,-0.77146,126.51
187.09,38.258,-34.862,131.29,-8.5574,130.21
132.31,-3.1039,43.764,126.92,-11.403,190.47
126.73,0.22405,-9.168,126.57,-4.5918,199.41
132.63,41.808,16.317,183.45,37.547,131.47
143.07,48.212,-43.848,156,-48.573,143.31
127.49,19.004,-1.456,197.97,-8.9737,126.73
162.11,-43.779,58.518,137.8,-28.956,143.18
147.14,-68.706,6.9585,171.43,-7.9073,126.81
145.57,53.643,41.359,157.76,43.41,139.29
151.92,-64.047,-32.653,159.01,29.756,132.41
135.92,17.6,-50.6,134.21,-42.992,175.34
126.67,0.022306,-7.6968,126.51,-0.54602,199.6
165.03,57.196,44.358,143.76,25.153,134.82
177.06,44.74,46.937,134.51,16.283,134.3
191.87,40.229,12.21,131.34,2.8766,126.93
130.94,-33.795,19.343,178.98,-51.257,136.49
189.84,-44.471,-13.819,132.61,3.7022,127.06
199.47,3.2097,-8.979,126.54,-0.15327,126.72
126.54,2.5958,1.8348,178.76,63.067,141.41
192.75,26.218,-29.972,128.55,-4.6259,129.09
147.01,-68.879,-3.2718,171.9,3.7425,126.58
127.93,19.625,-11.609,181.89,-55.544,137.46
185.74,-52.542,12.47,135.62,-4.1803,126.97
150.43,39.407,-59.285,140.56,-40.157,151.27
186.75,-6.0128,-52.004,126.63,2.0943,135.26
162.66,58.998,42.961,146.06,26.567,134.63
131.96,-3.1378,-42.568,126.95,11.957,190.93
129.81,-32.9,8.8409,190.93,-28.783,129.05
136.89,51.753,20.383,177.99,34.686,131.28
172.13,68.854,0.57989,146.88,0.31932,126.51
126.73,-0.77096,-8.9696,127.2,15.965,198.43
160.4,21.765,-69.981,129.56,-19.352,153.92
181.99,-36.385,-46.911,131.31,12.155,133.85
156.89,22.664,69.62,130.23,22.526,156.55
130.47,-36.235,7.5209,191.48,-22.394,128.04
126.75,8.5758,4.1205,187.96,49.396,134.26
172.96,-61.166,-30.333,142.51,14.979,129.77
160.82,53.381,-50.163,143.64,-30.27,138.47
127.52,17.091,-8.9422,185.21,-51.692,135.43
126.79,3.7893,-9.6208,138.55,-58.465,182.08
129.98,-34.741,2.8118,194.15,-9.0415,126.75
130.92,32.32,-21.57,175.31,-56.074,139.36
133.18,35.254,-30.399,165.82,-59.761,144.84
131.23,26.975,29.595,159.96,65.723,152.38
129.63,-33.15,0.40098,195.04,-1.3666,126.52
131.95,-36.981,21.235,177.71,-50.329,136.41
145.63,67.794,0.59239,173.6,0.71137,126.51
127.62,-20.186,-0.94087,197.99,5.4605,126.59
155.69,49.28,53.901,143.96,35.865,142.71
183.59,36.581,-43.993,131.2,-11.09,132.78
160.44,-31.062,-66.376,132.63,25.555,150.31
158.03,-73.224,3.646,159.91,-2.9788,126.57
129.16,5.7135,30.202,129.52,31.464,191.2
141.31,46.309,42.653,157.05,50.793,144.13
179.43,61.776,8.84,140.63,3.8384,126.76
135.32,50.441,13.457,183.44,25.664,128.85
157.27,-53.604,-49.932,145.85,33.646,139.44
194.86,-21.873,25.721,127.88,-3.2056,128.36
134.33,-26.398,42.154,146.55,-59.619,162.49
129.29,-15.894,27.094,147.3,-65.889,167.95
140.62,61.966,-2.0511,179.75,-3.0023,126.55
142.09,-5.0995,-63.779,126.9,9.8022,177.39
133.15,44.859,-12.188,186.21,-27.243,129
129.73,-18.246,28.312,149.84,-66.776,164.53
151.41,51.167,-50.18,148.53,-39.984,142.23
128.27,-21.047,-13.99,178.47,59.022,139.72
133.92,48.656,0.36706,188.79,0.78469,126.51
142.77,-37.807,-52.642,145.71,49.937,153.76
159.23,-60.366,41.648,149.14,-28.858,134.69
170.1,-17.63,67.878,128.02,-11.572,146.88
137.91,54.691,18.02,178.57,29.303,129.89
128.9,-27.912,8.8722,190.81,-33.992,130.04
145.53,-48.405,-47.331,152.49,46.479,144.13
126.52,1.8341,-1.2709,179.36,-62.451,140.95
175.36,-44.581,49.189,134.77,-17.662,135.35
127.45,-15.643,-10.209,179.94,59.387,139.47
187.56,34.837,37.158,130.45,8.2823,130.72
148.82,18.062,67.884,129.83,24.612,165.55
130.63,-12.694,-35.466,135.8,50.134,180.31
126.6,5.7927,-0.5262,199.22,-10.799,126.82
161.34,-72.569,9.5435,156.24,-7.0756,126.89
144.36,-62.819,22.037,170.49,-26.874,129.96
128.54,-22.652,-14.862,178.5,58.287,139.41
144.54,-59.449,30.35,166.08,-35.588,133.25
199.51,8.1363,-3.7779,126.69,-0.16316,126.55
185.18,-7.4273,-54.383,126.7,2.7903,136.33
191.41,11.641,-41.516,126.92,-2.9534,131.65
127.16,8.1177,-13.303,149.63,-69.915,168.11
127.09,-6.2142,13.383,142.07,-63.368,177.14
195.71,7.3771,29.972,126.66,1.2529,129.03
193.11,5.6135,-38.472,126.6,-1.2825,130.83
150.14,-70.955,3.2435,168.32,-3.348,126.57
127.87,-16.477,15.035,169.13,-67.984,147.9
130.29,-32.367,16.309,182.41,-47.697,134.59
127.52,16.87,9.4612,183.67,54.133,136.57
159.06,44.46,-58.327,139.32,-32.054,144.35
165.18,-56.34,45.361,143.21,-25.318,135.21
148.64,-69.867,-6.098,169.81,6.5945,126.72
165.45,67.667,25.306,149.84,16.089,129.03
168.19,44.794,-55.254,136.45,-23.634,139.37
155.23,-57.853,-44.421,150.42,33.798,136.99
154.96,72.829,-2.7511,163.11,-2.4549,126.55
126.51,-0.40892,-0.042355,199.21,12.313,126.91
190.93,43.791,-6.1383,132.31,-1.5901,126.62
127.61,-19.73,-4.0008,195.8,23.129,128.02
186.6,-51.991,-7.967,135.29,2.6043,126.7
156.38,-59.17,-43.006,150.46,32.04,135.95
136.6,54.265,9.1438,183.72,16.278,127.45
147.18,69.084,1.1571,171.77,1.3163,126.52
133.45,-33.932,33.032,161.91,-61.394,148.03
163.88,69.388,-21.723,152,-14.624,128.4
162.7,72.498,-8.3351,155.05,-5.9594,126.79
129.84,29.334,-17.53,179.31,-53.817,137.39
126.54,-3.1196,0.4883,198.37,-18.422,127.43
189.88,-45.174,-10.995,132.79,2.9859,126.86
168.09,-65.651,27.499,147.09,-16.035,129.37
126.51,0.70747,-0.038551,199.67,-6.5125,126.62
176.82,-57.307,-30.819,139.46,13.281,129.71
175.19,-43.275,-50.532,134.33,17.741,135.92
148.72,70.11,3.1796,169.93,3.4352,126.57
184.99,55.165,-0.64704,136.67,-0.22945,126.51
187.57,-49.469,-12.107,134.34,3.7208,126.94
127.31,15.749,-7.079,188.41,-46.509,133.34
155.52,-71.471,14.863,161.24,-12.888,127.56
129.02,-27.314,-12.327,186.04,45.136,133.26
126.65,5.6297,-4.63,173.87,-67.287,145.25
144.38,59.529,29.843,166.49,35.276,133.06
165.35,-71.352,-11.532,152.29,7.6289,127.02
126.54,-2.897,1.2733,189.87,-46.403,133.13
168.1,38.469,-59.881,133.93,-22.465,142.07
132.8,45.068,-5.5551,189.59,-12.964,127.04
135.02,39.081,-33.529,164.26,-57.334,144.21
170.6,19.907,66.941,128.41,12.68,146.01
126.51,-0.53956,1.2319,140.91,-62.412,179.42
131.31,21.926,33.903,149.05,64.448,163.42
142.83,-59.878,-24.998,170.47,31.971,131.37
137.2,53.618,-16.931,179.81,-28.673,129.66
126.6,-0.31574,5.9449,126.78,-9.9746,199.28
126.54,0.0022637,-3.4271,126.51,-0.12487,199.8
129.95,30.595,-16.413,181.58,-50.121,135.55
131.51,33.488,-23.842,172.95,-57.245,140.63
160.05,-63.504,36.63,150.73,-25.7,132.59
155.5,-72.966,2.131,162.56,-1.8723,126.53
197.05,15.573,-20.283,127.18,-1.7416,127.63
166.11,-49.219,-52.563,139.11,25.685,138.42
135.33,-47.363,22.008,177.61,-40.66,133.07
155.25,28.837,-67.003,132.85,-28.747,155.09
138.26,53.286,-23.453,174.96,-36.741,132.23
132.38,42.31,-12.348,186.74,-29.486,129.39
194.99,33.327,-0.82956,129.66,-0.155,126.51
147.14,-42.165,-54.697,145.07,45.063,149.85
129.46,32.266,-2.0476,195.06,-7.1722,126.66
164.73,31.46,65.287,132.01,22.369,147.08
134.92,14.779,-49.063,132.64,-39.788,178.73
188.22,40.344,29.092,131.7,7.3433,129.03
176.65,63.95,12.878,142.52,6.0848,127.05
136.96,36.962,41.755,154.74,57.962,150.92
128.33,24.502,7.8229,191.58,34.496,130.1
185.69,-21.151,-49.779,128.03,7.1236,134.54
193.91,-4.797,36.349,126.58,-1.0209,130.32
157.99,-5.0015,73.141,126.69,-5.1605,159.81
127.31,-11.328,-12.959,161.73,71.806,155.35
169.11,-38.549,59.23,133.77,-21.692,141.39
159.12,-56.276,-47.029,146.44,31.049,137.26
140.13,-61.277,-0.28045,180.42,0.41977,126.51
176.75,-16.151,63.101,127.59,-8.3906,141.83
182.63,51.226,-28.314,135.74,-9.857,129.02
156.7,-3.968,73.085,126.63,-4.2871,161.2
162.15,-66.005,-31.356,150.94,21.329,130.69
142.56,60.588,22.297,172.08,29.099,130.39
130.71,36.044,12.058,187.78,34.304,130.32
135.07,-44.679,-25.843,173.97,47.412,136.12
144.19,-26.236,60.986,135.3,-39.554,163.95
126.61,5.0874,-3.2221,181.78,-59.368,138.98
129.35,19.396,-25.121,155.87,-68.9,158.64
140.13,60.319,10.776,179.01,16.007,127.52
165.29,-9.0739,71.726,126.97,-7.2509,152.41
126.55,3.8178,-0.33592,199.33,-10.474,126.8
171.88,-65.182,22.718,145.01,-12.073,128.33
178.69,-53.748,33.256,137.51,-13.063,130.18
133.87,48.098,-6.3828,187.96,-13.644,127.12
145.84,-67.969,-1.0314,173.36,1.2297,126.52
164.84,-22.972,68.699,129.46,-17.468,149.88
127.1,12.354,-8.209,179.87,-60.394,139.91
135.86,-52.212,11.381,183.81,-21.086,128.08
145.45,32.479,-59.315,138.86,-43.115,158.37
136.09,-51.382,16.446,181.09,-29.674,129.79
148.92,-66.184,23.732,165.42,-24.623,129.84
192.24,8.9913,40.145,126.75,2.1755,131.27
146.97,-51.043,46.322,153.15,-44.153,142.1
134.41,-48.75,10.941,185.61,-22.306,128.2
127.85,22.2,0.8306,197.67,4.3663,126.56
130.54,0.85659,-37.292,126.55,-3.9017,193.61
128.09,17.58,16.413,168.13,68.1,148.52
159.68,-69.377,23.744,155.3,-17.88,128.98
160.12,-73.287,1.6927,157.89,-1.3055,126.52
143.44,-63.022,18.139,172.97,-23.152,128.92
145.03,64.066,20.403,170.48,24.396,129.36
179.63,-18.18,59.473,127.79,-8.3276,139.34
135.81,49.705,-19.316,179.47,-35.088,131.23
170.46,-53.574,44.93,139.73,-21.125,134.29
126.57,4.5441,-1.7347,191.99,-41.47,131.62
128.68,15.124,-23.502,150.41,-68.38,165.26
135.27,24.999,45.699,142.7,55.846,165.69
131.91,-38.715,17.551,182.22,-42.79,133.07
145.46,-67.52,3.9614,173.68,-4.7829,126.61
146.7,29.924,61.853,136.39,39.371,159.86
198.88,-7.6551,13.099,126.67,-0.53802,126.97
148.48,-56.847,-40.889,156.74,39.29,137.44
155.79,72.766,6.4403,162.05,5.6007,126.7
135.55,32.535,-41.506,152.16,-59.938,155.07
129.62,-17.678,-28.013,149.27,66.641,165.31
154.18,-42.403,59.031,140.39,-36.74,147.77
175.69,10.625,-65.24,126.99,-5.8786,143.37
129.96,19.806,-28.536,152.01,-67.315,161.91
127.76,17.17,-12.833,175.68,-63.212,142.51
143.72,-64.773,-12.087,174.49,15.444,127.55
180.09,-45.666,-41.45,134.3,13.733,132.25
128.79,-21.382,19.003,169.1,-66.173,146.87
131.8,16.876,-38.618,139.06,-54.861,174.51
186.57,42.21,31.46,132.37,8.5381,129.52
128.94,-28.966,-5.6193,194,21.63,127.87
135.67,49.055,-20.106,178.98,-36.707,131.72
132.87,-45.266,-5.7052,189.46,13.231,127.07
138.86,-54.081,-24.225,174.03,36.758,132.36
162.63,7.6073,72.591,126.86,6.67,155.03
181.18,-18.252,57.547,127.76,-7.8216,138.18
129.01,-23.744,18.176,173.58,-62.293,142.83
154.04,65.613,31.172,157.88,26.849,131.52
126.77,8.0053,5.788,177.81,63.48,141.9
126.74,8.0177,-4.8897,182.6,-57.909,138.2
126.79,-5.7702,8.5708,153.02,-71.924,164.86
128.79,26.113,11.728,186.43,45.175,133.22
178.11,55.246,31.924,138.25,12.989,129.9
159.1,15.454,-71.693,128.12,-14.868,156.91
126.51,0.11443,0.028017,196.43,28.147,128.71
157.77,39.293,-61.877,137.06,-31.945,147.92
146.83,-4.3282,68.677,126.72,-6.76,171.91
126.51,-0.012773,0.45167,126.59,-5.3427,199.73
138.28,-1.5509,-58.237,126.56,3.6637,182.76
127,8.4643,10.546,158.94,72.57,158.46
147.95,-69.577,3.4363,170.79,-3.8071,126.58
131.03,37.789,-10.768,188.78,-29.635,129.31
127.6,16.114,-11.981,176.01,-63.26,142.41
148.06,-68.035,15.321,168.89,-16.693,127.91
127.02,-5.5864,12.667,140.89,-61.88,178.73
147.23,68.912,-5.4637,171.48,-6.196,126.69
126.81,-10.498,1.3627,198.39,-15.28,127.14
148.65,69.966,-4.8603,169.91,-5.2593,126.65
134.83,-48.371,-16.227,182.28,31.691,130.15
184.4,43.424,35.446,132.97,10.293,130.45
134.91,49.58,-12.85,184.17,-25.208,128.73
163.29,2.8546,-72.794,126.56,-2.4651,154.77
127.14,-12.812,-8.5113,179.82,60.332,139.9
187.22,7.2995,51.03,126.69,2.471,134.86
126.93,-11.595,4.6286,190.85,-42.71,132.04
127.56,0.52813,-19.667,126.58,-4.9357,198.11
135.05,49.452,14.609,183.08,28.259,129.36
188.89,-48.331,3.6644,133.81,-1.0767,126.55
129.49,31.036,-9.5897,190.25,-32.79,129.84
132.75,8.2211,-44.502,129.13,-28.043,186.6
131.18,-39.835,-1.4031,192.67,3.8605,126.55
174.91,-50.723,43.411,137.21,-17.607,133.28
129.76,-32.804,8.2099,191.49,-27.007,128.72
180.71,-43.326,42.853,133.45,-13.371,132.63
151.81,-71.846,0.1172,166.54,-0.11491,126.51
138.7,-56.997,15.169,179.14,-23.897,128.74
178.23,-55.745,-30.802,138.42,12.597,129.65
147.74,57.755,-38.683,158.66,-38.701,136.45
173.02,63.496,-24.972,143.65,-12.68,128.69
127.78,-4.2424,21.231,129.97,-34.213,192.58
145.69,37.958,-56.23,142.91,-45.796,153.63
166.95,-70.754,11.506,150.85,-7.279,127.01
138.13,57.75,-5.1989,182.65,-8.555,126.78
126.52,-0.032473,2.0149,126.53,-3.047,199.79
172.04,62.362,-29.333,143.47,-15.011,129.59
126.51,-0.003872,-1.3409,126.51,0.54625,199.84
126.51,9.0838e-05,0.094522,126.51,0.18182,199.85
135.15,-1.1837,51.775,126.55,-3.4294,187.02
127.35,12.93,12.082,168.82,69.168,148.77
128.59,16.878,-21.579,156.85,-70.088,158.58
134.73,50.427,-5.9871,186.94,-12.03,126.99
129.62,-29.667,14.698,183.59,-47.763,134.42
137.17,53.346,-17.624,179.45,-29.823,129.94
126.55,3.3038,1.7624,186.06,53.369,135.84
164.28,-39.137,61.151,135.04,-25.825,144.18
195.72,-26.488,15.789,128.48,-2.3359,127.19
127.45,-6.3339,17.559,136.72,-54.508,183.56
139.87,59.242,14.043,178.29,20.984,128.26
170.03,-61.915,33.025,144.08,-17.602,130.57
197.76,-18.166,-12.673,127.41,1.2516,126.94
127.1,-9.9059,11.012,162.93,-71.92,154.46
184.5,-54.924,10.463,136.68,-3.7312,126.84
130.41,32.411,-17.306,181.11,-49.518,135.43
183,12.653,-56.634,127.09,-5.1612,137.53
197,0.43695,-25.758,126.51,-0.062434,128.34
126.56,1.678,-4.1236,139.29,-59.911,181.44
160.23,6.9577,72.969,126.83,6.627,157.4
134.38,-49.879,-0.59622,188.14,1.232,126.52
126.59,-0.20232,-5.4247,126.64,7.0246,199.52
186.41,-51.834,10.668,135.27,-3.4906,126.85
182.98,-46.341,34.971,134.06,-11.07,130.39
129.94,-32.407,12.283,187.39,-38.653,131.36
126.51,0.0062289,0.91293,126.51,1.2907,199.84
154.45,-72.166,-9.2301,163.17,8.3243,126.92
170,6.2632,-69.907,126.7,-4.289,148.5
126.62,0.15531,-6.3806,126.57,-4.5873,199.59
170.52,22.556,-66.143,128.95,-14.165,145.47
143.68,64.069,15.201,173.69,19.347,128.17
131.22,-37.083,15.063,184.75,-39.857,131.94
169.68,69.252,12.456,148.35,7.2774,127.07
132.46,-12.826,-42.441,133.1,42.504,181.43
137.54,1.4363,-56.87,126.55,-3.5474,183.76
139.52,-59.704,8.687,180.25,-13.308,127.19
134.18,-47.86,12.102,185.29,-25.01,128.65
126.63,-6.157,-2.6302,190.22,45.315,132.79
194.08,-16.615,32.107,127.31,-3.0957,129.45
147.6,60.081,-34.758,161.23,-35.85,134.4
180.7,49.751,35.21,135.59,12.419,130.55
191.83,-37.099,-19.975,130.63,4.3665,127.64
199.03,-4.8439,13.074,126.57,-0.33919,126.97
178.24,63.575,-3.568,141.8,-1.624,126.55
126.69,-2.2331,7.8148,133.43,-47.172,189.22
133.77,38.926,28.487,169.84,55.335,140.79
126.9,-9.4889,7.4558,175.08,-65.738,143.97
126.56,0.094276,-4.1348,126.56,-4.3048,199.7
126.99,8.9845,-10.03,162.86,-72.111,154.65
139.42,59.013,-11.798,179.54,-18.073,127.78
190.23,0.077152,45.744,126.51,0.022121,132.91
137.36,-51.237,23.926,175.16,-39.123,132.94
161.81,63.299,36.622,149.35,24.41,132.36
130.32,-6.3543,35.826,129.09,-28.815,190.12
133.45,40.177,25.074,174.12,51.3,137.65
144.4,-62.902,-21.926,170.49,26.707,129.92
130.91,-21.707,-32.204,150.52,65.564,162.32
155.76,-71.823,-13.309,161.26,11.492,127.34
126.63,6.0206,-2.7469,189.09,-47.656,133.59
126.75,8.6279,3.9184,189.01,47.38,133.52
127.57,-19.243,4.7029,194.85,-27.545,128.68
126.72,7.9081,3.9734,187.11,51.037,134.9
127.66,-6.9421,-19.345,136.58,54.052,183.45
136.15,5.2272,53.825,127.19,13.977,184.7
150.04,58.649,39.972,156.42,36.868,136.29
140.53,59.95,15.28,177.12,22.112,128.51
129.47,-32.017,-4.623,194.13,16.126,127.27
144.41,-61.274,-26.156,168.5,31.385,131.44
177.89,-63.637,7.0978,141.95,-3.2564,126.67
192.37,36.009,19.215,130.36,4.0452,127.55
171.22,-66.79,-19.055,146.18,10.468,127.8
171.48,-68.967,6.6687,147.26,-3.7301,126.66
155.39,-41.9,59.747,139.48,-35.281,147.57
126.53,-2.0215,-1.2683,182.13,59.138,138.8
128.2,1.851,24.761,127.01,13.396,196.43
127.84,9.7235,-19.825,143.13,-63.835,174.81
159.96,73.26,2.861,158.02,2.2155,126.54
199.43,-9.8516,-2.0825,126.77,0.10899,126.52
139.33,14.588,58.227,130.4,30.596,176.05
184.8,55.334,3.706,136.77,1.3224,126.55
160.2,20.334,-70.424,129.19,-18.364,154.55
129.11,29.872,-6.0269,193.58,-22.375,127.98
126.54,-3.31,-0.25003,199.46,9.0063,126.73
153.95,-72.337,-6.3522,163.98,5.8286,126.71
175.8,-63.376,-18.43,142.54,8.8013,127.64
143.17,63.517,15.067,174.29,19.561,128.18
147.56,67.298,-16.862,169.02,-18.624,128.24
134.61,47.245,17.78,181.34,35.031,131.03
160.46,-7.3717,72.911,126.86,-6.9593,157.13
198.64,-0.63518,16.905,126.51,-0.05792,127.28
137.79,-50.819,26.617,172.81,-42.006,134.32
171.72,-67.561,-14.642,146.36,8.0221,127.26
126.55,2.3035,3.3771,153.61,72.451,164.54
176.6,-61.499,21.873,141.39,-10.028,128.1
127.54,17.91,7.6389,188.98,44.484,132.71
159.52,71.334,17.006,156.94,13.102,127.76
126.61,-1.4026,5.9855,131.33,-40.377,192.36
144.9,-65.802,-13.19,172.88,16.096,127.69
130.24,-23.17,27.569,158.05,-67.566,155.39
196.59,-15.941,-22.442,127.22,1.9878,127.89
137.21,-52.076,21.299,177.14,-35.498,131.59
126.56,0.12402,4.5016,126.58,5.1981,199.65
168.64,-6.857,70.582,126.75,-4.9153,149.64
146.05,-22.199,-64.45,132.23,32.511,165.62
142.89,-32.029,-56.507,140.45,46.745,159.38
129.01,-29.44,5.21,194.24,-19.791,127.65
160.99,66.396,-30.899,152.06,-21.781,130.66
190.6,6.4101,44.496,126.64,1.7737,132.52
129.42,-30.154,-11.052,188.52,37.98,131.1
139.12,-24.293,-54.528,137.2,46.117,167.57
168.55,-66.839,-23.817,147.54,13.921,128.62
135.72,48.866,-20.851,178.39,-37.833,132.11
180.17,-61.56,1.1448,140.32,-0.48841,126.51
126.59,0.14821,-5.6075,126.58,-4.9836,199.61
129.79,-20.489,-27.062,154.92,68.165,159.08
172.14,56.264,-39.686,140.44,-18.674,132.31
128.65,-27.313,5.2154,194.48,-21.423,127.83
190.17,-39.618,23.124,131.34,-5.5372,128.06
126.82,10.525,2.1968,196.86,24.122,128.12
163.36,-3.5496,72.75,126.58,-3.057,154.68
147.54,-69.359,0.40202,171.37,-0.45194,126.51
153.53,0.11162,-72.488,126.51,-0.13528,164.68
127.08,-14.535,0.47054,198.9,-3.8339,126.55
156.63,-45.109,-57.628,140.8,34.651,145.04
132.2,43.217,5.0457,190.52,12.436,126.99
157.74,-58.099,-44.685,148.63,31.495,136.43
160.11,21.546,70.069,129.52,19.372,154.24
194.77,24.877,23.224,128.28,3.2866,128.01
178.73,-62.516,9.0033,141.17,-4.003,126.77
129.85,-28.915,-18.294,177.91,55.641,138.46
144.18,-52.335,40.833,158.66,-45.079,139.83
182.61,21.798,54.353,128.23,8.5277,136.6
143.44,3.7004,65.482,126.7,6.6971,176
126.53,-0.041275,-2.9698,126.53,2.627,199.78
190.89,-16.771,-41.019,127.38,4.2302,131.55
151.93,-67.08,25.87,161.8,-24.253,130.12
139.87,-57.577,19.783,175.83,-29.136,130.06
129.23,-30.915,3.4023,194.96,-12.422,126.95
128.45,12.499,-23.352,145.15,-65.181,171.56
132.77,-44.758,-7.0995,189.12,16.575,127.39
132.17,-37.247,22.267,176.56,-51.357,137.07
195.18,9.4106,-31.318,126.76,-1.6844,129.28
128.35,19.622,16.781,170.8,65.938,145.91
126.79,7.2643,7.1338,167.63,70.863,150.5
129.71,26.441,-20.653,172.23,-61.942,143.18
179.66,34.523,51.69,131.06,13.393,135.84
194.63,-28.723,19.068,128.87,-3.1091,127.52
186.26,13.793,51.343,127.15,4.7698,135.05
166.04,-67.862,24.165,149.59,-15.171,128.77
138.36,-58.4,-0.25298,182.73,0.41213,126.51
185.31,-25.242,-48.5,128.69,8.3035,134.12
131.12,-38.975,-7.3293,190.93,20.142,127.76
126.92,-1.5231,-12.342,127.91,22.5,197.03
178.94,-55.491,-29.705,138.14,11.925,129.4
128.81,-16.525,23.518,153.13,-69.186,162.16
187.33,6.7184,-50.906,126.66,-2.264,134.81
177.81,-63.161,-11.011,141.76,5.03,126.9
141.21,-61.563,12.512,177.26,-17.677,127.79
126.66,-7.4545,-1.629,196.87,25.255,128.27
128.67,-24.975,12.441,184.71,-48.845,134.59
128.16,24.291,3.3283,196.21,15.707,127.2
133.7,-39.216,-27.793,170.74,54.577,140.11
155.87,-62.581,37.712,153.51,-29.68,133.68
132.41,-32.233,30.232,163.97,-62.244,147.32
166.79,-69.713,16.953,150.29,-10.652,127.6
150.05,-68.613,18.193,166.06,-18.476,128.36
190.18,0.11268,45.864,126.51,0.032426,132.95
182.8,-48.013,-33.074,134.62,10.842,129.97
131.04,39.166,-3.509,192.51,-9.7985,126.8
132.24,41.451,-13.588,185.91,-32.721,130.11
198.53,15.988,7.5116,127.2,0.64548,126.66
175.06,-66.205,7.5673,144.21,-3.7976,126.7
166.37,-33.462,63.655,132.44,-22.052,145.17
138.67,58.802,3.7971,182.13,6.0868,126.65
128.49,23.332,-13.113,182.39,-53.191,136.48
187.5,-49.563,-12.211,134.38,3.7637,126.95
178.24,-48.463,41.297,135.61,-14.983,132.33
161.65,10.528,-72.39,127.2,-9.4693,155.55
127.1,14.805,-0.80595,198.75,-6.4359,126.62
169.4,-26.089,65.512,129.86,-16.595,145.4
137.19,-37.58,-41.802,155.02,57.6,150.4
126.52,-1.8429,0.61475,193.75,-37.074,130.49
139.66,32.853,-50.866,144.71,-52.814,158.27
150.57,45.832,-54.565,145.08,-41.385,146.42
144.21,13.592,65.009,128.93,22.891,172.04
126.51,1.115e-05,0.021071,126.51,0.10011,199.85
126.78,-4.6265,8.8576,145.26,-67.148,173.69
130.21,-20.18,-29.695,151.19,66.708,162.47
131.23,-11.699,38.317,133.44,-44.19,182.66
195.1,-31.801,8.7054,129.38,-1.5525,126.72
162.51,-68.106,-26.314,152.12,18.124,129.39
165.03,-72.378,-0.71501,153.2,0.48145,126.51
169.46,-9.0025,69.909,126.91,-6.2436,148.72
151.73,-63.449,33.633,158.7,-30.665,132.83
138.85,-56.286,18.445,177.47,-28.603,129.81
188.61,-39.843,28.533,131.54,-7.0681,128.92
196.77,-26.776,-0.84944,128.49,0.12474,126.51
126.51,-0.0014814,-0.92854,126.51,0.30182,199.85
150.71,-70.966,7.2087,167.39,-7.2908,126.79
129.59,32.813,-3.2649,194.54,-11.172,126.87
126.52,-2.2385,0.70892,194.29,-35.445,130.11
176.47,-59.011,28.192,140.31,-12.538,129.18
126.51,-0.00037153,-0.79056,126.51,0.088911,199.85
157.77,56.275,46.964,147.34,32.31,137.6
127.16,-0.015371,-15.603,126.51,0.1832,198.82
173.49,48.942,47.039,136.84,19.103,134.73
132.52,-37.465,-24.091,174.45,53.183,138.36
182.92,56.996,11.498,137.78,4.3612,126.91
130.18,-33.079,13.621,185.93,-41.114,132.14
126.57,1.8092,-4.468,139.18,-59.73,181.57
149.98,70.685,6.0572,168.31,6.2738,126.71
139.39,58.89,12.13,179.48,18.602,127.85
137.94,51.649,-25.571,173.59,-40.296,133.58
126.63,-6.38,2.4179,192.01,-41.177,131.55
133.74,44.171,-19.192,180.57,-39.945,132.45
126.63,6.6462,0.96299,198.43,17.064,127.3
128.51,-2.7672,-26.752,127.46,18.23,195.28
173.49,7.9964,67.411,126.8,4.8275,145.4
126.83,-10.845,-1.1515,198.69,12.543,126.93
197.61,-17.39,-14.971,127.34,1.42,127.12
126.61,5.6667,2.4259,190.21,45.406,132.82
128.1,22.919,7.5087,191.65,35.427,130.28
170.21,-50.133,-48.948,138.23,21.913,135.95
145.04,-36.3,56.599,142.12,-45.993,155.18
128.74,28.338,-0.19572,196.38,-0.79348,126.51
177.35,-41.646,-49.334,133.42,15.953,135.17
149.19,69.903,-9.0258,168.85,-9.5625,126.97
126.51,0.00028033,0.70555,126.51,0.07517,199.85
133.01,-41.81,19.334,180.51,-42.475,133.22
145.63,-61.658,28.173,166.43,-32.109,131.97
144.92,-43.637,51.011,148.67,-47.95,148.46
161.64,69.56,-22.648,153.8,-16.195,128.66
135.81,25.446,46.859,142.31,54.965,165.49
185.7,-53.66,6.6642,136.01,-2.2771,126.64
131.1,-19.361,34.486,145.2,-62.296,168.03
134.09,-40.653,27.553,171.47,-52.949,139.12
148.69,65.436,25.32,165.02,26.326,130.36
131,38.472,7.2938,191.09,20.348,127.78
196.44,-27.986,-2.8873,128.69,0.44502,126.53
189.07,-23.704,41.868,128.3,-6.2704,131.86
126.62,6.4858,-0.55194,199.24,-10.12,126.78
158.42,55.679,-47.72,146.5,-31.926,137.82
132.19,11.354,-41.953,131.94,-39.327,183.39
126.51,-0.0023681,0.81052,126.51,-0.55275,199.85
142.87,-64.091,-10.457,175.83,13.837,127.32
137.34,14.109,-54.722,130.84,-33.044,177.99
161.47,-29.98,66.754,132.04,-24.095,150.03
133.65,-47.858,2.2084,189.07,-4.8181,126.58
147.43,-39.266,57.081,142.51,-43.916,152.23
167.7,-61.586,36.041,144.96,-20.221,131.57
196.58,-15.948,-22.462,127.22,1.9905,127.9
169.28,66.472,23.737,146.95,13.585,128.58
128.72,-27.625,5.7076,194.05,-23.053,128.05
184.51,54.418,-12.775,136.5,-4.5188,127
127.34,13.352,11.408,171.87,67.285,146.14
188.53,-31.395,-37.829,129.66,7.5028,130.85
167.38,71.369,-4.2937,150.97,-2.7045,126.58
126.65,3.2583,-6.383,144.69,-66.749,174.55
126.76,-1.6512,9.5489,129.21,-30.899,195.29
131.43,-12.179,38.957,133.7,-44.733,182.03
192.76,-28.412,-27.887,128.9,4.6512,128.73
126.52,1.7757,0.053148,199.78,3.5818,126.54
168.32,-68.421,-19.222,148.61,11.492,127.88
142.22,-63.836,-6.2968,177.35,8.5922,126.81
176.76,-42.816,49.078,133.9,-16.483,135.14
126.74,-9.1937,-0.78639,199.06,10.15,126.79
199.07,-10.802,-8.3412,126.82,0.48135,126.7
140.51,51.221,-34.658,165.03,-46.044,137.94
170.76,69.25,8.2563,147.78,4.7074,126.75
134.38,-49.876,-0.59225,188.14,1.2239,126.51
135.23,19.035,-48.372,136.18,-47.418,173.68
189.8,46.054,-7.4579,133.04,-2.064,126.67
173.09,38.628,56.179,133.1,18.696,138.83
132.62,44.791,2.6643,190.45,6.3295,126.64
128.13,24.276,1.3253,197.15,6.3311,126.62
150.3,-65.717,27.192,162.78,-26.674,130.73
127.92,15.882,-16.293,165.04,-69.832,151.5
126.53,-2.7923,-0.0019838,199.82,0.085057,126.51
126.59,-0.00598,-5.3847,126.51,0.20969,199.73
126.52,0.016402,1.581,126.52,1.9621,199.82
130.5,-12.094,-35.126,135.23,49.007,181.25
171.58,-38.837,57.302,133.42,-19.87,139.72
126.52,-0.063716,1.5826,126.66,-7.5941,199.6
169.53,51.059,-48.533,138.85,-22.425,135.87
185.86,53.534,-5.4852,135.94,-1.8648,126.6
166.75,60.337,-38.854,144.72,-21.972,132.55
126.61,4.6018,-4.1186,171.05,-69.351,147.69
165.43,-55.822,45.867,142.81,-25.252,135.39
153.49,-72.208,6.2035,164.48,-5.7709,126.7
126.52,0.088185,2.1796,126.66,7.6303,199.59
128.59,26.968,4.7635,194.87,19.914,127.65
160.62,-50.16,-53.408,141.83,30.871,140.41
166.21,70.926,-12.232,151.44,-7.89,127.08
129.82,-33.777,-4.5363,193.76,14.929,127.16
128.39,26.132,-0.16037,196.92,-0.7097,126.51
179.71,-56.289,-26.227,138.27,10.49,128.73
143.95,37.978,-54.156,144.56,-48.265,153.7
135.99,-7.721,53.172,128.02,-20.616,183.73
126.53,0.12393,2.8284,126.69,8.2574,199.53
174.76,-65.37,14.169,143.91,-7.0868,127.18
128,-23.259,-1.617,197.25,8.0722,126.69
186.24,-50.818,15.737,134.97,-5.0764,127.24
165.8,71.367,-10.42,152,-6.8187,126.92
133.95,-22.938,43.018,142.65,-57.104,167.39
165.02,-68.183,24.298,150.44,-15.7,128.84
130.43,36.09,-7.4344,191.56,-22.251,128.01
134.08,11.763,-47.649,130.87,-34.768,182.28
126.52,-1.9185,0.16787,199.38,-10.422,126.8
143.76,-65.712,5.4538,175.58,-7.0068,126.72
134.9,-46.868,-20.606,178.96,39.364,132.49
137.44,-47.717,30.634,169.22,-47.915,137.53
182.95,48.615,-31.825,134.8,-10.518,129.7
186.76,5.6545,-52.021,126.62,-1.9699,135.26
146.05,47.62,-48.776,151.06,-46.201,144.98
148.77,30.453,-63.266,135.75,-37.077,158.39
141.44,-62.862,5.9438,178.36,-8.3793,126.79
181.77,25.27,-54.02,128.86,-9.9518,136.55
139.03,53.324,26.48,172.32,39.453,133.51
126.77,8.9419,4.1626,188.53,48.245,133.83
128,11.997,-19.993,148.65,-68.305,168.11
129.9,-31.167,14.778,184.02,-46.017,133.8
163.62,4.0162,-72.662,126.6,-3.426,154.4
157.77,70.025,21.659,157.6,17.333,128.64
148.95,-68.645,15.316,167.94,-16.207,127.86
133.07,7.8933,-45.549,128.8,-26.25,186.62
193.9,28.896,-22.593,128.93,-3.7532,127.94
183.78,-45.814,33.828,133.77,-10.434,130.1
127.36,-17.6,-2.6565,197.19,17.513,127.36
126.94,11.477,-5.4654,187.87,-48.895,134.12
139.29,-57.213,17.946,177.29,-27.293,129.53
187.73,50.598,-2.0836,134.67,-0.65133,126.52
129.05,-30.104,-1.0416,195.85,3.949,126.55
181.99,-57.997,-12.642,138.38,4.9542,127
149.62,57.141,-41.7,155.54,-38.419,137.44
171.65,67.938,13.051,146.61,7.1924,127.1
157.57,-66.533,-30.721,155.03,23.917,130.94
161.13,-53.112,-50.399,143.31,30.017,138.51
176.59,-51.802,39.74,137.24,-15.818,131.98
179.56,-9.6762,-61.514,126.87,4.6248,140.41
145.1,-66.21,-12.085,172.91,14.665,127.49
198.99,3.3518,13.905,126.54,0.24986,127.03
151.53,-48.987,52.384,146.72,-40.244,143.87
147.87,-64.242,-26.796,165.15,28.46,130.98
192.8,-7.3921,-39.014,126.67,1.7215,130.97
137.4,-31.707,-46.902,146.99,56.369,158.38
150.39,-66.324,25.808,163.25,-25.374,130.28
128.06,10.52,21.36,143.14,63.614,174.49
135.69,7.9756,-52.451,128.17,-21.699,183.91
199.52,-7.216,5.1972,126.65,-0.1991,126.58
133.37,-44.673,14.956,184.2,-32.578,130.2
141.53,62.027,12.419,176.92,17.31,127.74
195.4,-13.038,-29.173,126.99,2.1614,128.9
195.6,-17.527,25.91,127.38,-2.5641,128.38
126.55,3.9727,0.25958,199.53,7.7962,126.67
127.17,14.616,-5.6416,190.99,-41.376,131.69
127.16,6.4258,-14.242,141.36,-62.385,177.93
126.51,0.75322,0.0079064,199.84,1.257,126.51
190.11,24.285,-39.064,128.35,-5.8743,131.08
135.54,-48.701,-20.181,179,37.123,131.83
142.91,-59.905,-25.177,170.3,32.078,131.42
155.34,58.931,-43.023,151.14,-33.035,136.23
146.23,22.565,-64.489,132.36,-32.708,165.25
128.87,-28.082,-7.6399,192.2,29.635,129.14
126.51,0.00062682,0.52748,126.51,0.22482,199.85
127.3,-0.6324,-17.106,126.64,6.8344,198.41
135.91,48.846,21.911,177.46,39.147,132.62
129.94,-34.195,-5.6055,193.1,18.068,127.48
177.77,61.734,17.44,141.12,7.8285,127.5
150.44,-68.331,-19.972,165.17,19.956,128.72
126.52,-1.753,0.76095,190.11,-45.976,132.99
129.59,-28.568,16.466,180.45,-52.889,136.78
127.12,-7.5333,-13.016,148.04,68.984,169.97
145.98,-4.3614,-67.966,126.74,7.055,172.88
190.08,-14.374,-43.776,127.16,3.9356,132.34
183.14,30.986,48.842,129.93,10.631,134.42
152.95,6.6079,-71.988,126.88,-8.1219,164.82
138.36,-56.382,-15.182,179.49,24.321,128.8
140.23,57.827,20.709,175.02,29.931,130.33
176.04,-21.322,62.235,128.41,-11.037,141.49
131.69,-41.712,-1.3295,191.94,3.4599,126.55
140.14,-51.844,-32.7,166.85,44.739,136.79
133.27,-40.98,-22.639,176.97,47.806,135.62
126.52,-0.032763,-1.7152,126.54,3.611,199.78
152.52,68.676,-22.057,162.51,-20.561,129.05
146.12,-19.148,65.48,130.78,-28.707,167.39
196.78,-11.178,24.26,126.86,-1.5058,128.13
153.96,67.032,27.929,159.21,24.449,130.49
198.24,16.641,-10.138,127.26,-0.91078,126.79
152.67,-67.386,25.89,161.11,-23.735,130.04
155.54,22.305,69.513,130.3,23.26,157.83
129.13,-11.661,-28.235,138.78,56.778,178.49
168.09,-68.04,-20.895,148.5,12.507,128.14
133.66,-21.647,-42.782,141.55,56.282,169.06
178.71,22.069,-59.204,128.43,-10.219,139.36
171.76,52.637,-44.78,138.89,-20.127,134.08
132.05,-39.157,-17.772,182.02,42.703,133.08
126.61,-5.3407,3.0028,184.78,-55.193,136.72
155.01,-22.708,-69.264,130.51,24.041,158.11
135.73,-19.448,49.461,136.04,-46.79,173.22
126.9,11.524,3.5534,194.01,34.386,129.92
170.03,-20.464,67.12,128.55,-13.252,146.34
128.96,-26.517,-13.251,184.26,48.674,134.6
152.05,-7.6276,-71.539,127.03,9.6653,165.61
126.54,-0.15863,-3.3501,126.72,8.9167,199.47
133.59,37.692,-29.318,168.37,-57.028,142.2
179.43,-11.536,-61.332,127.03,5.5056,140.33
167.8,33.954,62.711,132.38,21.185,144
148.73,-69.515,-9.7092,169.27,10.435,127.05
127.45,-18.557,-1.5652,197.97,9.8781,126.78
147.55,-62.653,29.781,164.01,-31.575,132.17
167.92,61.176,36.542,144.63,20.292,131.7
126.51,-0.0058539,0.53574,126.52,-2.0668,199.83
198.49,-17.806,-2.256,127.36,0.21579,126.52
157.12,25.664,68.598,131.22,24.736,155.14
155.39,-54.794,-48.197,148.01,35.076,139.07
173.9,34.642,58.019,131.73,17.154,139.63
199.5,-8.0143,4.5316,126.68,-0.19284,126.56
171.73,58.199,37.294,141.51,18.201,131.62
189.55,3.3757,-47.046,126.55,-1.0081,133.35
157.04,24.503,-69.013,130.82,-23.895,155.69
126.51,-0.026523,0.6378,126.67,-7.8439,199.59
158.67,-73.041,6.5843,159.1,-5.2746,126.7
142.49,-60.257,-22.937,171.83,29.953,130.64
179.59,-48.53,38.958,135.37,-13.758,131.57
155.48,69.114,23.475,159.26,19.96,129.17
126.52,1.3798,1.0382,176.87,65.001,142.94
178.11,-50.773,38.643,136.49,-14.636,131.57
157.29,-73.027,-5.8252,160.55,4.8543,126.66
127.99,-21.21,-9.6619,187.25,46.366,133.45
126.52,-0.023572,1.4434,126.54,-3.0878,199.8
162.69,61.35,-39.52,147.52,-25.14,133.27
197.68,-21.234,-7.6697,127.74,0.88439,126.67
126.51,-1.8585e-05,-0.035571,126.51,0.098854,199.85
160.3,-66.516,30.785,152.68,-22.148,130.69
133.8,-45.559,16.165,183.03,-33.919,130.6
127.88,10.128,-19.969,143.97,-64.687,173.73
133.08,44.816,11.476,186.7,25.859,128.73
149.9,-24.866,66.397,132.42,-30.859,161.13
140.62,-61.967,-1.7617,179.77,2.5795,126.54
127,0.047484,13.477,126.51,0.65809,199.08
138.33,-56.048,-16.188,179.07,25.906,129.13
167.17,-31.275,64.395,131.59,-20.512,145.4
126.54,-0.022473,3.5284,126.51,-1.2039,199.79
163.19,-61.497,39.1,147.32,-24.588,133.05
173.07,59.3,-33.67,141.56,-16.182,130.55
126.56,2.1303,3.6629,148.48,69.968,170.21
139.72,-57.459,19.418,176.15,-28.824,129.96
126.51,-2.41e-05,0.2671,126.51,-0.017071,199.85
129.12,19.4,-23.533,158.25,-69.284,156.54
181.35,-17.18,57.664,127.61,-7.3594,138.21
181.1,34.014,49.999,130.8,12.392,135.03
126.95,12.731,1.7435,198.06,16.058,127.21
179.72,-47.135,40.407,134.86,-13.871,131.97
127.13,14.172,-5.4546,191.09,-41.31,131.67
167.68,2.3733,71.327,126.54,1.7676,150.75
126.51,-0.00019137,-0.60175,126.51,0.060168,199.85
133.07,13.287,-44.276,132.91,-41.626,180.85
126.83,-8.8411,-6.6042,176.74,64.378,142.69
140.75,-57.352,24.055,172.72,-33.578,131.57
134.29,-49.14,-6.9935,187.25,14.485,127.2
136.17,-53.589,7.4939,184.72,-13.715,127.17
151.4,-68.843,19.904,164.23,-19.305,128.64
175.29,-21.192,-62.972,128.43,11.297,142.09
157.91,-3.5311,73.222,126.6,-3.6602,160
135.61,45.918,26.217,173.63,46.506,135.84
199.42,9.2425,-4.0251,126.74,-0.19768,126.55
126.54,-0.88448,2.9644,134.02,-48.901,188.62
169.27,-35.504,-61.009,132.66,20.661,142.44
128.37,25.811,-3.1069,196.12,-13.785,127.04
126.65,7.2005,1.6688,196.55,26.681,128.48
160.05,50.673,-52.978,142.41,-31.387,140.33
181.89,56.543,-18.499,137.84,-7.1107,127.57
194.76,-28.664,18.436,128.86,-2.9936,127.45
135.57,-12.348,51.307,130.51,-32.73,180.78
134.93,46.864,20.794,178.79,39.612,132.58
126.51,-0.57605,-0.48669,173.12,68.156,146.04
177.49,-36.39,53.161,131.8,-15.156,136.72
166.27,-50.929,50.826,139.9,-25.442,137.51
128.41,23.4,-11.884,184.66,-49.766,134.89
128.58,20.646,-17.897,170.13,-65.927,146.22
127.46,-17.895,-5.5521,193.13,34.208,129.94
183.01,51.34,-27.044,135.71,-9.3642,128.79
126.55,3.9766,0.4302,199.09,12.841,126.95
175.19,30.326,-59.216,130.41,-15.008,140
167.01,43.391,-57.024,136.16,-24.465,140.66
157.72,72.737,9.0263,159.85,7.411,126.87
185.77,-34.675,41.34,130.56,-9.4955,131.88
143.02,-50.13,-41.544,158.25,47.335,141.32
140.1,61.092,4.0765,180.27,6.1043,126.65
181.22,18.766,-57.341,127.83,-8.0035,138.08
131.74,37.626,-18.469,181.08,-45.499,134.08
129.31,12.397,29.006,139.42,57.605,177.42
128.64,27.706,0.58835,196.52,2.4436,126.53
127.44,-13.917,12.246,170.79,-67.823,146.96
197.44,-10.556,21.287,126.82,-1.2342,127.75
126.92,12.384,0.51318,199.1,4.9195,126.57
196.4,-17.424,22.253,127.36,-2.159,127.87
193.38,12.896,-35.905,127,-2.7279,130.24
147.87,-65.898,-22.412,166.92,24.159,129.59
157.68,-33.956,64.952,134.49,-29.626,150.83
137.47,-56.506,5.3606,183.48,-9.1315,126.81
167.21,66.46,-26.568,148.05,-15.969,129.21
126.53,-0.034841,-3.0279,126.52,2.1752,199.79
149.54,-50.561,49.402,149.81,-41.984,142.78
149.18,-65.891,-24.997,164.69,25.613,130.19
142.31,-64.093,4.5227,177.45,-6.1573,126.66
128.65,-24.718,12.633,184.23,-49.756,134.96
157.86,-34.898,64.464,134.88,-29.948,150.23
127.6,-16.667,11.229,178.88,-60.238,140.13
142.65,-62.261,17.512,174.02,-23.077,128.85
173.58,-63.155,-24.716,143.26,12.346,128.63
148.18,-28.308,-63.828,134.76,36.046,160.18
192.64,-33.111,22.634,129.75,-4.3795,127.96
167.13,62.718,34.558,145.89,19.937,131.19
126.6,-0.15739,5.8927,126.58,-5.0348,199.6
129.7,-25.974,-21.21,170.88,63.053,144.32
152.79,-72.018,-5.5752,165.27,5.2979,126.67
149.5,39.728,-58.445,141.37,-41.422,151.34
149.04,-38.188,59.125,140.59,-41.411,152.66
127.54,18.923,4.7897,194.67,28.462,128.83
126.6,3.6123,4.67,157.93,73.166,159.97
193.39,36.197,-11.967,130.33,-2.4865,126.91
183.48,48.058,31.33,134.53,10.142,129.58
127.64,-15.668,-13.042,172.42,66.257,145.34
167.79,-71.31,0.91717,150.68,-0.57181,126.51
146.39,-24.247,64.016,133.19,-34.381,164.05
197.21,15.481,19.398,127.17,1.6511,127.53
164.12,-55.726,46.604,143.36,-26.524,135.95
142.98,56.556,32.17,165.94,39.528,134.81
194.08,-6.8777,35.49,126.65,-1.4239,130.13
128.24,-6.0078,-24.357,131.59,40.401,189.54
182.4,38.545,44.447,131.84,12.046,133.01
192.99,-38.709,-6.2854,130.9,1.4007,126.62
136.33,54.296,4.1086,185.18,7.472,126.7
160.26,-57.281,-45.733,146.39,29.595,136.34
130.91,38.683,3.2353,192.75,9.1764,126.76
128.77,2.7266,-28.36,127.32,-16.87,195.09
148.99,65.904,-24.635,165.01,-25.424,130.1
132.46,-42.942,-11.108,187.48,26.415,128.79
141.82,61.416,-16.645,175.23,-22.736,128.72
146.43,12.985,67.246,128.46,20.01,170.05
150.66,-69.188,17.256,165.68,-17.227,128.14
139.38,58.478,13.911,178.89,21.272,128.29
135.1,-11.457,50.393,130.15,-31.587,181.9
151.53,-59.728,-39.708,155.6,35.064,135.66
161.79,61.786,39.126,148.36,25.639,133.25
164.44,-55.747,46.44,143.22,-26.213,135.81
137.03,53.457,16.343,180.28,27.975,129.48
143.46,10.636,-64.742,128.06,-18.804,174.1
126.52,-0.0042355,2.3499,126.51,-0.34087,199.83
126.61,5.1669,3.3946,180.77,60.6,139.75
127.53,-11.599,15.606,155.87,-71.561,160.91
143.33,-54.184,36.726,162.36,-43.232,137.45
165.9,68.617,22.098,150.16,14.033,128.4
133.49,44.313,16.973,182.57,36.353,131.25
140.92,-61.747,-9.1932,178.43,13.211,127.21
130.62,-20.163,31.786,148.87,-65.209,164.49
128.03,22.361,-7.4081,191.64,-35.821,130.37
156.45,72.84,-6.8197,161.34,-5.8173,126.72
144.44,7.861,-66.189,127.31,-13.461,173.93
148.88,-67.112,-20.891,166.45,21.881,129.07
132.22,30.04,-31.542,160.57,-63.947,150.66
199.24,-11.892,2.2502,126.89,-0.14247,126.52
126.6,4.1026,4.1432,166.81,71.569,151.46
133.13,-44.879,11.868,186.43,-26.596,128.87
126.59,-3.1142,4.648,152.98,-72.19,165.16
126.84,11.093,0.45268,199.23,4.8522,126.57
164.97,-67.447,-26.313,150,16.891,129.26
179.83,53.794,-30.745,137.26,-11.806,129.58
132.38,29.424,-32.836,158.5,-64.193,152.44
126.85,5.8131,-9.6208,149.5,-70.24,168.67
149.58,69.373,13.711,167.62,14.259,127.57
129.84,22.545,-25.708,159.78,-67.982,154.17
129.89,-34.029,-5.0736,193.43,16.503,127.31
195.02,8.6859,-32.079,126.73,-1.5975,129.42
180.46,-26.437,-55.243,129.15,10.929,137.24
129.91,-29.324,18.228,178.27,-55.007,138.11
127.13,-1.9053,15.123,127.96,-22.82,196.62
141.72,57.331,-27.32,170,-36.145,132.76
172.37,68.689,0.93788,146.68,0.51288,126.51
140.7,58.083,22.02,173.9,31.039,130.72
126.93,12.487,1.2577,198.59,11.885,126.89
133.76,-48.217,-0.90698,189,1.9622,126.52
129.03,-22.896,19.39,170.42,-64.796,145.46
126.51,0.0016563,-1.0386,126.51,-0.3017,199.85
170.54,-62.439,31.365,144.14,-16.628,130.12
130.93,19.622,-33.602,146.34,-63.328,166.93
183.6,-42.431,38.376,132.79,-11.086,131.2
131.56,14.41,-38.674,136.22,-50.268,178.48
163.5,-33.002,64.892,132.78,-24.061,147.34
173.74,-60.341,-30.68,141.82,14.731,129.81
126.82,8.5361,-6.5193,176.07,-65.046,143.25
128.36,5.8901,-25.247,131.08,-38.472,190.1
150.14,-70.052,-11.767,167.38,12.054,127.27
192.32,27.627,30.21,128.79,4.9432,129.14
127.11,-0.02535,15,126.51,-0.3147,198.9
126.52,0.00032766,1.9077,126.51,0.032487,199.84
134.14,-7.5908,-48.649,128.33,23.173,185.82
184.26,-0.23593,56.262,126.51,-0.093569,137.21
159.95,73.31,0.92964,158.07,0.72046,126.51
197.17,-20.234,-14.686,127.64,1.6291,127.09
127.32,17.214,-2.5158,197.33,-16.986,127.3
138.99,-48.494,34.44,165.41,-48.756,139.12
136.38,54.567,0.58452,185.38,1.0609,126.51
132.49,19.265,40.034,140.87,56.624,171.39
140.93,40.546,-47.475,151.1,-52.89,150.22
150.92,-31.729,64.003,135.59,-35.395,156.31
156.28,61.026,-40.302,151.94,-30.778,134.71
126.58,-0.14566,5.065,126.59,-5.4233,199.62
126.52,0.00013492,1.7549,126.51,0.014542,199.84
129.94,-34.041,-6.6239,192.51,21.282,127.86
159.27,-54.319,-49.274,145.09,31.543,138.42
175.87,-56.074,34.685,139.2,-14.982,130.65
149.47,26.39,65.538,133.28,32.773,160.56
127.52,19.232,1.9221,197.69,11.666,126.88
151.85,-58.08,42.32,153.81,-36.257,136.94
139.97,-49.828,35.25,164.57,-47.623,138.86
129.73,-25.9,21.464,170.4,-63.374,144.7
134.08,45.574,18.277,181.24,37.267,131.62
169.53,-64.229,-28.939,145.56,16.047,129.61
167.4,-59.136,40.176,143.74,-22.013,132.93
194.32,-3.3513,35.279,126.54,-0.68733,130.08
146.7,36.928,57.941,141.29,43.945,154.32
134.06,45.449,-18.407,181.14,-37.578,131.72
154.43,-4.2171,72.626,126.65,-4.935,163.54
186.54,-33.309,-40.832,130.19,8.8962,131.7
157.2,19.093,-70.718,129.13,-19.222,157.57
136.36,50.13,-21.44,177.59,-37.406,132.09
128.71,-2.8662,-28.017,127.43,17.94,195.01
171.29,-39.847,56.835,133.83,-20.311,139.53
131.85,17.276,-38.622,139.52,-55.473,173.87
194.98,-33.29,2.4825,129.66,-0.46347,126.53
129.1,-29.813,-6.0684,193.55,22.566,128
129.42,30.717,-9.4403,190.39,-32.678,129.8
145.79,55.259,39.515,159.11,41.844,137.89
126.66,-7.2785,1.5268,197.09,-24.308,128.14
126.53,0.094519,2.8483,126.61,6.2628,199.65
126.52,0.042091,-2.1813,126.55,-3.6473,199.77
184.99,53.733,-12.559,136.17,-4.3544,126.98
126.51,0.026147,-1.1067,126.56,-4.4653,199.76
139.37,40.269,-44.617,153.6,-54.734,149.41
135.25,26.827,44.588,145.05,57.681,163.04
126.77,8.1209,5.7097,178.64,62.607,141.24
126.51,0.0087914,0.9847,126.52,1.6888,199.83
135.71,-52.872,-4.8104,185.89,9.0798,126.79
128.74,28.075,-3.5451,195.49,-14.347,127.09
169.01,-0.83289,70.721,126.51,-0.59336,149.59
195.11,-28.57,16.394,128.83,-2.6373,127.25
187.39,42.727,-28.292,132.42,-7.6456,128.91
179.11,29.759,-55.249,129.95,-12.596,137.42
135.68,-53.025,-0.63043,186.34,1.1942,126.51
199.52,3.711,-8.1162,126.55,-0.16004,126.68
145.59,45.285,-50.403,149.42,-47.086,147.03
197.54,21.312,9.3925,127.75,1.0896,126.75
190.06,30.207,-34.837,129.35,-6.4723,130.11
127.47,18.59,-2.8589,196.99,-17.799,127.39
194.53,29.044,19.187,128.93,3.168,127.53
180.89,-50.611,-33.561,135.86,11.97,130.15
138.5,56.455,15.825,179.06,25.14,128.98
130.6,-33.741,16.514,182.56,-46.442,134.15
158.45,42.026,-60.094,138.24,-32.122,146.02
130.55,32.922,-17.603,180.91,-49.427,135.44
174.05,-29.6,60.613,130.33,-15.42,141
179.81,61.831,4.3172,140.54,1.8617,126.57
135.6,-36.06,38.616,157.3,-59.498,149.96
188.79,-47.761,9.3169,133.66,-2.7134,126.76
128.57,3.9264,27.004,128.35,25.144,193.83
199.09,-7.1384,11.345,126.65,-0.43304,126.85
127.73,1.6907,21.121,127.09,14.505,197.04
126.77,-9.5158,-2.6661,195.06,31.661,129.35
126.51,-0.24106,-0.47345,144.68,66.89,174.75
145.61,-0.028893,67.777,126.51,-0.047658,173.63
149.11,-65.877,-24.917,164.79,25.593,130.17
128.72,17.456,-22.136,157.04,-69.903,158.24
170.71,48.763,49.9,137.48,21.563,136.28
130.15,29.21,20.401,174.96,58.306,140.46
138.41,-57.601,10.08,181.25,-16.267,127.5
127.58,1.5142,-19.838,127.04,-13.898,197.34
182.15,50.981,-30.007,135.75,-10.502,129.36
131.25,40.11,1.5723,192.55,4.2894,126.57
190.95,2.4789,44.108,126.53,0.67607,132.39
134.13,8.2394,-48.54,128.65,-25.039,185.35
128.1,10.177,21.874,141.73,61.922,176.17
131.3,-33.025,23.171,173.57,-57.08,140.35
129.54,32.122,-6.2599,193.09,-21.477,127.87
138.48,57.919,-8.9117,181.48,-14.353,127.28
190.96,-43.816,5.44,132.31,-1.4091,126.59
137.02,27.524,-48.629,142.77,-54.177,163.51
127.49,14.145,12.705,170.05,68.193,147.55
157.18,72.846,7.6655,160.52,6.3989,126.78
153.24,-1.7069,-72.374,126.53,2.0892,164.95
141.97,-63.53,-6.1482,177.68,8.478,126.8
147.83,-69.526,2.6714,170.97,-2.9721,126.55
152.3,53.097,48.702,149.26,38.554,140.7
185.72,-1.9582,-54.009,126.52,0.72373,136.12
189.76,-46.249,-6.7484,133.1,1.8762,126.64
140.4,-2.3964,61.631,126.61,-5.0365,179.94
126.77,7.8603,-5.9983,176.15,-65.084,143.24
152.88,-25.482,67.624,131.97,-28.372,158.54
163.88,9.6099,72.071,127.05,8.0404,153.63
182.12,32.343,-49.589,130.31,-11.479,134.78
147.58,-33.267,60.902,138.1,-40.65,156.94
146.92,65.009,22.797,167.7,25.339,129.82
136.18,-40.888,-35.486,162.9,56.107,144.18
172.9,61.708,-29.317,142.8,-14.598,129.55
147.03,27.983,-63.04,135.05,-37.25,161.09
196.35,17.402,22.545,127.36,2.1865,127.91
151.92,-70.011,16.34,164.6,-15.721,127.91
182.54,-46.829,-35.315,134.28,11.383,130.49
127.39,-17.605,-4.2155,195.24,27.122,128.6
127.63,18.282,8.9296,186.45,49.145,134.41
186.71,18.666,-48.979,127.67,-6.0779,134.18
176.89,-18.117,62.432,127.86,-9.2631,141.42
192.32,-29.063,28.834,129.03,-4.9543,128.9
194.4,-18.832,-29.724,127.54,3.2241,129.01
194.17,-23.419,27.211,128.1,-3.6698,128.6
160.71,70.243,-20.813,155.06,-15.361,128.35
132.43,8.1042,-43.514,129.19,-28.482,186.95
194.83,18.253,-28.518,127.47,-2.9773,128.8
172.91,68.308,0.71757,146.22,0.38618,126.51
190.67,-21.629,39.237,127.96,-5.2163,131.1
126.61,6.016,1.6969,195.23,31.944,129.4
186.47,-52.73,-2.9673,135.56,0.98435,126.54
129.99,34.88,-0.53806,194.49,-1.7307,126.52
190.44,20.219,-40.539,127.78,-5.0669,131.44
183.57,-56.029,11.739,137.27,-4.334,126.93
130.01,34.187,-7.4219,191.93,-23.564,128.18
142.41,58.418,27.06,169.64,34.879,132.4
177.8,55.741,-31.685,138.53,-13.072,129.86
177.64,-21.526,60.572,128.38,-10.453,140.26
160.31,-68.69,-25.569,154.25,18.798,129.35
137.29,-48.833,28.253,171.53,-45.254,135.82
129.73,-29.035,-17.032,179.88,53.322,137.07
131.87,-33.514,-25.939,170.25,59.006,142.47
132,42.452,-5.5592,190.63,-13.969,127.12
126.59,-4.6552,-3.0771,180.63,60.826,139.88
126.51,-3.785e-05,0.23952,126.51,-0.029898,199.85
155.5,38.311,-62.134,137.4,-33.921,149.71
141.96,-61.937,-15.37,175.52,20.93,128.37
130.03,-25.488,-24.073,165.92,65.6,148.26
154.88,-50.796,-52.237,145.52,36.551,141.91
187.45,-50.832,5.6518,134.78,-1.7832,126.6
133.18,-46.442,-3.4795,189.54,7.8745,126.71
132.14,-14.834,-40.693,135.73,48.842,178.34
145.36,-23.944,-63.156,133.4,35.408,164.95
171.13,-69.413,-3.7427,147.69,2.1201,126.56
134.15,22.125,-44.042,141.2,-55.437,168.86
144.11,16.4,-64.25,130.03,-27.23,170.69
134.87,17.214,-48.117,134.82,-45.025,175.91
131.16,37.156,14.208,185.64,38.018,131.37
160.36,-51.72,-51.929,142.88,30.981,139.6
189.99,-24.179,39.421,128.34,-5.9158,131.18
132.8,-45.202,-4.3022,189.91,10.054,126.83
143.9,63.334,18.895,172.2,23.646,129.08
187.76,-29.78,40.892,129.39,-7.8255,131.66
156.42,70.079,20.988,159.04,17.493,128.58
137.54,-38.26,42.1,155.08,-57.086,149.96
148.64,40.928,56.946,142.86,42.892,150.63
131.58,41.341,0.47637,192.15,1.2543,126.51
199.09,3.9049,12.854,126.55,0.26861,126.95
190.97,39.478,19.746,131.24,4.6456,127.63
129.33,28.873,12.883,185.83,44.485,133.1
129.39,-21.973,-23.183,162.79,68.023,151.86
138.05,57.841,-0.7967,183.13,-1.3186,126.52
189.57,-40.052,24.839,131.5,-6.0751,128.31
156.28,-66.766,-29.847,156.46,24.215,130.81
158.83,35.415,-64.222,134.84,-29.272,149.35
132.91,24.658,38.531,147.88,61.965,162.74
139.49,-51.367,31.547,168.05,-44.714,136.46
128.31,-6.3271,24.8,131.91,-41.442,188.98
131.7,32.037,-26.848,168.08,-61.058,144.49
131.16,-24.451,31.396,154.89,-66.206,157.45
179.45,12.769,61.068,127.15,6.0601,140.19
128.73,-8.3167,26.989,134.02,-47.398,185.4
127.18,2.4112,-15.598,128.66,-27.596,195.48
126.89,7.3844,-9.4482,158.08,-72.724,159.45
144.31,-43.093,50.674,148.89,-48.687,148.86
135.51,-49.49,17.942,180.63,-33.361,130.68
132.24,-41.331,14.023,185.55,-33.691,130.35
128.08,13.49,19.818,152.56,70.006,163.69
148.99,-67.611,19.464,166.79,-20.39,128.72
130.52,11.338,35.479,134.16,46.502,182.66
128.88,19.506,21.664,161.46,69.234,153.71
156.98,63.021,37.288,152.86,28.49,133.3
176.55,-52.742,38.544,137.63,-15.59,131.64
155.07,-9.3283,-72.306,127.19,10.555,162.17
143.86,-43.134,50.01,149.51,-49.235,148.71
129.34,-28.142,-14.539,183.13,49.456,135.05
195.39,0.58611,32.002,126.51,0.10702,129.4
134.53,9.6039,49.329,129.27,28.031,183.93
129.82,22.28,-25.83,159.24,-68.089,154.72
146.37,-67.704,-9.9762,171.89,11.607,127.14
166.1,-64.899,-31.214,147.73,18.947,130.35
142.82,-63.669,12.415,175.44,-16.42,127.66
151.65,-23.281,-67.893,131.32,27.55,160.61
188.92,-21.274,43.482,127.96,-5.8771,132.32
131.24,39.984,-3.1403,192.31,-8.5671,126.73
147.69,-53.921,-43.809,154.97,42.003,139.75
132.77,45.091,4.5587,189.89,10.677,126.87
164.66,59.103,41.979,145.05,24.648,133.93
139.05,-59.361,4.9802,181.5,-7.8292,126.74
190.7,-36.361,26.045,130.55,-5.7017,128.47
126.52,-1.1673,0.76496,180.96,-60.629,139.71
130.39,32.436,-17.129,181.35,-49.164,135.26
127.68,-19.335,-7.4687,190.26,41.003,131.67
178.37,-34.904,-53.101,131.29,14.291,136.58
168.87,48.721,51.364,137.99,23.197,137.26
192.65,-35.695,18.242,130.27,-3.7896,127.45
126.93,-1.8451,-12.456,128.5,26.699,196.1
130.19,19.759,29.864,150.38,66.428,163.37
126.98,13.193,-1.0593,198.73,-9.4904,126.75
