3615.9,-3318.8,-1601,221.81,48.978,171.82
4936.2,383.39,-1471.3,163.83,-3.7743,170.41
2458.7,-4148.7,-1825.4,320.91,104.62,174.66
179.7,22.092,2151.7,170.3,1327.3,4503.3
2510.7,-4101.3,-1862.6,313.33,103.63,175.18
539.33,4849.8,669.2,1549.8,211.48,164.87
707.97,2717.4,-4171.5,664.71,-958.78,292.84
995.79,2355.3,4410.2,424.34,676.84,326.14
1537.1,-3766.9,3139,434.44,-310.84,206.37
247.78,-3230.6,-2148,2836.9,1880,196.05
2700.2,146.04,-4392.8,163.58,-14.403,311.99
1488.4,4875.6,-631.45,562.54,-66.714,164.59
3779.2,863.44,-3410.1,167.56,-32.887,217.63
196.69,63.298,-2874.9,188.63,-2143.4,3714.3
1511.9,2720,4087.9,337.71,388.81,269.89
2586.8,-4422,-595.53,323.97,32.539,164.44
3384.2,2259.8,3175.7,196.48,85.284,207.25
4728.9,455.55,2026.1,164.1,6.7185,177.59
2302.1,-4351.2,-1529.5,349.96,96.218,171.05
609.21,4004.6,2895,1126.4,797.2,200.82
844.93,4571.8,2023.5,915.48,392.3,178.16
5028.9,-1164.9,-177.4,167.67,1.3016,163.44
2939.1,2923.5,-3072.3,230.57,-120.69,203.36
1001.4,-3838.7,3202.8,655.34,-512.81,210
4667.9,-1809.3,-1269.3,175.19,16.07,168.51
3741.2,-467.84,3527.1,164.61,-19.145,223.77
1036.4,-2917,4057.2,493.35,-610.98,269.51
2909.5,-3711.7,2093.1,265.02,-92.683,178.72
3668.4,-3544.1,-797.52,227.23,24.711,165.33
1066.4,721.87,4941.9,197.99,432.89,652.71
3081.2,2891.7,2962.5,224.15,107.7,199.53
3978.2,-1681.9,-2829.7,177.36,45.312,195.32
1012.3,-4107.5,-2848.8,691.14,452.56,196.97
2332.7,-369.9,-4582.3,165.39,50.499,357.2
2385,-4551.7,-418.52,352.58,25.461,163.88
253.63,-191.67,-3942.1,229.6,2332.2,2366.5
2208.1,1759.8,-4311.4,209.09,-199.65,298.49
1499.9,4593.7,-1743.2,529.09,-181.64,173.65
2858.4,4245.5,-651.9,292.79,-30.967,164.66
1420.7,-4687.3,-1537.9,566.55,170.43,171.21
244.1,3161.2,-2169.8,2851.1,-1950.5,198.01
1996.7,-1974.2,4317.9,230.09,-249.61,299.98
4703,-656.02,2031.2,164.92,-9.7577,177.67
223.43,-3359.9,1053.2,3603.5,-1127.3,171.16
5072.9,915.54,326.81,165.98,1.8709,163.67
4467,1.321,2591.7,163.34,0.028064,188.87
498.61,-4047.7,-2685.3,1412.9,924.81,195.62
1813.6,-1080.2,-4694.1,190.32,217.88,399.26
2674.1,2187.3,-3830.4,211.18,-148.58,244.03
1368.2,-3952.8,2971.5,502.58,-337.9,200.41
4015.4,-1389.3,2934,172.86,-39.087,198.55
1395.1,-4317,-2399.5,534.52,269.36,184.81
180.13,75.214,-2174.9,229.9,-3292.1,3327.8
4016.1,-649.53,-3179.9,165.47,20.682,207.38
1834.7,4785.5,-477.79,457.88,-39.898,164.05
1359.8,2007.7,-4521.3,292.74,-454,346.21
4636,-2223.7,485.72,181.18,-7.4096,164.07
4162.3,-3050.9,-181.17,202.57,4.2085,163.44
189.31,2589,-325.53,4421.9,-555.24,164.62
1130,1245.2,-4829.3,244.47,-524.88,498.84
1952.5,-1334.6,4574.5,198.07,-217.22,356.33
603.23,-4935,181.04,1397.7,-50.573,163.45
389.15,4674.4,-71.92,2167.8,-33.164,163.36
2699.3,206.25,-4390.9,163.82,-20.318,311.65
4253.5,-2184.2,1950.4,183.65,-34.259,176.42
1338.9,-1977,-4539.6,292.79,463.08,351.53
523.65,3748.5,-3128.2,1241.4,-1018.1,211.99
543.22,-2396.4,-4272.8,772.99,1316.7,328.19
188.39,-2344.4,1058.1,4082.4,-1839.5,179.18
3006.5,-2506.3,3362.7,212.78,-117.25,215.42
612.74,-4821.6,-1089.9,1343.5,299.21,167.4
547.29,-1108.2,4775.2,383.11,-1350.7,657.26
4750.8,1916.6,-656.66,176.15,-8.4558,164.68
4805.1,1629.4,965.2,172.49,10.548,166.27
1557.6,-4894.2,185.85,541.32,-18.684,163.45
370.57,1146.3,4480.1,586.14,2112.9,634.48
2098.8,-4281.9,1950.8,372.03,-136.82,176.49
1270,-2122.3,4488.7,320.06,-500.63,339.03
4477.1,854.81,-2428.1,166.29,-16.635,185.1
4260.3,-278.93,2905.1,163.69,-7.2875,197.61
724.23,4708,-1631,1102.1,-373.4,172.66
768.26,1294.7,4820.2,325.64,907.32,550.86
4917.6,1106.2,-1127.4,167.43,-8.2278,167.38
2513.7,1193,-4341.9,180.87,-121.43,303.1
170.88,-1488.5,-288.24,4847.5,937.59,166.37
2681.4,-4322.9,854.73,310.29,-44.351,165.63
2385.8,4156.7,1900.5,328.71,113.18,175.73
179.08,-2101.7,246.02,4679.5,-547.11,164.45
4144.6,3080,-36.295,203.56,-0.85428,163.34
1284.8,-426.75,-4944,172.26,201.23,622.7
773.82,-251.55,-4985.6,172.14,339.76,1034.6
2302.3,-4476.3,1111,357.83,-70.309,167.28
312.56,-1048.6,4268.9,663.16,-2536,664.85
2849.5,2504.8,3496.5,217.63,132.67,222.22
1978,-475.51,-4731.4,168.03,91.932,414.64
2501.2,579.68,4472.3,167.69,66.217,328.58
3298.6,-3716.6,-1395.4,246.24,51.772,169.66
944.37,-1113.1,4876.2,254.73,-657.09,572.88
795.71,269.87,-4987.6,172.87,-342.53,1001.9
325.45,354.88,-4444.6,262.84,-2020.6,1611
1156.9,939.37,4894.3,211.25,442.63,563.86
631.93,-4799.7,-1219.9,1294.6,323.79,168.45
3480.3,-1911.3,3298.8,186.4,-74.673,212.43
4660.1,-2111.1,707.54,179.34,-10.245,164.9
917.74,-2949.6,4039.7,557.94,-698.64,269.14
1795.3,-4670.3,1204.5,456.89,-102.77,168.01
1164.6,-4972.2,319.73,723,-44.118,163.66
276.19,-3132.1,2736.5,2302.9,-2002,216.67
1725.2,-3130.6,3700.1,339.6,-308.52,235.22
3286,3620.2,-1654.4,243.19,-61.002,172.45
1553.1,-4871,522.02,540.42,-52.626,164.19
163.64,196.31,-243.1,3241.7,-4004.1,259.78
443.55,-178.45,-4781.2,177.98,752.12,1745.7
3477.1,-3682.7,997.58,238.06,-34.129,166.48
1056.7,-328.67,-4984.4,171.24,234.19,761.6
2768.4,1413.6,-4117.2,183.47,-110.82,271.32
1612.7,4728.1,-1215.4,508.3,-117.17,168.11
2849.3,-4299.5,-122.43,296.03,5.8631,163.39
1917.4,4141.8,2383.7,389.98,185.07,184.3
3926.5,-2807.5,1833.4,200.86,-44.424,174.74
207.2,-111.22,3173.5,216.76,-2673,3068.3
4090.5,2173.7,-2282,185,-42.821,182.11
871.42,-2690.3,4215.7,538.73,-766.59,293.55
2675.2,-4009.1,-1837.9,294.66,93.574,174.83
4859.8,373,-1708.6,163.82,-4.3997,173.1
601.02,-4927.2,313.06,1401,-87.805,163.67
499.84,-4763.8,956.03,1655.2,-328.95,166.57
163.5,-6.6786,227.18,222.82,-3506.6,3782.7
2057.8,3719.6,-2910,338.24,-202.91,197.99
3684.8,-3260.5,1564,218.2,-46.012,171.4
168.08,-5.6005,1217.9,164.96,-701.58,4970.1
5107.7,-125.17,-758.37,163.39,0.59475,165.13
2989.8,-435.27,-4183.2,165.07,33.022,279.24
910.15,-4765.3,1520.2,884.53,-272.56,171.18
2487.9,-4470.4,-645.93,336.45,37.155,164.64
3065.8,-3154.5,2698.4,234.54,-103.32,191.66
3770.5,-346.9,3509.9,164.03,-13.956,222.82
3742.6,3509.1,-578.5,224.01,-17.294,164.38
254.33,-2378.6,-3159.1,1999.6,2638.1,270.98
724,3870.8,3137.1,911.15,714.72,208.9
380.41,-4643.1,-290.99,2213.6,137.97,163.66
511.85,3189.3,-3681.9,1086.2,-1225.7,247.86
1363.4,-4130,2721.7,524.46,-312.1,192.73
3311.9,-1259.8,3753.1,174.79,-65.959,238.06
4467.2,-247.88,2579.5,163.59,-5.2326,188.57
2468.9,-4164.8,1774.5,320.84,-101.27,173.98
163.61,1.4705,-294.94,165.35,-801.04,5094.2
4213.5,2490.8,1645.8,189.78,32.51,172.34
4220.4,2172.6,2033.5,183.74,36.07,177.71
1492.2,2047.2,-4468.7,278.4,-398.49,331.72
1117.3,-4194.9,2700.1,641.11,-385.87,192.4
1023.9,4964.4,-578.02,818.72,-91.532,164.4
695.51,-4845.5,-1128.2,1182,269.96,167.63
1681.7,-1138.2,-4725.6,197.53,259.34,414.86
4202.3,2955.1,-523.72,199.73,-11.724,164.19
4703.5,-1053.5,1855.3,167.39,-14.099,175.04
2573.5,-4374.8,-915.2,322.63,50.195,165.98
3374.7,3905.2,67.803,249.98,2.4872,163.35
4351.2,-2701.6,-661.36,192.3,13.112,164.7
332.86,-3099.8,-3250,1753.4,1822.4,236.12
168.16,-1099.1,544.37,4496.7,-2224.2,182.25
1065.1,-1016.9,4889.9,227.13,-527.32,569.68
604.99,3262.5,3708.4,929.27,1023.6,245.13
2689.8,-1440.5,4159.1,185.36,-119.63,276.39
1383.1,2203.2,-4423.5,308.76,-446.44,322.7
434.67,-638.26,-4726.8,306.05,1620.9,1035.9
3198.1,491.53,-4020.9,165.26,-31.278,260.74
3106.6,-586.54,-4079,166.23,39.897,266.85
1265.8,-846.22,-4893.3,196.99,355.93,552.66
813.97,-4517.1,2136.8,939.57,-431.03,180.19
2399.2,3353.3,3095.5,281.15,171.93,204.31
697.95,-1092.2,-4854.4,309.52,992.56,637.92
2833.7,-2417,-3570.3,214.84,133.91,226.37
1199,4969.9,-271.39,702.7,-36.298,163.57
2598.8,-1067.6,4325.2,176.64,-103.68,300.21
772.21,-3409.9,-3645.4,755.83,770.3,236.11
3461.2,136.71,-3827.4,163.47,-7.1447,243.57
1398.2,2758.4,-4096.2,363.27,-430.39,271.33
1106.8,-4773,1455.6,730.67,-211.7,170.4
1463.8,396.4,-4906.6,169.3,-144.85,556.09
4511,-1286.2,2160.5,169.86,-21.478,179.85
4630.8,2277.2,-207.73,182.04,-3.2369,163.47
1813.8,-1212,-4661.7,196.7,234.85,386.26
1092.4,-4829.1,1263.8,748.34,-186.51,168.58
472.54,3029,3757.7,1127.7,1369.6,258.61
1314.1,-4312.8,2442.9,564.42,-292.93,185.8
2192.5,4429.3,1460.4,369.01,97.829,170.33
3298.6,1633.8,3618.2,182.32,79.695,229.15
4000.3,618.32,-3205.8,165.28,-20.028,208.43
4728.3,-1470.5,1468.1,171.07,-15.078,170.38
910.56,4062.1,2918.6,758.49,519.7,199.54
2731.7,-3945.7,-1892.2,287.3,93.241,175.59
1239.4,4121.8,2778.1,571.8,353.94,194.45
1487.3,826,4846.7,187.11,261.22,495.21
163.38,-100.41,-42.194,4761.3,1998.4,177.16
173.39,1725.6,-146.78,4848.4,-411.93,163.93
2183.9,-4013.5,2383.2,342.48,-157.11,184.25
3752.8,3147.9,-1631.8,213.28,-45.713,172.18
5116.2,573.62,-417.88,164.36,-1.488,163.88
188.72,-121.88,-2582.6,266.53,3526.4,2739.8
489.58,-4387.1,2061.8,1561.2,-725.68,180.3
177.53,-1861.1,-791.1,4374.2,1856.7,177.47
2370.4,4570.1,274.7,355.43,16.852,163.57
2105.4,-4049.6,2390.5,354.94,-165.15,184.41
1218.3,4176,-2702.5,588.11,-351.24,192.33
4755,-653.51,-1907.3,164.88,8.9313,175.78
1217,3867.4,3128.6,548.68,404.53,206.38
4891.9,-458.09,-1592.5,164.06,4.9631,171.71
1919.7,-710.38,-4724.8,174.24,140.47,412
4354.2,-1801.7,2112.8,176.79,-30.343,179.02
3705.8,-2754.4,-2309.9,203.59,60.832,182.66
1117.3,4940.4,693.21,748.11,99.967,164.86
1647.5,-677.24,4824.1,176.73,-183.52,473.31
1739.2,4815,-512.21,482.7,-45.47,164.16
1604.6,3679,3212.5,410.37,301.57,209.29
2855.1,-2854.2,-3212.7,231.15,130.26,208.81
2604.3,4075.8,1790.9,303.78,94.891,174.19
1467.3,-4538.9,1903.1,534.01,-202.96,175.87
2036,4487,1502,396.36,110.15,170.77
3592.8,-1625.4,-3331.9,179.31,62.556,213.92
3444.1,-3590.6,-1375.7,236.1,47.164,169.48
608.4,832.68,4870.3,283.79,1110,798.16
896.77,4675.1,-1777.9,881.29,-323.63,174.37
4598.8,-2350.1,34.78,183.46,-0.56278,163.34
4472.5,-2582,-27.366,188.64,0.50027,163.34
1812.5,-3609,3190.6,365.14,-258.21,208.23
1704.8,-4842.5,-325.48,493.9,29.566,163.67
371.03,-3651.7,-2839.6,1797.9,1386.5,206.59
3628.6,-2937.1,2204.3,210.23,-62.531,180.65
254.04,3932.7,382.33,3305.6,320.59,164.11
1903.8,3957.4,-2687.9,377.92,-208.73,191.54
2272.4,4566.4,743.58,367.4,48,165.07
2425.4,1971.3,4100.9,210.68,174.83,269.7
5152.5,243.83,268.08,163.52,0.40212,163.56
969.94,-3226.9,3820.5,574.98,-625.82,247.11
2914,-4258.1,17.768,289.53,-0.82361,163.34
191.65,-1546,-2213.8,2524.1,3599.1,284.88
5004.4,624.38,-1115.4,164.61,-4.512,167.29
1406.3,3845.9,-3094.9,478.48,-340.17,204.8
3563.1,-3338,-1677.1,223.93,52.65,172.72
3451.9,-1654,3463.5,181.16,-70.961,220.37
3726.3,1936.2,-3003.6,184.11,-60.809,200.87
4487.7,-2374.1,-946.17,184.81,16.122,166.16
1820.8,464.65,-4791.8,168.62,-107.13,448.87
4132.5,-132.2,3093.6,163.42,-3.9157,204.06
2644.5,1221.8,-4256.6,179.99,-110.65,289.52
4834.6,-1431.9,1119.3,170.36,-10.752,167.32
937.68,-3330.3,3731.9,611.36,-636.17,240.4
1512.3,-4555.1,1832.9,521.14,-189.1,174.86
918.95,3269.7,-3785.3,612.76,-658.97,244.74
393.39,3107.4,3506.6,1427.7,1590,245.38
783.72,-3396.7,-3660,742.02,760.81,236.97
1922.5,-4195.6,2283.7,393.28,-177.14,182.27
598.14,-1836.3,-4581.2,546.27,1241,421.76
1528.6,4496.4,-1961.6,510.1,-199.72,176.74
482.93,3162.1,-3663.7,1148.2,-1303.4,248.54
2003.9,-1957.3,-4322.4,228.7,247.42,300.7
905.42,-4578.7,2013.5,855.52,-362.51,177.91
3752.5,3500.1,569.92,223.46,16.946,164.35
340.04,-176.29,4517,189.74,-1258.9,2135.9
2483.9,445.99,4497,165.96,52.486,334.3
2310.6,-1188.8,4452.1,183.79,-144.63,324.51
2660.6,-159.61,4416.1,163.63,-16.297,316.54
1094.9,-4450.3,2260.2,690.98,-331.33,182.15
1513.4,-4587.8,1748.6,524.17,-180.39,173.72
2189,4654.6,318.48,384.69,21.576,163.65
2163.1,-3086.7,3513.9,285.17,-218.12,223.41
546.7,-4895.9,237.6,1541.5,-73.966,163.53
3411.1,-2058.7,-3282,190.84,81.368,211.69
3589.2,-3700,282.19,234.72,-9.232,163.58
1752.7,4038.9,2662.7,411.82,228.79,190.92
2357.7,18.028,-4584.7,163.34,-2.4403,357.83
545.1,-2684.9,-4099.4,858.96,1264.1,294.32
4872.4,-1700.8,-210.28,173.02,2.3257,163.48
868.67,4384.9,-2404.4,855.23,-451.85,185.5
5085.2,-805.72,413.08,165.38,-2.0785,163.87
185.35,-2170.2,1115.1,4049.3,-2077.3,183.61
3659.9,-3473.6,1092.1,225.3,-33.606,167.13
3933.2,3055.1,-1362.7,206.89,-34.764,169.35
163.43,-113.84,130.64,3393.8,-3885.4,248.46
2413.8,-4554.8,108.68,349.45,-6.5162,163.38
319.2,2508.2,-3650.7,1502.8,-2161.5,287.28
2411.1,-4557.3,-39.788,349.9,2.3891,163.35
229.28,-183.18,-3616.6,247.51,2758.4,2428.4
2711.5,4386.5,127.98,311.06,6.5729,163.39
168.25,-1109.3,549.29,4494.4,-2222.6,182.25
1609.4,-3791.8,-3076.3,419.91,289.13,203.92
883.35,-4997.6,194.69,954.4,-36.092,163.46
1542.8,-4901,88.113,546.79,-8.9534,163.36
3542.4,-3262.2,-1860,222.16,58.195,175.11
3213.2,4007.2,-505.16,261.31,-20.07,164.13
673.87,-4933.2,590.67,1243.3,-146.3,164.49
1745.5,-2064.1,4377.9,253.61,-314.78,311.31
827.23,4696.3,1710.9,959.92,339.59,173.55
4701.6,-1504.3,1518.8,171.51,-16.098,170.9
466.04,4205.3,2351.1,1582.2,875.13,186.9
3799.9,1583.3,3116.3,176.98,51.611,204.92
790.23,4962.9,558.65,1061.1,116.61,164.35
350.34,2390.5,-3882,1270.4,-2028.9,309.64
1304.4,4824.5,1145.1,630.45,139.6,167.58
559.64,4739.3,-1288.3,1455.4,-390.64,169.19
1126.4,-4930.6,-752.2,740.83,107.53,165.14
4132,278.14,3084.5,163.71,8.2017,203.72
2552,1418.1,4251.3,186.96,132.65,288.84
4524.8,-2440.8,-490.32,185.62,8.4128,164.08
172.12,-1207.3,1092,3636.8,-3283.1,220.15
4996.6,-1207.5,504.25,168.05,-3.8763,164.12
2203.8,-4443.8,-1398.6,368.46,93.173,169.72
4538.3,-1545.8,-1920,172.57,22.308,175.97
5125.4,235.23,-595.46,163.51,-0.87089,164.44
1255.4,4919.7,-689.36,665.93,-87.698,164.84
1835.9,2103,4324.6,248.93,291.51,301.55
1593.2,-708.8,4835.8,178.93,-203.48,483.4
2331,-3682,2754,305.91,-163.57,193.26
1082.2,4053.6,-2914.8,640.09,-430.29,198.94
3879.7,-2841.5,1879.7,202.53,-46.831,175.39
5151,-120.99,-364.38,163.39,0.27161,163.75
1995.8,-2388.7,4103.5,255.26,-258.94,270.51
4751,1217.1,-1619.1,168.62,-13.83,172.02
2549.5,-4335.2,1141.8,322.7,-63.216,167.5
3454.4,2431.8,-2966.5,199.83,-80.897,199.64
1259.8,4946.3,-452.42,667.07,-57.356,163.98
226.72,-129.81,3576.3,211.81,-2365.4,2869.7
5078.5,-765.66,549.62,165.19,-2.6381,164.27
2772.7,-3810.3,-2099.6,277.92,100.25,178.84
672.54,-4853.1,-1062,1226,263.52,167.14
3557.6,-3359.1,-1646.5,224.76,51.983,172.35
1192.2,-4608.9,1882.1,658.04,-252.16,175.66
3120.5,4046.4,723,267.7,30.024,164.97
1358,4830.3,-1069.8,607.62,-124.85,167.02
168.44,3.5788,-1260.3,163.96,-434.09,4990.1
4357.2,-1103.8,2542.8,168.51,-23.441,187.7
1685.9,2722.8,4025,311.34,333.56,262.55
4227.6,-541.72,-2915.7,164.68,14.339,197.95
184.39,1597,-1784.6,3053.8,-3402.7,244.75
2453.7,-4323.9,-1368.3,331.51,79.439,169.42
2133.5,4671.2,422.42,394.12,29.519,163.89
2452.8,-4511.3,-469.82,342.54,27.562,164.02
1680.8,3751.7,3091,401.09,275.65,204.42
1717.2,-3904.5,-2876.1,407.28,251.75,197.05
2477.3,3727.8,2560.7,295.56,141.02,188.21
3892.7,3214.2,1084.2,211.9,29.005,167.07
1424.7,-357.77,4919.2,168.48,-139.14,574.14
2395.9,4202.3,1784.2,330.37,105.98,174.11
439.12,-1611,4497.4,665.91,-1747.2,471.28
958.9,4880.3,1093.3,859.32,185.55,167.24
4714.1,-1586.1,1391.7,172.35,-15.395,169.62
2204,-3281.1,3307.1,293.49,-204.19,213.05
177.99,-73.207,-2049.7,235.09,3404.9,3293.3
680.07,-4027.1,2913.3,1009.7,-711.32,200.69
501.41,3559.5,3309.6,1237.3,1130.4,222.13
165.4,-811.75,-9.8909,5100.6,62.086,163.35
3696.2,-3344.1,-1345.4,220.37,39.95,169.19
2045.7,3411.1,-3273.6,318.34,-225.07,211.62
5080.5,-365,857.06,163.76,-1.9766,165.64
214.9,1261.2,-3107.5,1484.2,-3612.5,432.06
1923.6,2139.1,4270.6,244.77,271.05,292.68
164.85,-8.2729,697.91,174.23,-1779.9,4798
1749.5,-4148.3,2491,421.91,-215.38,186.71
1903.8,4132.2,2410.5,391.55,188.66,184.88
3829,-1792,2964,180.37,-53.683,199.54
3089.7,761.4,4062.7,168.24,51.53,265.11
1272.1,2515.3,-4280.4,364.34,-495.39,297.34
3818.4,3383,-795.57,218.31,-22.6,165.32
1936.6,-4083.3,-2468.3,382.28,188.89,186.14
379.92,4216.5,1962.6,2014.5,931.51,180.06
1506.2,4098.4,2707,475.99,277.37,192.22
2528.8,4391.2,-958.26,327.82,-53.778,166.24
4000.6,-2075.6,2519.8,184.05,-47.451,187.16
842.31,-4966.2,575.31,995.17,-112.18,164.4
1730.4,-4640.3,-1393.7,469.31,123.88,169.69
3968.2,1609.5,-2885.1,176.29,-44.706,197
4988.1,-289.22,-1309.1,163.61,2.484,168.86
273.59,-2315.6,3429.3,1731.1,-2540.8,290.99
851.31,4619.5,-1913.2,917.76,-368.05,176.38
882.1,-4019.4,2976.2,774.8,-548.21,201.64
4054.7,-1050.1,-3020,168.74,30.549,201.42
201.39,-288.08,3005.3,431.57,-3857.2,1585.6
3020.1,-1695.6,-3825.2,187.39,101.54,243.51
4672.3,-1789.5,1281.1,174.92,-16.036,168.61
3489.8,-1787.7,-3357.7,183.57,71.792,215.12
4184.1,2684.8,-1396.8,194.12,-29.487,169.67
4630.4,-1969.9,-1162.8,177.52,16.075,167.65
176.74,-1968.7,110.43,4766.2,-267.03,163.6
772.8,4843,-1209.4,1060,-258.4,168.24
1417.7,-4374,2282.6,532.97,-252.01,182.38
656.27,-4107.7,2784,1068.1,-707,196.59
2202.4,3832.4,-2649.9,328.5,-170.98,190.48
2054.9,-4706.8,-401.31,409.32,29.342,163.84
2953.4,2538.4,3385.1,215.52,122.32,216.5
4755.2,-1909.4,645.82,176.03,-8.2754,164.63
710.28,-4904.1,-860.66,1170.3,201.38,165.79
3682.5,-291.35,3606.7,163.85,-12.643,228.4
4514.8,-1362,2105.5,170.62,-22.029,178.9
1287.4,4305.9,2465.6,574.47,302.36,186.34
5135.5,-533.67,-145.17,164.22,0.47773,163.4
201.99,264.49,3024.9,398.55,3792.6,1711.8
227.17,706.01,-3516.1,748.48,-3550.1,810.5
2326.3,-2476.7,3876.8,238.89,-199.13,247.98
710.93,701.98,-4929.5,232.69,-828.8,833.08
201.99,2073,2218.6,2854.1,3044.6,239.04
2310.3,4589.7,412.94,364.01,26.156,163.87
4987,-468.79,-1260.3,164.06,3.8675,168.44
4961.1,44.535,-1436.2,163.35,-0.42492,170.05
3813.7,-3479.1,97.383,221.19,-2.8149,163.37
326.78,-347.71,-4451.2,258.75,1992.3,1629.9
209.48,-1762.6,2708.1,2201.4,-3363.5,298.85
518.63,3550,-3345,1189.3,-1099.5,223.43
2124.9,-471.47,-4670.3,167.34,78.213,387.57
743.32,4986.6,5.0581,1135,1.1275,163.34
3480.2,-3472.8,-1573.3,230.88,52.245,171.51
389.26,4673.8,-113.98,2166.8,-52.544,163.39
1014.1,4932.5,810.1,821.4,129.57,165.44
329.99,-1401.8,4253.9,815.07,-2374.2,512.36
4651.5,1224.1,1881.1,168.91,16.832,175.4
1307.8,4308.3,2453.3,566.42,295.71,186.04
4123.2,-1268.6,2838.1,170.91,-33.111,195.56
3931.9,-774.26,3256,166.48,-26.179,210.53
1195.6,-4933.6,-662.35,699.7,88.818,164.73
735.53,4980.9,-201.74,1146.1,-45.48,163.47
1360.7,2345.3,-4355.5,327.25,-456.34,309.47
337.26,3478.2,2870,1932.4,1583.1,211.46
918.44,-3539.7,-3534.1,660.24,618.85,227.26
2006.6,3362,3346.7,319.49,234.91,214.96
1225.3,4873.3,990.83,675.55,129.32,166.49
1091.7,-3523.9,3535.5,557.68,-511.53,226.35
3112.9,-2661.4,-3140,215.03,107.3,205.88
1859.8,4800.2,-9.0162,453.65,-0.74162,163.34
2515.2,-4412.5,-893.29,330.37,50.532,165.85
3438.3,-3413.6,1781.1,230.3,-59.716,174.04
166.29,3.7665,-968.17,164.53,-608.03,5037
178.21,-2018,435.4,4627.9,-997.25,167.09
699.46,4157.5,-2734.5,1011.8,-648.1,194.73
164.09,2.3337,-492.93,165.14,-757.12,5085.6
1760.4,-4043.2,2651.5,410.65,-226.7,190.63
890.99,4987.7,-372.81,944.37,-68.475,163.78
2908.3,-3924.3,1662.6,274.61,-75.185,172.55
173.41,-4.3466,1733.5,163.79,-361.96,4851.8
2582,4212.9,-1478.2,313.04,-79.933,170.5
4139.9,-3084.3,113.4,203.74,-2.6766,163.38
4461.4,-684.49,2509.6,165.25,-13.952,186.92
3132.6,-2551.1,3211.4,210.77,-105.97,208.72
455.03,-4712.2,-925.56,1819.7,354.53,166.44
3979.4,962.21,3146.5,168.06,30.403,206.07
5014.9,-849.93,-898.44,165.67,4.895,165.87
919.27,-2953.1,4037.1,557.67,-696.96,268.82
4415.2,612.42,2607.8,164.91,13.273,189.27
1529.7,688.71,-4856.8,179.31,-215.15,502.43
217.85,-3096,-1440.6,3512,1630.7,180.12
5085.6,259.06,865.14,163.55,1.4151,165.68
4509.5,325.91,-2496,163.77,-6.5254,186.61
5049.8,1062.2,224.5,166.92,1.4962,163.49
1086.4,-1184.2,4849.8,243.13,-546.3,521.73
4409,-961.54,2511.2,167.18,-19.85,186.96
4015,-2286.3,-2305.5,188,46.478,182.57
4443.5,-2422.8,-1027.7,186.07,18.107,166.68
2905.1,2554.2,3414.5,217.65,127.08,217.95
1057.1,-2503.1,4322.8,424.2,-623.96,307.34
607.5,4277.2,2472.7,1205.1,683.89,188.24
3773,-3159.6,-1561.5,213.13,43.465,171.37
1565.8,-1077.5,4775.3,198.63,-284.99,443.09
1172.8,-4973.3,283.13,718.29,-38.778,163.59
1874.5,4591.7,-1380.6,433.58,-111.86,169.56
4439,1834.8,-1897.1,176.76,-26.699,175.63
577.28,4920.4,-166,1460.7,-48.665,163.43
725.44,1941.1,4589.1,477.4,996.51,397.92
2226.3,2915,3620.7,269.57,211.89,229.63
1841.7,4611.5,-1356.2,441.91,-112.2,169.33
1670.4,-4183.9,-2481.1,442.36,226.56,186.5
180.1,-369.04,-2143,811.14,4519.3,943.35
616.2,4944.9,15.783,1369.2,4.3079,163.34
2290.3,1957.9,-4182.4,215.12,-194.6,279.71
1990.2,-4481.5,1575.6,403.59,-118.65,171.57
941.64,-4969.9,-563.19,890.48,97.515,164.35
5031.4,596.34,-1004.1,164.48,-3.8406,166.52
1910.4,2887.2,-3811.3,296.77,-273.07,243.08
1229.3,-402.2,4956.1,172.01,-208.26,651.71
1093.7,-4449.9,2261.3,691.68,-331.89,182.17
298.04,111.38,-4311.9,178.9,-1152.4,2584.5
1505.7,-4670.7,1519.8,535.23,-157.94,171
2112.4,-62.941,-4699,163.41,10.887,399.23
1529.9,-4575.6,1768,517.78,-180.16,173.97
4640,-1825.4,1346.1,175.54,-17.367,169.19
368.7,-1827.4,-4242.1,917.66,2062.8,407.31
291.76,-690.04,4217,494.01,-2689,956.13
304.35,-4215.3,-1077.1,2686.2,683.85,168.57
429.72,-4745.5,384.23,1957,-157.35,163.87
679.4,3246.7,-3763.2,820.59,-913.43,247.19
4575,-2392.4,-135.83,184.35,2.2497,163.4
291.2,-3503,-2440.6,2379.1,1649.7,198.92
1950.5,2212.7,-4221.2,247.5,-266.52,285.46
1608,4365.2,-2188.9,474.71,-209.86,180.54
3916.1,-2960,1600.8,204.82,-40.318,171.81
1024.3,-4902.5,-971.62,808.58,153.71,166.39
680.51,-3982.7,-2974,998.19,725.42,202.88
1000.7,4855.7,-1190.2,819.79,-192.97,167.99
163.38,0.091904,111.33,163.4,134.6,5162.3
317.32,3402.2,2821.7,2049.2,1688.7,211.93
176.11,-11.969,-1930,166.02,856.31,4713.4
657.54,4570.1,-1934.5,1183.3,-491.36,177.11
1000.4,535.84,-4970.7,185.86,-392.52,741.19
665.32,-4585.4,1905.2,1172.7,-477.8,176.63
209.11,-3068.3,-984.59,3842.1,1230.7,171.53
3469.2,-782.06,3741.7,167.45,-38.825,237.23
5151.2,88.457,369.85,163.36,0.20156,163.76
1418.1,4840.6,-954.31,584.57,-106.25,166.24
4653.3,377.59,2208.6,163.88,6.278,180.72
1907.7,-4576.5,1388.3,425.87,-110.18,169.63
3570.6,3553.8,-1128,230.58,-36.459,167.39
2831.4,2694.2,-3367.9,225.65,-134.27,215.7
393.23,-4445.1,-1479.7,2036.4,673.53,172.1
326.96,215.31,-4460.4,205.18,-1556.6,2054.3
3825.8,2299.3,2595.1,190.62,57.164,188.97
3346.3,-3594.9,-1588.1,239.89,56.84,171.68
462.79,4128.7,-2474.4,1566,-928.34,190.16
948.75,4654.1,-1831.6,829.66,-313.85,175.08
173,-911.25,1436.5,2615.9,-4107.8,304.51
238.29,3097.4,-2126,2920.6,-1998.4,198.01
3928.4,3304.7,554.29,213.52,14.856,164.29
1301.9,-4751.1,1420.8,622.64,-173.38,170
1328.4,-1383.3,-4756.6,236.76,426.63,438.16
2728.3,1429,-4138.3,184.46,-115.32,273.83
3715.5,-3282.7,1440.3,218.05,-41.988,170.1
1461.8,-4516.5,-1959.1,533.46,209.7,176.72
1070.3,-707.51,4943.6,196.51,-424.45,655.23
4458.4,-2377.3,1068.6,185.14,-18.442,166.96
4252.4,1769.8,-2334.9,176.94,-34.509,183.15
1453,-4622.6,1699.9,547.89,-183.57,173.11
4729.9,-1771.4,1079.2,174.43,-13.085,167.03
689.53,-4236.5,-2605,1045.8,627.36,191.1
2772.6,2953.1,-3194.7,238.85,-137.56,208.09
1274.2,4734.7,1492.4,633.43,186.39,170.75
4908.8,-1018.9,1241.9,166.83,-8.4079,168.28
4928.2,1334,781.16,169.22,6.7719,165.24
278.8,-4041.2,-1068,2926,770.85,168.93
2547.1,-4046.3,-1933.2,307.07,105.19,176.2
4119.3,-889.11,2984.2,167.11,-25.004,200.2
651.9,-4631.6,1776.3,1209.8,-455.53,174.74
2062.2,-1820.1,-4355.9,218.16,229.43,306.31
998.83,-4484.8,2209.5,761.14,-357.73,181.27
1408.3,705.37,-4885.4,182.93,-256.86,534.92
1100.6,4257.5,-2604.1,659.5,-378.63,189.86
1126.1,2762.7,4152.6,436.72,564.6,280.22
763.35,4915.5,-860.45,1089.1,-186.35,165.77
1769.2,1871.1,-4455.1,238.29,-300.77,326.9
1822,-4717.8,-956.41,454.98,80.348,166.24
987.6,-4482.2,2216.2,769.2,-363.19,181.41
3346.2,-3811,-960.29,247.73,35.284,166.25
309.86,4349.7,-526.41,2703.2,-325.96,164.53
1173.5,4516.8,-2100.4,655.57,-285.93,179.14
2686.4,4364.6,584.43,312.04,30.333,164.4
172.17,103.99,1628.9,352.2,4330.2,2272.6
4485.4,-2548,-245.41,187.88,4.4193,163.53
3712.3,3421.3,-1081,222.23,-32.282,167.05
1080.3,4919.5,-853.54,769.99,-127.58,165.67
2982.5,-3938.2,-1490.8,270.81,65.221,170.62
759.36,-4869,1090,1084.8,-237.34,167.29
2669.2,1658.9,4090.2,192.41,132.54,268.32
4369.6,-2669.3,-671.38,191.44,13.099,164.74
4697.1,-1554.2,1481.9,172.06,-16.206,170.52
536.3,3596.3,3318.2,1161.5,1050.5,221.23
166.09,31.842,-935.18,237.76,-3687.2,3489.8
246.45,-222.85,-3857.1,256.09,2629.2,2183.5
3608.6,-3690.8,87.943,233.76,-2.8506,163.36
1729.2,4727,1064.8,477.32,94.933,166.96
3147.5,-2168.5,-3467.8,198.44,102.33,220.64
943.51,4617.5,-1922.4,827.91,-331.26,176.42
1828.6,-2873.5,3859.2,305.12,-292.34,247
1390.4,-3296,-3679.9,422.74,401.51,234.46
207.94,-62.565,-3193.2,181.63,1772.5,3649
4193.4,2718.7,1300.1,194.71,27.583,168.78
4506.9,-2490.1,-398.41,186.64,6.9907,163.83
3234,3249.6,2370.6,231.7,85.028,183.91
4869.8,-869.2,-1485.4,165.92,8.764,170.55
3509.9,-1902,3272.9,185.83,-72.708,211.29
1232.6,-4801.4,1290.4,662.37,-167.19,168.79
3060.3,-3588.7,-2094.4,251.94,85.23,178.74
3328,3428.4,-1952.7,234.65,-68.89,176.47
669.65,-4911.1,-742.7,1246,185.19,165.17
3512.9,3180.6,-2047.5,220.45,-64.005,177.95
4791.2,-1868.8,-477.45,175.34,5.9215,164.04
3600,-757.1,3621.9,166.92,-33.888,229.33
183.65,750.04,-2237.4,1468.3,-4325.9,511.04
2928.1,-2157,-3660.3,202.99,121.41,231.86
3882.4,3220.5,1102.3,212.3,29.651,167.2
163.41,-0.14852,147.76,163.42,-163.8,5160.6
747.59,-4984.9,158.07,1128,-35.019,163.42
1595.9,4833.5,719.65,523.45,70.346,164.97
3865,1354.8,-3144.1,173.1,-44.027,205.98
1480,-2170,4413.9,291.11,-405.72,319.86
5013.7,-94.072,-1238,163.37,0.75743,168.25
4613.2,1226.6,-1971.7,169.02,-17.961,176.74
5023.8,-1057.1,567.39,166.92,-3.8025,164.34
400.76,-523.48,-4673.3,285.08,1709.5,1206.2
2189.6,858.14,4585.6,175.5,125.47,358.61
2434.8,-4426,-1033.9,339.47,60.943,166.73
1534.8,-4838,801.39,542.98,-81.801,165.37
958.09,453.81,4980.7,181.23,373.35,793.66
1982.4,1070.4,-4631.4,185.77,-182.4,374.2
495.19,-4.1988,4853.7,163.35,-15.232,1703.7
2142.7,-4119.3,2234.3,354.77,-151.64,181.29
2892.5,-4272.5,32.303,291.68,-1.5137,163.34
4954.4,971.43,-1089.8,166.45,-6.9206,167.11
398.23,3675.2,2924.4,1660.9,1308.9,208.35
1987.2,-1962,-4327.6,229.93,251.2,301.62
3562.5,2285.9,-2955.2,194.13,-73.305,199.26
1429.6,376.32,4916.6,168.98,144.84,570.49
4111.3,-13.031,3124.4,163.34,-0.39407,205.21
4213.4,2904.2,692.54,198.43,15.256,164.83
1249.6,2764.5,-4128.8,399.42,-496.78,276.12
3565.3,2731.4,2545.3,205.85,71.037,187.78
3560.2,-2987.4,2247.4,213.32,-66.39,181.46
609.25,-4831.4,-1036.9,1354.4,286.44,167.01
1200.3,-2856.4,-4075.9,425.02,516.89,270.15
3564.7,3728.2,209.77,236.48,6.9579,163.48
240.57,-2030.5,-3197.8,1885,2946.3,303.9
545.7,-4048.2,2762.3,1280.4,-859.47,197.23
3442,-3520.6,-1550.7,233.78,52.708,171.26
4247,2287.3,-1843.6,185.55,-33.666,174.88
2554.5,-3231.4,3103.3,263.72,-156.11,204.57
1084.4,774.45,4932.1,201.5,440.04,630.66
4393.7,-2670.9,481.55,191.19,-9.3104,164.06
4741.3,-552.71,1972.2,164.45,-7.8763,176.75
4144.9,-2979.3,-780.16,201.21,17.967,165.24
812.35,-4699.8,1697,978.44,-343.44,173.38
3080.9,-1545.4,-3840.8,182.79,91.529,244.71
4188.5,2851,-997.36,197.64,-21.914,166.48
3877,-1869.6,-2851.9,181.37,52.274,195.98
2168.2,2509.8,-3944,250.26,-225.75,253.97
317.93,1511.6,-4156.7,919.8,-2449.6,471.25
4803.4,1764.6,-699.36,174.03,-8.2097,164.86
3902.3,3299,740.8,213.97,20.047,165.05
3118.3,4007.9,920.26,266.23,38.118,166
1761.3,1640.9,-4547.8,223.69,-289.41,349.79
2201.5,-1136.7,-4518.9,183.94,154.58,340.32
1976.3,4727.8,516.19,424.76,39.519,164.17
2383.5,-2805.6,-3609.5,252.63,189.14,228.87
1419.4,-4866.5,-809.93,586.95,90.12,165.41
1939,2746.2,-3900.7,283.87,-269.71,250.37
3198.8,-2691.6,-3026.5,213.59,99.706,201.7
787.86,3505.2,-3557.1,760.59,-736.24,229.97
1635.8,-4219.6,2441.3,453.87,-228.58,185.62
3289.6,-3652.9,-1573.5,244.25,58.159,171.51
537.42,4641.5,-1552.3,1489.7,-492.24,172.13
3663.8,2110.7,2962.3,188.55,66.041,199.49
2587.8,-2621.3,-3610,232.73,162.64,228.82
2270.8,-3535.6,-2985.2,302.81,181.28,200.41
241.12,39.6,-3795.2,167.36,-761.54,3414.9
2178.7,-4529.3,-1138.1,377.68,77.151,167.48
188.2,2.1507,-2564.1,163.38,-103.03,4481.7
2130.8,2104.1,-4193.1,229.89,-226.86,281.33
314.02,3823.1,-2184.8,2334.2,-1327.3,188.02
372.8,4492.6,-1123.7,2195.8,-546.21,168.34
3928.2,-674.05,3282.7,165.73,-23.124,211.68
3700.4,-3008.9,1976.9,210.61,-55.141,176.83
3277.1,-2687.7,-2945.7,211.36,93.295,198.97
2620,4434.1,278.56,321.56,14.989,163.58
3326.2,-3918.9,-470.33,252.6,17.639,164.02
1518.5,-807.92,4841.4,185.26,-247.15,489.87
2222.6,-4236.6,1916.8,352.33,-125.15,175.98
3865.7,1248.7,3186.9,171.67,41.463,207.67
4992.6,-1304.6,224.35,168.83,-1.8576,163.49
5132.5,-367.84,448.82,163.76,-1.0221,163.96
4618.4,128.41,-2308,163.4,-2.2715,182.61
5134.8,-452.97,-328.8,163.98,0.92001,163.67
4032.1,-404.42,-3200.2,164.16,12.959,208.2
4922.1,-1560.9,-115.93,171.37,1.1641,163.38
1820.2,-961.48,4717.5,184.89,-199.16,409.5
1806.3,-3802.3,2961.2,381.95,-243.05,199.76
243.57,-92.879,3826.2,183.66,-1581.4,3080.7
934.08,4474.6,-2235.3,811.31,-388.87,181.85
467.37,4680.2,-1151.2,1753.4,-427.52,168.17
4645.7,2251.6,-145.55,181.53,-2.2344,163.41
2750.7,-4284.7,-829.11,302.73,41.526,165.49
1341.8,3755.8,-3225.6,488.74,-372.86,210.15
2037.4,-3288.2,3401.8,310.85,-232.79,217.6
3100.6,-1069.5,-3984.3,172.81,68.622,257.19
1856.2,4561.2,1499.9,434.79,122.79,170.76
1401.6,-4842.9,962.17,591.25,-108.5,166.29
2562.1,-4155,1664.4,311.66,-90.552,172.58
1409.5,4905.5,545.61,595.18,61.214,164.27
2224.4,-2339.6,-4017.6,237.39,214.65,260.97
3528.2,645.68,-3712.7,166.06,-31.007,235.21
4947.7,-207.21,1468.1,163.48,-2.0302,170.37
1437.4,2325.9,4345.8,312.17,423.57,307.11
4511.6,1600.9,1937.7,173.33,23.489,176.23
2449.6,1081,-4406.7,178.6,-119.12,314.99
2560.3,-3557.4,2718,279.99,-141.12,192.24
946.32,-4389.5,2397.6,786.35,-410.98,185.19
4743.6,1317.2,1561.4,169.53,14.401,171.37
2759.4,-4195.3,-1182.5,297.6,58.615,167.81
4664.2,-2187.8,-363.79,180.44,5.4163,163.75
1245,4951.3,-427.07,675.3,-54.84,163.91
1997.9,-1772.8,-4403.9,218.69,240.21,315.4
920.62,-3271.6,3783.7,612.01,-657.39,244.59
1154.1,-4939.5,664.46,724.83,-92.552,164.74
5137.9,345.5,402.49,163.71,0.85936,163.84
606.4,4903.3,-600.62,1381.1,-166.81,164.54
4292.4,2487.4,1433.9,188.82,27.392,170.03
4714.1,-1040.4,1835.5,167.28,-13.722,174.76
3587.6,-2797.7,-2439.9,207.22,68.428,185.37
1150.7,-4818.4,-1275.8,709.99,178.03,168.68
3969.2,-3151.5,987.42,208.63,-25.301,166.41
536.07,3105.6,3781.2,1006.9,1193.6,255.32
329.46,4184.5,1590.8,2394.4,906.03,174.69
3600.9,-3476.1,-1265.8,227.14,39.941,168.49
3586.8,-2987.4,-2204.9,212.67,64.365,180.66
1025.4,-4870.1,1122.9,802.59,-177.38,167.45
2338,4310.4,1590.9,343.24,97.996,171.73
321.12,3171.3,-3105.4,1880.7,-1827.7,228.19
3740.4,-2667.2,2356.2,200.68,-59.832,183.6
4707.5,-1320.9,1664,169.66,-15.616,172.55
1513.3,-2795.2,-4036.4,344.64,385.89,264.23
3867.1,-3348,703.83,216.13,-19.486,164.88
4118.7,-1010,2946.3,168.19,-27.87,198.94
3081.5,-4125.9,336.9,273.21,-14.335,163.69
1392.8,4826.7,1050.3,592.9,119.23,166.88
4172.5,3041.7,62.178,202.19,1.4356,163.35
2641.2,4220.1,1349,308.31,70.891,169.24
5006.3,1081.7,-667.15,167.11,-4.6017,164.72
2101,-3999.4,2477.1,352.05,-171.11,186.31
422.57,-3573.3,-3126.3,1506.5,1302.6,216.48
2386.2,-1607.2,-4278.4,197.08,164.26,293.04
322.83,4147,-1604.6,2438.1,-939.11,175.09
166.86,-1.4239,1054.3,163.48,-210.99,5052
2485.1,-3842.2,-2377.7,301.22,131.59,184.1
4682.4,1718.8,1339.7,174.01,16.122,169.13
3622.9,-3482.3,-1183.4,226.67,37.032,167.81
2484.2,3925.8,2237.9,305.94,124.69,181.32
605.7,3922.3,-3002.5,1110.5,-831.69,204.88
2710.4,2412.3,3666.7,218.84,147.33,232.34
4437.4,-2641.7,32.374,190.13,-0.61032,163.34
2170.8,2649,-3850.5,258.14,-224.99,245.93
451.74,3491.8,-3289.6,1364,-1266.6,223.65
3315.1,-3792.2,-1127.5,248.35,41.898,167.39
4095.2,1404.8,2814.2,172.7,36.477,194.86
166.22,503.28,-813.6,2673.9,-4306.4,310.07
2943.8,-237.87,4231.1,163.87,-18.967,285.67
1718.2,-3673.6,3165.2,386.98,-274.02,207.26
1836.7,-4745.7,-775.22,454.12,64.584,165.23
936.48,-2777.6,4159.7,518.42,-699.29,283.86
276.48,3777.6,-1745.7,2771,-1276.1,179.88
1452.3,1863.1,4559.5,266.74,408,355.74
398.77,4215.3,-2074.2,1899.7,-927.86,181.91
244.69,-3761.3,781.67,3376,-699.97,166.82
296.48,326.74,-4291.1,270.57,-2258.4,1717.9
2165.1,-4650.2,493.34,387.9,-33.855,164.09
288.52,-1869.1,3818.2,1294.1,-2601.3,369.1
2594.8,2391,3761.8,222.31,160.95,238.9
1302.7,-2790.6,-4099.1,388.66,470.07,272.17
4046.7,3049.9,-992.7,204.6,-24.149,166.45
2073.3,-4711.9,-201.37,406.62,14.573,163.47
1165.7,-3871.2,-3136.5,571.7,425.38,206.79
1114.6,1861.6,-4628.8,320.53,-590.03,385.74
261.76,-4014.7,-362.68,3210.1,289.24,164
501.06,-4790.1,821.53,1659.8,-281.91,165.7
3896.7,3302.2,755.82,214.18,20.511,165.12
5070.3,622.15,-764.2,164.57,-3.0014,165.16
3050.2,-2156.6,-3560.3,200.14,110.33,225.75
4625.4,-1904.4,1285.3,176.66,-17.301,168.65
4254.3,-1312.6,-2616.3,170.95,29.656,189.49
1183.9,-4965.7,372.48,710.74,-50.496,163.77
463.42,4799.4,-377.97,1815,-141.78,163.84
2255.9,-4338.2,-1630.3,354.77,105.06,172.19
4571.9,-241.64,2389.9,163.57,-4.5121,184.28
1144.9,-4508.9,2126.6,670.11,-297.28,179.62
231.5,2216,-2908.6,2212.5,-2888.1,269.06
5036,-839.82,782.36,165.6,-4.1784,165.25
2637.7,-4121.3,1631.4,303.42,-85.302,172.19
3735.7,333.77,3548,163.99,13.832,224.95
3828,-3456.9,233.57,220.18,-6.6891,163.51
1622.8,-1506.8,4640.3,223.42,-320.3,380.09
313.03,-4255.9,-1109.7,2608.4,677.42,168.78
1895.8,3014.8,3718.3,307.66,272.5,236.27
4416.6,-1632.4,-2121.1,174.15,27.23,179.17
4953.3,-1368.3,519.46,169.46,-4.5658,164.17
2864.8,-3653.6,2250.4,264.98,-101.2,181.54
803.44,5.0846,-4995.8,163.34,-6.7047,1050.1
2749.3,4185.4,1239.5,297.88,61.692,168.27
188.95,-2561.3,-415.76,4407.6,714.48,165.48
3440.9,2826.9,-2610.7,211.49,-78.814,189.37
1241.9,-4959.5,325.39,677.96,-41.899,163.67
672.76,4917.7,-705.13,1241.6,-174.94,164.98
502.11,-4592.6,-1593.4,1588.4,545.26,172.79
1082.5,4807.9,1346,751.82,200.55,169.33
665.64,-4524.1,-2046.9,1156.8,512.93,178.98
637.56,4852.3,-1002.1,1296.4,-263.49,166.73
1165.1,-385.69,4967.5,172.23,-223.01,686.75
1453.7,-1381.8,4727.3,226.04,-369.5,419.39
4675.7,-1241.1,1808.8,169,-16.231,174.4
1198.9,-4711.2,1605.8,668.19,-214.14,172.03
927.74,4930.1,844.39,896.78,148.5,165.64
1284.8,4644.7,-1746.9,617.34,-215.94,173.75
1160,4152.1,2755.5,612.71,377.72,193.89
1985,-4751.6,-92.101,424.97,7.0205,163.37
985.17,4096.7,2867,707.87,469,197.61
3617.5,3493.8,-1166,227.19,-36.632,167.68
1563.7,2999.5,3869.5,354.87,360.81,248.34
2252.3,-4485.4,1172.6,364.77,-76.239,167.74
663.44,-4746.6,1455.9,1216.7,-366.47,170.72
4277.3,-2858.8,-447.21,196.51,9.5016,163.96
3719.3,-2919.8,2072.7,207.74,-56.297,178.36
2710.2,4054.2,1681.7,294.28,84.462,172.79
3976.5,2278.3,-2378.7,188.29,-48.644,184.06
2066.5,-2891.8,3729.3,281.52,-240.84,236.88
304.49,4341.1,301.3,2764.2,191.18,163.73
246.95,3726.7,1041.6,3290.6,917.45,169.58
3187,-2491.6,3205,207.44,-101.39,208.46
1716.6,-78.718,4848.9,163.51,-21.327,490.96
864.02,-3441,-3628.5,682.3,678.25,233.77
2046.6,-4727.2,40.079,412.23,-2.9463,163.35
4602.6,1731.8,-1578.1,174.53,-19.746,171.55
1303.7,-350.81,4946.2,169.24,-163.52,624.61
299.45,105.59,-4320.6,177.21,-1090.4,2597
1338.6,4612.6,1800.3,590.14,212.69,174.45
2235.8,3435.5,-3124.5,300.02,-191.98,205.44
551.6,4891.1,-374.74,1525.1,-115.51,163.81
3386.6,-2333.6,3119.2,198.44,-85.531,205.06
2512.4,-4480.6,453.79,334.5,-25.8,163.98
2408.4,3610.4,2783.6,294.81,157.52,194.09
2811.4,-3853.8,-1964.8,277.46,92.431,176.67
1666.6,1598.4,-4595.4,226.85,-314.05,364.51
266.41,11.81,-4075.1,163.6,-177.19,3161.9
3539.9,2969.2,2302.7,213.28,68.397,182.52
4136.9,2132.3,2237,183.79,40.523,181.25
4816.4,1784.5,541.64,174.2,6.3888,164.25
1138.7,-4327.4,2476.9,648.15,-347.42,186.72
4726.1,-1989.2,-618.12,177.23,8.2965,164.52
5148.8,138.46,-387.35,163.4,-0.33067,163.8
184.96,1977.6,1397.8,3726.2,2628.7,199.96
4855.7,1159,-1324.9,167.93,-10.358,169
2504,-4503.1,-213.9,336.65,12.227,163.48
654.66,4270.3,-2526.2,1112.3,-643.81,189.25
4541.2,-2393.1,567.95,184.66,-9.5345,164.34
2720.9,2426.1,-3649.9,219.02,-146.23,231.25
4586.9,-272.6,-2357.7,163.63,4.9871,183.61
3415.9,3128.5,2278.1,221.61,73.706,182.05
1262.9,-365.1,-4953,170.14,180.82,641.36
984.86,-4829,1297.7,828.4,-213.96,168.91
1752.7,4501.1,1772.8,451.87,154.71,174.01
3898.6,3385.3,28.511,216.41,0.7843,163.34
295.59,-368.06,-4282.1,293.65,2359.4,1587.7
3294.5,1180,-3794.1,173.53,-63.576,241.06
4368.6,-1687.8,-2176.1,175.12,29.361,180.13
3100.5,1277.1,3922.9,176.69,78.913,251.56
1076.7,-4889.1,1014.8,767.93,-152.18,166.67
307.43,3937.2,1891.8,2474.6,1183.8,181.14
3939.2,-2990.7,-1483.1,205.15,37.239,170.53
3317,2881.9,-2708.1,216.49,-87.629,191.91
557.83,4350.5,-2276.2,1342.2,-691.88,184.05
326.94,1636.4,-4154.8,957.82,-2361.1,440.07
1009.2,-4982.6,403.28,833.39,-64.861,163.85
1136,4147.6,-2768,624.35,-388.16,194.29
1397.9,3740,-3225,469.37,-355.71,210.04
1174.7,3355.4,3681.3,498.64,488.37,235.26
956.83,-5001,60.492,881.7,-10.299,163.35
1261.6,-4307.1,2473.2,585.63,-310.12,186.53
2413,4556.4,39.814,349.64,2.3884,163.35
582.9,-4921.3,-229.38,1445.9,66.53,163.52
3032.4,2817.4,3081.6,223.11,113.24,203.69
4442.8,1683.3,-2024.4,174.69,-26.403,177.57
3296.7,-1683.3,-3597.2,183.45,81.23,227.87
3164.7,-4071.8,202.74,266.39,-8.2772,163.47
883.93,929.66,4914.3,239.24,675.13,651.67
2107,3458.4,3185.3,314.63,211.69,207.88
4249.3,2904.8,415.67,197.9,9.028,163.87
1611.3,4717.2,1258.5,507.67,121.42,168.47
3122.1,-3006.9,-2800.9,226.93,101.86,194.51
4948.3,-959.13,1127.9,166.38,-7.0921,167.38
1515.4,-2605.6,4160.7,326.31,-390.5,278.68
904.11,-2530.9,4314.3,492.75,-747.66,309.33
2055.3,4721.2,-156.27,410.32,-11.429,163.42
2164.8,-372.72,-4661.5,165.76,60.012,384.04
1395.5,4766.2,-1295,584.99,-146.55,168.81
973.03,-2709,4203.5,489.37,-674.73,289.41
2780.7,3102.4,-3042.6,244.96,-133.42,202.31
724.46,-4149.5,-2758.2,974.07,629.26,195.29
1474.9,4919.6,37.114,572.03,3.9635,163.34
2213.9,-2714.8,-3780.2,258.88,216.96,240.45
3230.7,-3313,2285.8,234.11,-82.895,182.2
3797.8,-879.28,3385.4,167.67,-32.901,216.42
1839.4,4566.1,1504.5,438.63,124.48,170.81
840.92,-4764.4,1514.4,957.44,-295.48,171.16
2405.8,-3260.6,-3188.2,275.53,174.73,207.9
174.32,1482.4,-1027.1,3979.2,-2752.6,198.67
4055.3,-2146.6,2368.5,184.84,-44.694,183.84
541.33,-4101.2,-2676.7,1308.2,840.52,194.6
4623.8,1573.6,1678.5,172.55,19.126,172.73
2620.3,1142.3,4293.3,178.24,107.34,295.07
1097.8,-1682,-4699.1,301.2,594.04,416.76
227.88,3583.5,-325.52,3687.2,-334.28,164.01
3345.4,-3897.3,512.53,250.95,-19.02,164.15
2326.3,-4341,1522.8,346.47,-94.531,170.98
776.77,-4174.1,-2738.7,912.55,579.56,194.42
2338.3,-4092,2089.1,329.83,-127.09,178.69
5150.7,350.95,-162.95,163.72,-0.35163,163.42
4515.4,-339.18,-2483.5,163.8,6.7381,186.32
4796.3,517.33,-1845,164.29,-6.746,174.89
458.98,2504.4,-4104.3,967.58,-1540.5,310.31
437.4,-2010.7,4330.3,825.73,-1708.8,381.56
4985.7,322.47,1310.1,163.68,2.7733,168.87
4871.5,247.8,-1698.2,163.55,-2.896,172.97
2702.8,-4389.1,200.63,311.92,-10.349,163.46
640.83,-3661,3340.6,978.73,-868.22,219.72
1052.6,-4461.3,2247.9,719.56,-343.87,181.95
559.28,4283.4,2402.2,1318.2,727.89,186.93
3221.2,2444.6,-3207.1,205.15,-98.519,208.54
3548.1,-2920.8,2351.6,211.66,-68.923,183.51
2609.1,-4432.3,-386.85,322.45,20.922,163.8
3561.8,3500.1,1309,229.13,42.142,168.86
3702,2266.2,-2795.3,191.56,-64.501,194.32
3006,-3326.8,-2554.4,243.84,103.21,188.02
2990.8,4202.1,-158.73,281.97,-7.077,163.42
163.72,-351.85,-36.444,5125.7,530.38,164.21
4774.8,1949.9,-273.33,176.45,-3.5389,163.57
580.81,-4827.1,-978.83,1424,284.96,166.62
4580.3,-2358.7,-361.44,183.75,5.9079,163.74
3071.6,-3354.5,-2438.1,242.06,95.819,185.35
1727.4,4778.7,805.23,482.41,71.968,165.38
2515.5,4501.2,75.392,335.36,4.2846,163.36
1427,-3533.7,3440,438.71,-367.88,220.13
3480.2,3638.5,-1139.1,236.45,-38.698,167.47
3417.9,3843,-441.83,245.94,-15.804,163.94
988.12,4292.1,-2565,737.71,-419.24,189.05
184.69,-2380.1,372.54,4513.4,-705.54,165.33
4727.7,-2020.3,-491.72,177.65,6.6831,164.09
3697,-3323.9,1392.3,219.75,-41.189,169.63
164.48,605.95,-33.019,5121.9,-278.81,163.58
4125.6,-2735.1,-1470.9,196.02,32.22,170.41
4047.2,-2085.9,-2435.7,183.79,45.102,185.27
2613.9,4441.8,201.45,322.52,10.875,163.46
4507,2521.4,-29.574,187.19,-0.5239,163.34
4624,-2234.5,-546.88,181.43,8.415,164.26
503.41,4435.1,-1993.6,1530.1,-679.94,178.91
3022.7,-4094.8,851.52,275.29,-37.094,165.61
861.01,-4557.8,-2057,895.67,390.79,178.7
257.66,3081.5,-2534.3,2531.1,-2073,211.31
2327.6,4112,2061.4,332.2,126.28,178.23
3556.5,-3694,-597.01,235.64,19.784,164.44
184.77,-2209.2,970.97,4180.7,-1834.6,178.4
3697.5,1947.6,-3031.5,184.65,-62.52,201.84
1357.2,4910.4,-605.24,617.28,-70.757,164.49
1583.2,3711.6,-3184.3,418.21,-304.07,208.14
3822.6,989.28,3326.7,168.73,35.677,213.66
167.41,-454.05,1036.7,2027.4,-4598.8,406.03
1185.7,2704,4181.2,410.04,533.43,283.46
2218.5,-4292.8,-1792.2,356.55,117.61,174.22
1779,4604.7,-1454,454.92,-125.13,170.29
230.51,-193.11,3635.9,253.55,-2792.7,2357.9
188.23,1.6945,-2565.5,163.37,-81.119,4481.4
1005,4405.3,-2363.2,743.78,-379.75,184.36
1209.9,4053.3,-2885.7,575.9,-377.02,197.78
3275.4,-3455.3,1993.1,237.58,-72.266,177.09
3021.9,-4181.2,122.11,279.12,-5.3601,163.39
5043.9,677.44,-882.35,164.81,-3.8075,165.78
3596,-2531.8,-2703.8,199.83,70.825,191.78
1612.2,-4427.4,2057.3,479.56,-196.99,178.25
3007.3,1657.7,-3851.8,186.58,-101.26,245.61
1868.6,4390.6,-1932.4,418.47,-156.12,176.24
1310.6,4758.8,-1388.8,619.67,-168.28,169.69
4954.1,1460.7,-36.359,170.3,-0.33938,163.34
2512.8,-2749.4,-3566.6,242.39,171.66,226.25
931.83,4991.8,-316.79,903.66,-55.474,163.66
3524.6,1637.4,3397.9,180.14,66.475,217.05
1573.3,1411.3,-4685.3,219.96,-327.55,398.22
4653.5,1817.1,1310.3,175.37,16.749,168.87
4117.2,3055.3,615.25,203.46,14.564,164.51
1758.8,3205.2,3620.8,340.66,296.37,230
737.28,4749.2,1516.3,1091.3,340.6,171.29
4538.8,-963.58,-2267.8,166.99,16.97,181.83
4906.5,-211.11,1599.6,163.49,-2.2916,171.8
3162.1,-278.26,4069.3,163.97,-18.475,265.78
501.97,-3199.3,-3659.8,1113,1245.8,246.66
3748.5,-1936.6,2975.6,183.89,-59.617,199.93
3224.9,-3092.1,-2584,226.43,90.755,188.72
2017.6,-4739.3,-21.69,418.17,1.6218,163.34
4122.2,-771.13,3012.9,166.18,-21.985,201.17
4398.4,2368.5,-1309.1,185.55,-23.079,168.86
3089.9,-224.08,4127.3,163.77,-15.825,272.33
3388.8,-3517,-1670.8,235.55,58.089,172.64
2198.9,4374.1,1609.8,364.48,107.2,171.95
1108.7,4732.1,1583,723.54,229.71,171.8
1587.9,-4232.1,-2447.9,467.14,237.16,185.78
2314.1,-1820.4,4231.4,208.02,-185.41,286.28
231.84,3093.7,-1959.4,3075.6,-1942.4,193.27
913.91,3056.9,-3959.1,578.81,-689.95,260.52
2017.4,4665.5,833.52,412.7,62.182,165.52
3553.3,-470.01,3715.3,164.77,-22.443,235.39
193.98,2773.5,-244.03,4332.7,-380.68,163.97
3886,-3210.4,1118.9,211.95,-29.997,167.32
4214.4,-2537.7,1570.2,190.71,-31.434,171.47
1469.8,4878.3,-647.37,569.46,-69.352,164.65
2426.5,-4549,-69.031,347.67,4.1114,163.35
3530.4,-1194.4,3572,172.45,-53.072,226.35
439.39,3979.3,-2644.2,1601.8,-1053.3,195.8
1661,-4755.5,1036.6,497.5,-96.75,166.77
2400.3,2191.5,-4002.4,221.42,-184.3,259.3
1682.1,-4629.3,1481.8,480.29,-135.95,170.58
2626.6,-4178.5,1498.3,307.35,-79.078,170.71
4832.8,398.27,1778.2,163.89,4.9418,173.99
2501.7,-3339.3,3030.5,272.8,-158.82,201.93
1524,-4787.8,1074.6,541.34,-110.44,167.04
638.32,4951.6,185.26,1320.8,48.663,163.45
1086.1,114.64,-4991,164.27,-80.604,772.41
689.79,3635.3,3394.1,900.94,813.52,221.75
3255.7,-3789.2,1296.8,250.83,-49.439,168.76
3279.2,-3984.8,92.038,257.25,-3.5462,163.37
2261.5,-4451,1281.1,361.35,-82.756,168.64
2372.3,4361.5,1389,342.48,84.259,169.62
4258.5,-853.96,2793.5,166.6,-21.098,194.25
1656.5,4538,-1763.5,478.42,-164.25,173.9
3815.7,-2665,2235.1,199.3,-54.869,181.22
210.53,3042.1,-1161.3,3744.3,-1426.7,174.82
801.64,2703.4,-4200.9,585.87,-839.65,293.42
1606.7,2343.8,4284.4,289.91,361.72,295.86
1256.9,-4524.3,2051.1,615.06,-259.17,178.26
2401.1,-4554.8,267.23,350.9,-16.126,163.56
2483.9,1968.1,4068,208.57,166.71,266.01
5123.4,-330.9,566.21,163.68,-1.1646,164.33
2598.8,-3616.7,-2601.4,280.28,133.13,189.2
3038,4155.1,367.76,277.01,15.993,163.76
1632.6,3008,-3837.4,343.74,-339.51,245.56
955.98,-2669.1,-4229.6,490.83,691.66,293.7
2945.4,-2471.7,3441,213.37,-122.96,219.28
4071.2,510.55,-3135,164.62,-15.676,205.62
1005.5,2850.5,-4106.8,496.89,-638.53,275.82
616.68,3961.1,-2960.5,1100.2,-804.17,203.11
2281.4,-4543.8,-847.91,364.78,54.422,165.6
4279.9,-2139.7,-1942.1,182.64,33.187,176.3
820.86,-3735.5,3320,775.87,-659,216.38
1244.7,1990,-4553.9,309.96,-512.34,357.2
4579,1915.2,1427.4,177.07,19.67,169.97
847.36,-4908.2,-952.17,977.95,184.42,166.3
1643.8,4508.5,-1847.9,478.93,-173.46,175.04
1364.8,-4907.1,-618.47,613.65,71.862,164.54
1917.5,-4361.2,-1953.6,407.07,152.98,176.55
3414.4,403.5,3850.3,164.48,21.667,245.39
4331.3,-850.21,2680.6,166.46,-19.499,191.14
859.1,-3970.6,3039.5,786.11,-575.79,204.06
2936.9,3832,1820.5,268.78,80.533,174.58
315.98,3576.4,2585.8,2165.9,1557.1,201.37
304.56,3715.5,-2266,2366.6,-1436.5,191.2
326.75,-2493.4,3703.5,1448.4,-2124,291.19
821.44,4559,2047.6,939.31,409.13,178.6
4186.9,2617,1512.2,192.66,31.31,170.84
3223.7,849.34,-3940.1,168.93,-50.988,253.06
163.37,98.67,24.159,5016.3,1226.9,168.16
3150.1,2191.4,-3451,199.06,-102.42,219.76
2492.1,-283.96,4505.6,164.4,-33.575,336.36
163.8,-10.985,388.45,218.76,-3423.1,3845.8
1870.4,-127.68,-4794.7,163.72,28.737,450.03
405.72,2950.4,3676,1307.8,1604.1,259.72
2565.1,-4468.8,220.71,328.61,-12.22,163.49
1150.2,4793.7,-1366,706.85,-190.66,169.5
579.4,3951.9,-2938.2,1172.6,-854.92,202.84
2572.2,-4361,982.06,322,-53.853,166.39
413.93,-1908.9,4328.6,835.92,-1823.1,398.28
2518.4,4486.2,-355.69,334.22,-20.169,163.73
332.84,-4453.8,578.12,2513.8,-324.92,164.7
2609.4,4438.3,-308.31,322.75,-16.678,163.63
1564.7,-4641.5,-1557,513.85,154.96,171.4
4480,1990.4,1624.7,178.75,24.081,172.09
1572.4,4737,-1227.7,521.01,-121.76,168.21
3449.3,150.49,-3837.5,163.5,-7.9386,244.37
453.67,-3998.3,-2656.2,1551.7,1019.4,195.77
4608,330.24,2308.7,163.76,5.8572,182.62
379.5,-4318.4,1723.8,2065.6,-819.39,175.8
568.32,132,-4915.5,168.07,-347.6,1442.7
1586,4689.3,1385.3,512.27,135.95,169.62
4683.6,-2170.6,164.57,180.05,-2.416,163.42
936.48,4778.9,-1476.6,862.12,-256.82,170.69
1351.8,898.99,-4866.4,196.61,-329.7,518.52
1168.7,-4978.8,-175.37,721.48,24.11,163.44
4033.7,-2449.2,2096.1,191.13,-44.117,178.75
977.13,-4851,1214.1,838.55,-201.9,168.19
4309.3,-2023.2,2001.1,180.47,-32.277,177.2
2805.1,-4329.9,7.0632,300.77,-0.34594,163.34
1904.3,-4622.8,1230.3,430.21,-97.989,168.22
4192.4,-2638.9,-1458.1,193.05,30.303,170.28
2551.7,3723.7,-2494.1,289.36,-132.05,186.64
3942.2,3103.3,-1220.5,207.95,-31.322,168.11
622.63,-969.56,4852.1,310.09,-1121.3,713.77
2416.4,2548.4,-3775.1,237.68,-185.8,239.95
3638.7,-3614.8,587.87,230.35,-18.626,164.41
1857.7,4781.6,-430.47,452.57,-35.435,163.91
172.35,-26.545,1647.1,181.37,-2126.5,4408.6
3894.2,3068,-1443.1,208.01,-37.512,170.13
167.39,-3.2588,-1128.5,163.99,446.88,5020.5
163.36,0.078335,81.513,163.42,156.7,5162.2
1594.8,-111.7,4885.8,163.74,-35.332,527.73
514.9,3561.2,3327.8,1202.4,1102.8,222.59
785.57,3076.4,-3933.4,674.05,-811.2,260.26
1555.4,4864.1,-577.51,538.98,-58.116,164.38
955.49,-4481.6,2220.3,794.54,-377,181.53
1777,4585.7,-1515,453.73,-130.48,170.92
192.69,2416.1,1288.8,3863.9,2057.5,185.09
3501,-2045,3195.3,189.22,-75.335,208.03
4986.1,-1157.8,690.15,167.69,-5.1192,164.82
540.97,-1661.7,4606.6,551.06,-1393.4,462.28
1997.5,4619.5,1095,412.72,82.509,167.17
3794.2,-3089.6,1648,210.72,-44.864,172.37
5075,-788.26,-549.91,165.3,2.7193,164.27
438.85,-3194.7,3551.3,1291.5,-1412.7,243.15
4484.4,-2516.3,479.37,187.33,-8.5544,164.05
1068.3,4405.5,-2352.3,700.88,-353.91,184.05
4415.6,583.96,-2613.7,164.76,-12.693,189.42
5042.1,19.011,-1120.7,163.34,-0.13704,167.33
203.61,1161.5,-2854.2,1569.1,-3814.2,431.34
3285.2,377.88,3963,164.42,22.572,255.13
1521,-4907.4,-58.659,554.67,6.0551,163.35
220.61,-129.28,-3466.3,216.7,2509.2,2882.7
4571.5,-2353.6,484.41,183.74,-7.9318,164.06
4414.8,-2138.9,1614.1,181.52,-26.07,171.96
1003.1,-4674.8,1771.9,788.63,-286.09,174.21
165.23,5.3109,778.39,167.01,1064,4994
2960.9,-4191.8,-536.14,283.41,24.207,164.23
3792.9,312.6,-3489.1,163.89,-12.365,221.69
238.95,91.639,-3764.9,184.51,-1640,3125.6
3818.9,1121.6,-3288.8,170.25,-39.708,211.96
2278.5,4498.7,1067.4,362.25,68.471,166.96
1174.1,-4614.9,1874.6,668.57,-255.36,175.55
3777.1,3464.4,623.11,221.74,18.24,164.54
1319.7,-1433.5,-4743.6,242.18,436.84,431.2
1808.1,121.66,-4817.1,163.71,-29.454,465.55
1969.8,-4708.9,685.15,424.5,-52.621,164.81
1501.4,-4763,1204.4,546.26,-125.78,168.03
245.28,-3539.6,-1512,3163.8,1347.9,177.58
4914.2,-730.7,1412,165.14,-6.9103,169.82
2542.7,3883.7,-2246.8,298.63,-121.07,181.49
4308.9,2323.3,1644.3,185.6,29.621,172.32
4814.7,-1646,-886.23,172.63,9.7363,165.8
5130,-209.28,564.85,163.48,-0.73382,164.33
4193,3009.4,-168.89,201.11,-3.841,163.43
275.85,-1142,3996.5,854.9,-2882.5,584.37
1459.3,3973.3,2907.8,476.43,307.69,198.22
369.1,-3632.8,2854.5,1800.2,-1402.9,207.4
198.57,66.907,-2934.4,189.86,-2163.6,3655.3
404.27,3142.9,-3508.6,1397.8,-1539.1,243.88
1962.3,4669,-933.44,422.83,-71.917,166.09
4743.6,3.4453,2042.8,163.34,0.051149,177.86
1793,-4370.9,2041.1,431.91,-172.84,177.95
3370.3,3384,1957.9,231.61,67.35,176.55
1057.1,-872.36,4918.5,212.83,-493.13,612.56
1427.1,4183.7,2610.9,508.93,284.9,189.74
2329.2,-4342.7,-1513.7,346.25,93.832,170.88
1135.4,-2787.1,-4134.9,436.86,557.52,277.84
3036.4,-4102.7,-760.26,274.83,32.938,165.14
243.7,3483.6,-1589.4,3150.5,-1433.5,179.5
306.53,3972.7,1804.2,2507,1133.7,179.33
572.01,-4779.1,1168,1433.3,-345.74,168.09
292.1,3820.2,1919.5,2582,1292.1,182.73
592.36,-1665.9,-4642.4,505.04,1260.2,460.64
1687.4,469.66,4836.2,169.61,126.67,481.51
2696.6,3633.7,2476.5,274.41,120.76,186.23
2048.2,4580.3,1167.4,401.2,85.306,167.71
932.4,-4950.5,-714.81,895.88,125.06,164.98
2329.8,-4229.4,-1805.4,339.18,111.21,174.4
4176.4,-3018.4,336.66,201.59,-7.7224,163.69
4838.5,1594.2,850.69,171.99,8.9963,165.6
3853.5,-3304.6,-942.81,215.26,26.052,166.14
3866.4,-3406.1,329.35,217.77,-9.2104,163.67
3015.4,-2404.4,3428.5,209.03,-116.05,218.64
175.85,-1619.7,-1016.2,4065.2,2546.3,192.78
711.88,371.21,4965.6,185.3,552.79,1044.7
634.59,2181.2,-4447.3,603.54,-1140.4,359.82
3270.6,3989.9,155.81,257.85,6.0288,163.41
5146.9,-425.06,-89.852,163.9,0.23492,163.36
1954.7,1157.8,4621.6,190.02,198.01,371.02
4498.3,2531.4,169.54,187.46,3.0228,163.43
3283.9,1104.6,-3825.7,172.36,-60.811,243.48
876.06,4902.4,-989.1,944.58,-184.88,166.53
186.79,-2496.9,-188.62,4504,339.78,163.8
2931.7,-4229.8,-371.43,287.03,17.043,163.77
4076.6,-3043.3,-885,203.89,21.241,165.8
2242.6,4515.4,1071.1,367.98,70.09,166.99
2539.9,4353.7,-1090.9,324.65,-60.752,167.13
1543.8,4587.4,1726.4,514.71,174.2,173.43
3298,-399.4,3950.3,164.54,-23.58,253.96
5113.1,-27.478,731.35,163.34,-0.12568,165
1829.6,-4261.9,2232.2,415.46,-183.97,181.29
3878.5,-3331,-721.94,215.4,19.837,164.96
197.83,1640.9,2405.7,2406.9,3512.5,289.42
4115.2,-2938.9,1045.3,200.77,-24.144,166.8
562.78,4519.6,1927.7,1380.5,580.54,177.39
3246.7,3902.8,930.44,255.6,36.05,166.06
234.3,-843.98,3601.7,836.8,-3435,702.9
2363.4,-4492.5,-900.54,351.49,55.241,165.89
1045.3,-3214.6,3824.8,534.13,-576.09,246.82
5023.9,-694.6,-977.9,164.9,4.3589,166.35
1780.5,-4468.9,1827.7,442.92,-156.51,174.75
204.45,85.489,3103,198.93,2352.8,3388.2
3724.5,-345.73,3558.7,164.04,-14.453,225.56
2440.9,-1479.1,-4294.4,191.11,149.51,295.44
2222.5,-2293,-4045.4,235.01,214.34,263.84
858.95,-4923.9,871.37,967.64,-166.36,165.81
3326.6,3578.1,-1665.2,240.04,-59.986,172.58
4760,285.82,1984,163.63,4.0856,176.93
925.33,-4696.4,-1721.4,857.93,303.06,173.59
1938.5,-1941.4,-4357.8,231.59,261.22,306.97
3720.2,-3372.1,-1201.6,220.55,35.485,167.96
1648.4,4480.3,-1911.7,475.1,-178.76,175.96
4284.1,-2883,53.614,196.93,-1.1427,163.35
223.97,93.287,-3529.5,191.23,-1956.3,3217.7
981.07,-3018.4,-3986.7,535.2,641.03,262.46
3898.8,2766.2,-1951.1,200.33,-47.37,176.44
797.52,-4906.5,936.89,1039.6,-193.61,166.22
4740.9,-1769.6,1032.9,174.36,-12.458,166.71
336.83,4412.6,921.02,2452.2,509.57,166.84
3452.5,-187.02,3833,163.58,-9.8307,244.01
2538.3,-4489.1,26.02,332.38,-1.4613,163.34
2907.4,6.564,-4262.6,163.34,-0.54239,290.19
431.89,-4762.4,154.17,1952.5,-62.765,163.43
3085.9,-2549.5,-3257.1,212,110.05,210.65
1291.1,4927.6,575.32,649.32,71.013,164.38
3148.2,-3241.6,-2493.2,234.61,92.982,186.58
3278.8,1171.6,3810.2,173.48,64.02,242.28
4944.6,1091.2,1018.7,167.27,7.2598,166.62
4216.4,-2951,424.99,199.42,-9.4524,163.9
989.46,-4225.4,-2673.3,725.85,435.96,191.88
2313.4,-3632,2833.8,304.58,-169.3,195.58
4397.3,1008,2513.4,167.58,20.888,187.01
2261.9,261.31,4624.2,164.43,38.523,370.53
182.35,-31.893,-2294.7,175.52,1692.5,4305.5
4772.9,-746.89,-1826.8,165.33,9.677,174.64
2812.1,-4035.6,1556.4,286.03,-74.338,171.33
1997.3,-4489.9,1542.7,403,-115.72,171.21
894.82,-4971.7,547.16,937.38,-100.03,164.3
759.27,2354.6,-4399,543.8,-924.3,333.77
1354,-4887.1,-775.2,615.95,90.831,165.24
1287.2,-4258.9,2546,568.8,-311.99,188.22
4962.5,412.16,-1371.7,163.9,-3.741,169.43
740.09,3789.2,3240.6,872.85,720.34,213.33
323.16,3173.7,3116.7,1866.3,1818.7,228.5
969.01,3941.1,-3078.5,693.48,-511.64,205.07
4259.8,1621.3,2427.6,174.79,33.158,185.09
4938.4,-1260.6,836.83,168.58,-6.853,165.53
4564.8,626.74,2332.9,164.87,11.369,183.11
3592.3,-3492.9,1243.8,227.94,-39.487,168.3
1877,-4793.9,-20.766,449.49,1.69,163.34
4521.7,-1152,-2213.4,168.56,19.765,180.81
1162.1,-4897,-920.89,714.14,127.27,166.05
378.27,-569.07,-4611.4,317.65,1893.4,1146.9
4226.1,-2616.4,-1400.6,192.15,28.532,169.71
824.9,-2873.5,4089.4,603.01,-795.23,277.04
4613.3,303.79,-2301.9,163.69,-5.3621,182.49
4172.5,-2997.2,-522.51,201.17,11.948,164.18
2099.5,-4610.8,937.12,395.15,-66.589,166.11
264.97,-3968.1,-867.14,3110.9,677.94,167.18
800.3,-4471.4,2227.4,946.43,-457.41,181.94
703.03,4931.1,675.64,1189.2,159.87,164.84
1453,-4018.4,-2847.9,483.08,303.22,196.34
3042.7,-3569.8,2151.2,252.01,-88.068,179.72
1314.6,-3615.1,3390.8,481.24,-399.38,217.82
3631,-3566,867.21,229.05,-27.377,165.7
2697.7,-4249.9,1126.9,305.19,-57.741,167.39
4741.1,5.033,2048.6,163.34,0.075011,177.95
4406.3,-2218.1,-1527.9,182.89,25.498,171
1151.2,4964.5,-444.79,730.12,-62.14,163.96
1295,4713.6,-1545.2,621.2,-189.56,171.32
5108.3,691.9,325.08,164.83,1.3966,163.66
4041.1,-3193.7,365.04,208.26,-9.1607,163.75
3609,-1717.7,3267.5,180.93,-63.671,211.05
1901.6,4774.8,308.33,442.88,24.708,163.63
767.29,4350.8,-2445.3,961.89,-525.03,186.72
4621,-2239.4,-551.74,181.53,8.5148,164.28
4193.2,-2294,1954.8,186.22,-36.596,176.49
3362.1,563.7,-3875.9,165.63,-31.209,247.48
439.23,4770.4,-259.7,1918,-103.66,163.58
3763.2,-1307.8,3284,172.94,-46.877,211.75
1778.2,-3228.5,-3591.2,339.66,290.45,228.16
171.73,-1511.9,504.35,4660.8,-1552.8,172.18
1980.8,2579.4,-3993.6,268.76,-262.41,258.87
2729.5,2815.4,-3351.8,234.88,-144.4,214.96
2315.8,942.53,4508.1,176.41,120.43,337.33
163.34,0.0096161,18.173,163.36,86.328,5164.5
318.68,-2049.5,3923.8,1234.2,-2321.5,350.37
1041.9,-2808.3,-4132.6,474.75,615.93,278.6
1175.4,-1454.5,4763.9,261.42,-521.94,448.5
4959,-1393.2,381.39,169.67,-3.4014,163.79
3407.6,-3616.8,-1397.4,238.34,48.836,169.68
3539.9,-3757.3,-37.118,238.33,1.2486,163.34
3765.9,-451.1,3503,164.51,-18.105,222.44
2800.3,-3828.3,2029.3,276.97,-95.757,177.68
1916.2,-4541.6,1488.3,421.48,-117.38,170.63
4671,-1791.5,1283,174.96,-16.084,168.63
5031.7,-1166,-36.99,167.67,0.27135,163.34
165.29,-1.2626,-791.39,163.54,253.89,5097.9
2738.2,-4349.6,441.83,306.99,-22.356,163.94
951.41,4976.9,-495.21,882.57,-84.808,164.12
175.46,-1797.4,569.25,4584.3,-1450,171.33
4108.6,-2822.4,1348.4,198.22,-30.392,169.22
164.76,-0.31768,-675.98,163.36,75.362,5120.2
3149.8,3138.8,2619.5,230.75,96.08,189.61
459.46,-4.7373,-4808.7,163.35,20.175,1836.2
3965.1,2384.6,2291.9,190.65,48.729,182.3
1326.8,-4166.9,-2679.4,542.09,316.93,191.6
4411.7,2631.5,530.85,190.23,10.08,164.21
1037.8,-4620.5,1902.5,754.27,-296.01,176.04
209.78,1215.5,-3001.8,1517,-3703,433.02
2693.2,4383.4,375.63,312.44,19.456,163.78
1959.6,4664.6,960.83,422.97,74.134,166.26
1841.6,4307.7,-2132.7,416.91,-174.72,179.49
247.9,-3629.1,1375.4,3183,-1203.1,174.65
1456.5,4516.5,-1962.4,535.26,-210.91,176.77
245.7,3814.3,552.68,3398.5,491.28,165.04
771.04,-513.58,-4965,197.67,606.12,904.19
3965,389.61,3284.5,164.13,13.254,211.76
340.58,-4497.3,-477.51,2463.5,260.41,164.25
5068.2,-755,-649.98,165.14,3.0897,164.65
234.62,3405.2,1457.8,3306.4,1412,177.64
691.67,4726.8,1548.6,1160.3,372.6,171.72
3803.3,-2498.4,-2439.3,195.48,57.606,185.35
2372.5,-2471.1,3852.9,236.14,-192.02,245.98
813.04,4996.8,-34.511,1037.7,-6.9895,163.34
4150.9,-1981.4,-2347.2,181.02,39.846,183.4
2644,4392.3,-567.13,317.16,-30.089,164.34
164.47,0.24012,604.34,163.35,63.94,5129.4
1380.5,-4486,2074.5,558.94,-236.4,178.6
2412.4,-4144.6,1893.8,325.26,-111.14,175.63
2364.7,-2978,3481.2,263.06,-188.94,221.54
3361.4,3724.8,-1212.8,243.96,-43.825,168.05
1656.3,2323.4,4278.5,282.3,345.81,294.73
4539.2,-2444.5,303.59,185.55,-5.1857,163.62
1158.6,-2439.6,4345.4,383.9,-560.01,309.84
1491.8,-4068.9,2757.7,477.04,-285.41,193.65
2612.2,4147.7,1604.9,306.93,85.13,171.88
1145.8,4897.9,928.57,724.09,130.29,166.1
5017.4,-1220.1,-125.88,168.11,0.96934,163.39
4691.8,-1063.7,1878.8,167.49,-14.48,175.37
241.5,3786.8,-322.25,3481,-295.58,163.93
3186.1,3082.9,-2642.2,227.43,-94.382,190.18
1289.5,1296.1,-4789.1,232.54,-435.29,459.58
164.83,-2.024,692.74,164.02,-466.21,5097.3
2221.6,-4589.8,-748.83,375.73,49.717,165.09
1791.4,1204.5,-4671.7,197.09,-239.35,390.32
3352.3,-1608,3580.5,181.2,-75.616,226.87
1447.2,-4921.5,227.1,582.41,-24.761,163.5
2531.6,-2546.4,3701.7,231.91,-169.9,234.72
3677.2,-3127.6,1830.3,214.52,-52.756,174.7
5023.7,-694.91,-978.75,164.9,4.365,166.36
3756.8,3335.3,1191.1,218.51,34.431,167.87
809.23,-4893.1,1011,1021.6,-205.67,166.7
4484.8,2493,-585.26,186.91,-10.368,164.4
511.29,3703.1,3163.8,1259.1,1057.6,214.07
4667.4,-1412.1,-1701.6,170.66,17.265,173.01
3661,3633.6,-218.6,230.25,-6.8808,163.49
255.07,1801.5,-3529.2,1510.9,-2925.2,357.59
311.55,-748.11,4326.3,488.7,-2510.4,905.12
1200.2,-1485.1,4750.4,261.34,-509.4,439.34
4855.9,-1255.9,-1232.7,168.72,10.394,168.21
170.38,1468.3,43.947,4949.5,147.98,163.41
3708.4,-3458.2,-971.54,223.44,29.228,166.31
2174.4,-4649.5,-458.62,386.48,31.312,163.99
4122.5,-2044.3,2343.2,182.35,-41.304,183.32
300.76,-4314,-369.01,2795,238.26,163.93
5131.5,-466.63,-360.33,164.01,1.0398,163.74
2047,3915.2,-2649.1,353.42,-188.05,190.49
3830.7,3437.5,409.83,219.55,11.688,163.86
1520.9,-4907.4,-58.273,554.72,6.0159,163.35
1602.5,1788.7,-4545.5,245.51,-347.72,350.29
4724.2,2060.3,-333.65,178.22,-4.6166,163.68
3945.7,1887,2744.4,181.09,49.092,192.87
1338.3,4942.9,294.01,629.39,34.916,163.61
697.19,4968.2,271.23,1208.4,64.763,163.58
2713.2,-4054,1677.4,294.05,-84.124,172.74
653.3,3462.9,-3552.5,909,-902.4,232.06
180.25,-2182.8,-1.5508,4680.8,3.3215,163.34
219.8,-3.835,-3453.3,163.4,99.956,3837.1
168.94,13.678,1318.4,171.35,1508.2,4760.5
1081.3,-1625.5,-4720.9,297.29,602.79,428.71
3871.3,-1916.8,2828.1,182.3,-53.03,195.27
168.96,-53.127,1319.6,258.81,-3868.1,3151.4
3769.7,2557.1,-2430.6,197.43,-59.214,185.17
4546.6,2436.9,-249.69,185.35,-4.2426,163.53
3628.5,3087.6,-1988.2,214.56,-58.094,177.01
234.85,2762.6,-2472.5,2679.1,-2388.9,219.02
3561,-2887.8,2372.9,210.39,-68.673,183.94
2904.7,-4248.7,365.02,289.73,-16.98,163.75
173.85,71.465,1766.4,255.19,3723.5,3106.2
785.26,4917.4,868.6,1058.4,182.5,165.81
3306.2,-2713.5,-2889.2,211.41,90.73,197.16
3601,3645.4,-628.69,232.55,-20.319,164.57
985.27,-4955.8,-665.57,848.97,109.8,164.75
749.08,4987.6,-30.609,1126.3,-6.7668,163.34
4262.2,-2642.8,-1231.4,192.23,24.899,168.2
2297.9,2649.3,-3777.9,249.65,-203.6,240.23
1673,-698.88,4813,177.15,-182.74,464.99
180.7,96.633,2205.5,261.54,3640.8,2916.1
4026.4,-3159.4,684.79,207.69,-17.171,164.8
669.06,-4954.8,-344.46,1258,85.986,163.73
4563.8,-2309.3,715.12,183.08,-11.569,164.93
3579.8,3680.7,-537.43,234.4,-17.606,164.23
1478.4,-2314.4,4340.4,304.75,-407.34,305.87
3539.5,-3539.8,1261.5,231.13,-41.231,168.45
1071.7,4891.1,-1007.6,771.77,-151.86,166.62
1490.6,1178.2,-4772.4,208.69,-327.45,443.01
171.59,-1575.2,137.84,4898.3,-428.14,163.96
2284.4,-4605,382.19,368.32,-24.556,163.79
1571.6,-4479.8,-1969.7,495.81,194.33,176.86
1799.9,-4057.3,2604.8,404.19,-217.12,189.42
4413,2244.3,-1469.2,183.27,-24.68,170.39
4587.5,256.34,-2358.3,163.6,-4.6906,183.62
2440.9,3172.8,-3249.9,268.26,-172.9,210.46
2617,1927.7,-4004.8,203.01,-148.72,259.39
2117.2,-4676.5,442.18,397.03,-31.187,163.95
4358.7,1173.5,-2508.7,169.16,-24.474,186.9
1930.9,4275.5,2123.2,398.04,164.38,179.31
315.62,3999.4,1861.8,2424.4,1123.5,180.1
669.09,2555.7,-4258.8,663.77,-1039.1,310.29
997.99,-4517.5,2142,767.08,-347.21,180.02
3466.6,211.09,-3819.1,163.64,-10.961,242.92
3149.9,3905.6,1208,260.4,48.85,168.01
2628.9,-4331.1,966.34,315.24,-51.453,166.29
1386.3,843.69,-4868.5,191.58,-301.85,518.9
4906.2,1271.7,-994.3,168.74,-8.3146,166.46
4451.5,-2106.2,1555.2,180.72,-24.436,171.3
517.65,-4822.1,-727.83,1611.8,240.78,165.17
385.2,4211.7,-2005.6,1978.7,-935.86,180.8
1951.5,-4547.2,1426.3,415.39,-110.15,170
4631.3,2283.9,-94.052,182.14,-1.4688,163.37
865.61,-4997.7,-172.93,974.11,32.757,163.44
4369,-2690.3,-586.44,191.86,11.51,164.4
2670.8,3564.7,-2601.4,272.74,-127.65,189.19
3874.6,3351.5,643.81,216.05,17.781,164.63
3138.6,-3719.4,-1717.4,253.47,68.439,173.22
3334.1,-2858.3,-2712.3,215.26,86.646,192.02
4114.3,-2475.8,1899.3,190.67,-38.93,175.67
4255.1,-454.68,-2890.5,164.27,11.807,197.16
2377.1,-4500.6,-821.45,350.39,50.056,165.46
5128.1,144.83,600.82,163.41,0.54081,164.46
2787.9,-2964.9,3170.5,238.66,-135.67,207.12
2560.1,-4132,-1723.5,310.59,93.719,173.31
4857.6,-326.71,-1724.3,163.71,3.8952,173.29
1796,-2701.1,-3995.5,295.86,304.25,259.35
2718.7,-4085.6,1589.8,295.21,-79.706,171.71
683.01,2196.5,4459.8,565.1,1051.5,357.05
1645.4,732.41,-4816.6,178.94,-196.21,468.06
5151,-311.25,224.17,163.64,-0.42917,163.49
1418.1,-4678.5,1566.3,566.56,-173.91,171.53
2123.6,4603.2,921.67,390.88,64.596,166.02
4972.2,-570.57,-1276.7,164.41,4.7864,168.58
4980.6,-766.48,1133.1,165.27,-5.658,167.42
196.2,2853.4,186.44,4291,279.97,163.69
461.14,4488.3,-1732.5,1707.9,-653.2,174.98
460.03,1978,-4384,768.82,-1627.1,389.65
164.63,644.56,6.7657,5124.6,53.737,163.35
4738.3,1085,-1745.3,167.57,-13.445,173.56
1631.8,-4504.7,-1866.7,481.73,176.67,175.31
2224.2,-4286.1,-1801.4,355.38,117.81,174.35
3012.8,3383.7,-2470.3,245.83,-100.24,186.07
2453,1498,-4281,191.5,-149.14,293.36
835.45,-4823.6,-1312.3,975.4,257.93,169.11
163.97,0.53853,453.18,163.45,192.28,5141.7
499.44,-179.49,-4855,174.75,597.26,1579
1665,4439.8,1991.5,467.14,183.92,177.18
1002.9,-4933.5,-808.73,830.59,130.89,165.44
4170.8,2930.1,827.76,199.67,18.659,165.48
2721.3,-4206.4,-1229.4,301.09,62.105,168.19
171.46,-1440.4,625.25,4514.1,-1956.9,178.05
951.37,-4333.2,2497.6,772.65,-425.44,187.48
444.75,-2397.6,-4142.7,960.7,1611.9,322.53
2436.2,-291.02,-4535.1,164.51,36.227,343.86
4736.6,-642.32,-1956.2,164.84,9.0753,176.5
4422,1429,2252.6,171.67,25.619,181.54
2872.9,391.74,-4267.7,164.86,-32.889,290.97
1876.5,-4629.2,-1246.5,436.21,100.99,168.35
2025.1,4458.9,1596.9,396.07,117.72,171.81
4088.2,-1022.4,2984.1,168.38,-28.971,200.2
1230.8,-4969.6,-158.39,685.14,20.596,163.42
2018.5,-4008.3,-2528.2,364.12,183.45,187.51
1407.5,-4320.7,-2387,530.59,265.35,184.53
169.92,-27.165,-1422.1,188.85,2490.2,4294.7
2847.2,4096.5,-1315.7,286.52,-62.114,168.93
2445.2,-1274.2,4357.2,184.27,-135.05,305.85
5032.5,-486.71,1056.3,164.1,-3.304,166.87
2932.3,3919.1,1632.9,272.92,72.981,172.2
5095.8,720.9,-439.17,164.97,-1.9739,163.93
2856.2,-4010.8,1541,281.89,-71.942,171.16
3023.9,1277.5,3981.5,177.36,83.924,256.95
878.29,-1909,-4622.6,396.54,797.27,395.69
3697.1,-3444.8,-1057.9,223.36,31.91,166.88
1448.6,-2224.1,-4395.7,300.64,418.78,316.43
4215.3,1041.9,-2795,168.26,-26.025,194.29
3880,2594.7,-2207.4,196.55,-51.734,180.7
1273.7,-4520.6,-2051.8,606.94,255.52,178.26
233.89,-3219.3,1810.1,3145.3,-1763.7,187.33
2993.5,-1309.4,-3994,178.33,87.579,258.16
1649.2,-1782.3,4533,241.14,-331.91,346.52
368.88,4414.4,1361.2,2186.1,670.34,170.89
3794.3,-1021.2,3349.3,169.16,-37.537,214.7
851.44,-4472.6,-2235.1,889.4,429.46,181.98
2819.2,-458.09,-4296.5,165.49,40.058,295.38
187.25,-119.37,-2521,268.4,3568.9,2742.1
1441.4,3889.9,-3025.7,472.77,-323.84,202.23
4249.2,-542.43,-2883.9,164.67,14.058,196.95
3682.2,1723,3182.3,180.37,59.937,207.5
2614.7,-4403.1,-615,320.37,33.115,164.51
539.81,-4878.8,-411.49,1557.5,129.92,163.91
2539.3,-4054,1927,308.17,-105.33,176.11
3688.1,3101.6,1852.6,213.51,52.892,175.01
163.99,-5.0287,460.22,172.73,-1672.4,4865
5106.5,-770.72,-97.65,165.19,0.46663,163.37
3113.4,1442.2,3854.9,180.06,85.221,245.83
3015.4,-3144.3,-2765.7,236.17,108.37,193.52
3984.7,1683.5,2819.5,177.34,45.048,195.01
5150,-345.71,195.47,163.71,-0.41566,163.46
3878.9,2869.3,1838.6,203.23,46.111,174.81
4713,151.18,-2106.9,163.42,-2.3439,178.92
3109.3,1378.1,-3881.5,178.71,-82.835,248.02
164.27,-22.747,546.99,268.65,-4072.2,3122.8
3200,-4033,363.56,263,-14.563,163.75
2193.8,-4358.2,-1659,364.1,110.7,172.53
4256.6,-2280,1830.3,185.33,-33.206,174.69
3020.4,3961.7,1345.6,269.66,57.986,169.2
170,1143.5,860.42,3966.8,2979.8,204.35
4186.9,-2405.1,1830.5,188.41,-35.618,174.7
3123.3,-4095.4,-326.68,269.59,13.61,163.67
668.83,-4519.8,-2059,1149.9,513.28,179.18
168.02,-19.764,1210.3,182.74,-2250.1,4488.1
3417.4,3252.4,-2095.1,225.61,-69.157,178.74
5071.4,-921.67,-332.91,166.02,1.9193,163.68
163.34,-0.016029,-30.678,163.36,85.244,5164.5
3289.2,-3609.8,1670.7,242.68,-61.435,172.64
1463.2,-4639.3,1646.1,546.16,-176.46,172.45
643.2,2242.2,-4421,610.94,-1118.5,350.7
1387.5,4786.4,1225.7,590.44,139.62,168.21
2688.4,-1544,4122.7,188.45,-125.15,272.02
2054.8,-4722,-134.24,410.45,9.8207,163.4
404.56,16.598,4711,163.5,93.139,2083.3
1874.1,-4606.7,-1330.5,434.87,107.88,169.09
3650.3,-1595,3284,178.28,-58.944,211.76
189.63,-16.7,2622,165.78,-759.48,4383.8
3443.5,-3245.2,2063.3,224.56,-67.24,178.21
3944.7,2897.3,-1645,202.72,-40.379,172.33
200.17,1499.9,2578.9,2123.7,3630.1,324.18
1985.8,-4502,1521.5,405.89,-114.96,170.98
163.5,-0.020765,230.14,163.34,-14.694,5160.1
876.81,3181.3,-3858.9,624.92,-706.25,251.51
4339,-799.6,2683.7,166.09,-18.335,191.22
4327.5,1585.1,2330.1,173.97,30.29,183.05
388.67,4630.5,634.15,2150.8,292.85,164.86
4262.9,-2212.9,1897,184.06,-33.533,175.63
448.57,4472.6,-1721.4,1756.3,-670.13,174.92
3676.2,120.54,3622.8,163.43,5.2859,229.38
164.16,-0.16423,-516.39,163.35,51.372,5139.1
1386.3,1420.2,-4732.6,234.68,-403.21,423.59
343.71,-3633,-2713.8,1969,1460.7,203.63
2065.5,-4352.2,1825.4,381.95,-130.9,174.69
1511.6,-4861.2,-691.85,553.07,71.847,164.84
1688.7,-4811.7,672.88,495.3,-61.731,164.76
2780.2,-4174.7,1207,295.04,-59.156,168.01
4052.1,-1020.8,-3033.4,168.45,29.919,201.89
3157.7,-196.63,4077.4,163.66,-13.143,266.67
1638.2,4232.9,2416.7,454.53,226,185.08
5146.9,398.78,-173.67,163.83,-0.42618,163.43
183.88,-677.78,2271.6,1321.2,-4360.4,567.26
3756.4,-1781.5,-3061.4,180.81,57.143,202.9
745.2,4951.2,-595.99,1124.2,-132.47,164.49
259.84,3908.4,905.79,3163.4,731.18,167.66
3275.8,2757,-2882.4,213.6,-92.73,196.95
4364.1,2624.2,-858.56,190.63,-16.58,165.65
4943.9,-1257.4,808.74,168.55,-6.5929,165.38
1634,-1140.8,4740.1,199.54,-273.53,422.66
1574.4,4472.4,1984.4,494.28,195.36,177.08
164.63,-492.93,-416.47,3916,3302.9,213.76
4157.7,-1730,2527.2,176.94,-38.196,187.33
3603.9,-2616.4,2611.2,201.92,-69.647,189.38
752.32,4447.6,-2258.8,1002.6,-495.69,182.7
783.45,3773,-3270.7,820.73,-683.28,214.32
542.86,-4678.6,-1451.6,1485.2,455.21,170.93
4415.7,2369.4,-1248.1,185.4,-21.855,168.34
196.48,2852.1,308.55,4269.1,461.17,164.29
4047.1,1461.7,-2854.3,173.68,-39.193,196.05
3642.1,2215.7,-2911.8,191.24,-67.989,197.85
3147.1,4059.2,503.73,266.81,20.7,164.12
4542.5,-1579.1,1882.6,172.94,-22.255,175.42
2231.9,-3577,-2964.4,309.15,184.68,199.72
2015,4729.9,315.61,417.92,23.627,163.65
4332.7,874.02,-2670.6,166.64,-19.937,190.88
1236.9,4462.5,-2190.4,616.54,-281.39,180.71
908.08,1965.7,4599.4,394.82,765.68,384.37
794.77,4993.7,106.04,1061.3,22.003,163.38
537.5,-3674.3,3233.2,1183.3,-1021.4,216.67
5061,-458.56,924.76,164.01,-2.696,166.03
377.25,4639.6,192.26,2234.6,92.102,163.48
5015.9,-759.75,970.3,165.21,-4.7369,166.3
4883.3,568.68,-1583.3,164.45,-6.1327,171.61
2560,-4238.7,-1441.5,316.42,78.935,170.13
3145.1,-1895.7,3626.2,190.79,-97.444,229.67
1802.4,-4799.1,455.28,466.25,-38.803,163.98
3652.1,3388.3,-1354.5,222.92,-41.268,169.28
183.06,-26.818,-2330.5,171.72,1421.4,4383.8
2665.5,-3158.6,3086.2,253.55,-144.92,203.91
2643,-4141.4,-1571.1,304.03,82.051,171.5
2180.6,-4657.7,328.67,386.12,-22.371,163.67
796.12,-4447.7,2273.2,946.57,-469.38,182.87
3154.8,-1944.5,3591.9,191.94,-97.802,227.58
579.86,-4084.3,2751.7,1210.1,-800.46,196.39
2205.8,-4483.8,1261.1,370.85,-84.072,168.47
3969.2,-3075.4,-1203.6,206.7,30.378,167.97
2579.9,-1810.5,-4082.4,199.68,148.97,267.51
4850.8,-1464.3,1000.9,170.63,-9.7504,166.5
3647.9,3199.6,1763,217.36,52.137,173.8
229.38,-96.733,3621.6,190.54,-1891.3,3153.1
968.47,-3873.6,-3163.1,682.63,525.51,208.45
2863.4,-4279.1,-331.26,294.04,15.738,163.68
2663.3,2483.3,-3653.3,223.52,-153.23,231.49
2634.1,-2406,3725.2,221.42,-156.25,236.29
564.12,4764.2,1205.9,1450.4,362.47,168.43
229.56,2218.4,2868,2252.4,2896.6,266.53
4883.7,1596.1,-527.71,171.85,-5.4887,164.2
4437.8,2212.6,1442.5,182.54,23.718,170.12
587.77,-3788.7,-3153.8,1108.1,902.4,211.58
3681.8,-3618.9,46.545,229.14,-1.4496,163.35
2463.3,-1604.6,4236.3,195.07,-153.9,286.8
5051.2,673.04,843.34,164.79,3.6056,165.56
3492.7,-2915.9,2438.6,212.88,-73.214,185.35
2229.4,4039.1,2297.5,338.72,147.87,182.5
4914.2,-302.47,1560.8,163.65,-3.1906,171.36
719.18,-1192.9,-4836.3,322.61,972.65,593.97
4387.8,1784.3,2057.5,176.35,28.888,178.1
4865.9,-1709.6,-277.59,173.14,3.0921,163.58
1703,4840.1,366.25,494.16,33.308,163.76
3286.7,-3110.1,-2483.1,225.01,84.975,186.35
1134.8,4969.3,415.61,741.03,58.966,163.88
817.48,478.25,-4974.4,190.24,-520.02,886.13
2631.3,4155.4,-1553.3,305.74,-81.666,171.3
1320.3,-4797.4,-1240.9,620,149.24,168.35
2144.7,4522.2,-1225.6,382.08,-84.628,168.17
2466,858.63,4446.5,173,97.249,323.03
2735.3,-4243.8,1058.4,301.88,-53.247,166.89
1958.8,4633.5,1102.3,420.73,85.003,167.22
1590.5,-1083.7,4766.7,197.99,-278.12,437.63
2788.2,-3614.7,-2403.1,267.72,111.73,184.62
3369.4,3303.7,2092,228.89,71.128,178.69
3509.6,-2908.7,2423.1,212.24,-72.086,185.01
1764.7,4622.4,1413.2,459.7,122.8,169.88
2263.4,750.7,-4569.6,172.13,-104.33,353.72
175.48,-3.4006,1886.7,163.57,-254.43,4801.2
234.98,3100.2,2036.8,3002.2,1966.6,195.35
562.06,-2930.8,3943.1,905,-1177.9,270.92
2253.8,-3837.1,2600.8,323.14,-163.06,189.22
3584.9,3535.9,1138.8,229.54,36.493,167.47
1430.5,4604.6,1763.7,553.86,193.7,173.94
2078.1,-4662.8,-694.22,402.29,50.022,164.85
1096.9,-2673.5,4214.7,434.46,-588.11,289.16
675.83,4716.9,-1562.7,1186.1,-385.52,171.91
3075.7,4125.8,-386.29,273.54,-16.479,163.8
2331.9,542.23,-4565.5,167.72,-72.776,352.36
2624.5,-4239.6,-1319.7,310.76,70.011,168.97
1292.8,3421.2,-3592.3,465.37,-428.43,229.06
5138.7,-513.4,97.149,164.15,-0.30729,163.37
228.16,2535,2560.1,2604.5,2619.9,231.91
1393.2,-4775.4,1262.8,586.93,-143.19,168.53
223.69,-1962.5,2929.1,2103.8,-3121,292.84
345.33,4537,185.15,2441.1,99.172,163.48
3537.1,-3503,-1366.6,230.01,44.48,169.39
4268.1,2523.9,-1442.5,189.8,-28.137,170.12
1311.1,3308.2,-3691.8,446.33,-431.38,235.49
348.71,2354.7,-3897,1259,-2048.6,313.89
2668.2,4330.7,855.95,311.82,44.718,165.64
988.74,3296.8,-3759.3,575.86,-603.82,242.03
995.29,-4945.1,-737.29,838.76,120.31,165.08
4955.4,380.65,-1405.8,163.82,-3.5529,169.76
4297.3,-1236.2,-2583.3,169.97,27.184,188.67
999.07,-4246.1,2639.4,722.37,-426.08,190.95
450.06,-599.32,4757.2,284.9,-1518.1,1074.8
2137.7,4232.4,-2016.9,363.15,-138.04,177.52
3910.1,3371.8,46.039,215.77,1.2577,163.35
2061.4,4414.6,1673.6,387.05,120.6,172.72
381.14,4630.7,466.41,2202.5,220.62,164.16
1458.9,-4922.9,-92.601,578.22,10.008,163.37
862.09,-3816,3231.7,754.26,-608.8,211.94
165.78,1.4075,-882.6,163.54,-252.3,5083
3819.6,-3104.3,1559.4,210.56,-42.121,171.35
1137.8,2514.4,-4305.8,399.64,-570.05,303.07
4443,-1952.5,1765.9,178.44,-26.151,173.83
1215.4,1736.9,-4661.6,286.65,-519.56,395.56
3460.3,-1736.5,3414.4,182.79,-72.436,217.87
3977.3,-2935.2,-1492.4,203.07,36.445,170.63
336.57,3581.6,-2735.4,1994.6,-1513.2,205.28
743.12,1133,-4856.1,303.06,-921.62,611.92
2703.2,-4332.7,-727.76,308.98,37.395,164.99
4836.4,1223.3,1337.7,168.49,11.091,169.12
443.73,-8.0866,4784.8,163.37,-37.123,1901
171.44,0.26927,1567.7,163.34,25.439,4921.3
1496.6,-757.6,-4855.4,183.3,241.92,502.35
4473.4,-10.821,2580.6,163.34,-0.22824,188.6
3269.9,3993.1,50.637,258,1.9604,163.35
5049.4,-879.83,-638.59,165.8,3.5496,164.6
506.9,4815,-703.68,1647.1,-238.34,165.06
1928.1,-3892.8,2764.7,369.09,-210.79,193.65
1708,4852.1,51.975,493.95,4.7126,163.35
1322.8,2148.5,4464.7,313.29,474.06,332.53
2078.4,3061.5,-3584.7,291.43,-234.04,227.52
2751.1,-1938.3,3909.9,199.93,-134.1,250.56
3065.9,3463.8,-2287.6,246.64,-91.446,182.24
214.09,-95.901,3334.8,198.73,-2241.8,3239.2
170.22,0.11167,1452.5,163.34,11.551,4956.6
1003.8,-4907.2,-954.89,825.65,154.37,166.28
3232.7,-2980,-2703.3,222.29,92.763,191.78
4080.2,-2691.5,1664.8,195.72,-36.748,172.56
2661.5,1650.4,4098.6,192.3,132.99,269.27
558.88,4886.4,488.36,1502.2,148.36,164.14
2807.5,-3498.2,2549,261.23,-115.93,187.9
2005.2,-3873.1,2740,356.21,-199.01,192.94
971.68,-3850.5,3191,676.63,-528.05,209.61
1491.5,4562.3,1829.6,528.53,191.71,174.82
3769.5,-3216.7,-1449.3,214.82,40.828,170.19
3661.7,-3010.4,2045.2,211.54,-58.031,177.91
4924.7,-147.25,1550.1,163.41,-1.5383,171.24
2483.6,2428.8,3811,228.71,175.81,242.61
1489,4556.6,-1845.5,528.75,-193.71,175.04
2959.7,-245.02,4219.7,163.9,-19.272,284.09
4577.6,-1511.5,-1852.9,172.02,20.755,175
3117.9,1071.9,-3970.3,172.75,-67.799,255.86
1705.9,4462.1,-1908.3,459.24,-171.56,175.91
807.9,-508.49,-4970.4,194.16,554.75,878.52
3856.9,-1970.6,2810.7,183.46,-54.247,194.76
1250.2,2028.8,-4535.6,313.3,-510.03,351.83
4953.5,-1459.1,108.81,170.29,-1.0149,163.38
874.59,-4900.6,-997.51,945.86,186.79,166.59
925.93,4781.2,-1469.4,872.31,-258.68,170.62
2423.2,3702.1,2647.3,298.72,149.75,190.38
260.81,-3936,825.68,3166.2,-662.42,166.89
180.92,73.613,2218.3,224.89,3201.7,3387.2
173.85,34.11,-1767.7,188.24,-2410.5,4210.9
4506.7,2456,-574.03,186.05,-9.9674,164.36
166.11,22.176,-938.61,202.63,-3003.2,4094.4
1958.4,3191.2,-3535.8,313.07,-252.46,224.76
1604.6,2518,4185.1,305.07,361.69,281.52
317.13,3615,2541.7,2178.4,1523,199.49
165.54,7.4819,838.03,169.55,1366.3,4910
1646.9,-4851.5,-441.41,510.41,41.683,163.95
811.86,4957.4,-625.97,1031.2,-126.95,164.6
3743.1,-41.876,3555.7,163.35,-1.7391,225.39
4959.4,-1251.6,718.21,168.47,-5.7945,164.94
4615.9,1931.5,-1279,177.08,-17.49,168.6
4234.3,1401.8,-2602.4,172.07,-31.595,189.14
1644.4,-4872,-57.924,513.04,5.4813,163.35
5150.9,160.07,-350.08,163.42,-0.34516,163.72
2410.1,3046.3,-3390.5,263.63,-180.78,216.89
5065.2,925.54,407.89,166.05,2.3668,163.85
4735.9,1349.9,-1556.8,169.85,-14.735,171.32
544.82,4843.2,-744.81,1530.8,-232.73,165.24
4933.7,1275.2,842.39,168.71,6.9862,165.56
4317.6,-2361.2,-1565.7,186.2,28.457,171.42
1887.8,4612.1,1292.9,432.59,103.97,168.75
1094.5,-4483.3,2194.3,696.08,-321.93,180.88
3188,2326.1,-3326.1,202.29,-100.67,213.69
1087.1,4402.4,-2354,688.74,-347.55,184.06
3992.2,-1437,2942.7,173.62,-40.841,198.83
4267.2,2901.3,202.58,197.57,4.3654,163.47
1636.6,-3327,3562.8,371.55,-320.99,226.63
4679.1,-2145.9,418.6,179.72,-6.0982,163.88
782.45,718.45,4941.2,224.05,721.95,786.1
5132.7,-308.34,490.04,163.63,-0.93609,164.08
609.84,394.32,4926,196.71,763.12,1148.8
316.06,-4250.1,-1190.8,2570.8,717.36,169.61
163.98,-207.09,-406.74,2339,4571.5,359.3
2411.5,-1.9428,4557.3,163.34,-0.24983,349.87
2638.8,-4145.2,-1567.9,304.58,82.071,171.46
808.73,3093.8,-3923.3,658.59,-783.79,258.74
3828.2,2421.4,2477.8,193.32,56.603,186.21
1033.3,4096.9,2861.4,675.88,444.48,197.32
1880.5,-4720.8,826.16,442.82,-66.952,165.49
574.35,374.54,-4907,197.54,-818.66,1214.6
4376.3,2362.9,-1390.8,185.66,-24.694,169.61
1177.9,4976.8,195.08,715.74,26.595,163.46
4775.6,110.37,1963.9,163.38,1.5538,176.62
1496.5,822.39,-4844.9,186.64,-257.4,493.41
691.91,2098.2,4509.9,535.25,1043.4,372.11
1184.6,-4076.3,2860,590.54,-382.63,197
943.84,4909.3,-956.72,877.94,-165.17,166.31
1886.3,4734.7,-728.5,442.76,-58.853,165
4776.1,-1950.8,242.2,176.46,-3.1355,163.52
1763.7,2381.1,-4206.9,275.18,-314.9,283.94
550.35,3648.8,3277.2,1145.7,1008.2,218.55
3117,4090.5,430.44,269.73,17.975,163.91
2890.5,-100.77,-4272.7,163.44,8.4394,291.71
2155.9,-4658.6,-450.84,389.84,31.104,163.97
2557.6,-4475.2,171.95,329.7,-9.5586,163.43
2834.7,3176.8,2913.9,245.56,125.58,197.98
4540,-89.201,-2460.2,163.37,1.741,185.8
4722.4,-2069.4,-301.96,178.35,4.1966,163.62
2038.3,-183.81,4727.3,164.01,-34.243,412.24
316.19,3509.3,-2678,2123.5,-1610.9,205.24
2868.6,-1512.2,4013,184.71,-106.86,260.08
3480,503.94,3779.4,165.05,25.478,239.93
4374.5,1499.4,-2298.9,172.68,-27.868,182.43
2541.4,-2151.2,3938.3,214.19,-164.07,253.17
2498.5,4257,1492.8,323.21,84.392,170.65
1690,-3669,-3184.3,391.95,281.09,208.05
3936.2,3018.4,-1434,205.9,-36.261,170.04
2505.3,1828.7,-4119.8,202.38,-158.92,271.81
5013.6,758.92,983.21,165.2,4.7993,166.39
2811.7,-4212.4,983.14,294.56,-47.609,166.39
4394.1,-2166.3,-1633.6,182.14,26.885,172.19
525.78,-4749.9,-1137.4,1561,369.69,167.91
586.69,4428.9,2163.2,1294.2,622.04,181.5
4585.2,846.38,-2220.9,166.1,-14.38,180.94
4128.7,-864.31,2978.5,166.89,-24.181,200.01
4836.3,-1286.9,1276.8,169.03,-11.101,168.58
4928.3,-827.19,-1305.7,165.63,7.1708,168.83
4917.9,-1029.6,1196.3,166.89,-8.1508,167.91
3311.5,3796.1,-1124.8,248.65,-41.881,167.37
1317.1,907.42,-4872.2,198.85,-347.3,526.18
4947,800.5,-1250.7,165.47,-6.6034,168.36
3936.7,3341,35.097,214.31,0.94357,163.34
4763.1,-964.13,1749,166.66,-11.913,173.61
236.33,3589,1012.3,3436.2,967.02,169.7
4574.4,-2393.6,-134.7,184.38,2.2324,163.4
1010.1,4998.3,-77.102,835.13,-12.39,163.36
4752.8,902.15,-1808.8,166.26,-11.606,174.4
4441.8,-2578.5,540.24,188.9,-9.9857,164.24
1013.2,4884.9,-1060.5,814.48,-169.71,166.99
2188.2,4233.7,1961.1,356.53,130.49,176.64
4172.3,2645.1,-1503.6,193.44,-31.559,170.75
4164.4,-1022.5,2877.1,168.2,-26.949,196.74
3289.6,-3727.5,-1387.5,247.02,51.747,169.59
1787.3,-4177.2,2416.7,416.7,-204.04,185.04
972.41,-4313.5,-2530.3,752.92,420.88,188.22
1252.6,-3929,-3040.9,541.95,381.36,203
1267.3,4923.6,-644.76,660.42,-81.194,164.65
223.42,-2937.2,-1941.5,3151.5,2077.6,195.72
163.47,-0.032619,206.41,163.34,-25.744,5161.1
3021.4,2195.5,-3560.8,202.01,-113.43,225.78
2155.2,-4542.8,-1127.4,381.97,77.457,167.4
1015.6,-3633.9,-3432.1,614.29,539.16,220.9
2986.2,-2933.8,-3017,229.15,115.91,201.39
4618.5,-2297.4,255.43,182.46,-4.028,163.54
1398.7,-4924.5,-368.95,601.65,41.754,163.76
1284.3,-1699.5,-4662.3,272.34,478.35,394
2394.2,-1618.7,-4269.6,197.31,163.79,291.71
3848.9,-3436.6,-185.3,219.06,5.2449,163.45
1498.4,2205.8,-4390.8,291.88,-399.04,315.1
2308.7,1139.9,-4465.8,182.25,-140.51,327.51
1567.9,1648.7,-4608.7,237.71,-350.72,369.75
1166.1,4653.7,1779.5,678.32,244.34,174.23
3292.4,-2805.1,-2816.4,214.69,90.791,194.96
4733,-1080.8,1762.1,167.55,-13.554,173.78
1357.1,-4925.3,-468.78,619.08,54.821,164.03
2294.5,4423.3,1319.6,355.44,83.648,168.98
4632.6,-1344,1845.6,170.08,-18.153,174.9
3073.9,3970.9,1189.3,267.08,50.07,167.86
1808.1,-3240.8,3566.1,336.29,-282.75,226.64
2608.8,2596.7,3613,230.69,160.06,228.99
1217.8,4974,57.315,692.76,7.5389,163.35
5132.5,168.67,555.22,163.43,0.58096,164.29
4776.3,1757.6,879.11,174.06,10.394,165.76
910.29,4567.8,2038.1,849.02,364.81,178.31
920.08,-3440.9,-3630.3,641.85,633.33,233.36
1851.4,4802.8,-66.154,455.66,-5.4698,163.35
4713.9,-1793.6,1112.3,174.78,-13.722,167.27
3066.1,-3789.5,-1694.1,259.91,70.3,172.93
3208.9,1952,-3539.8,191.26,-93.857,224.55
1369.1,2665.4,4165.1,359.53,445.85,279.97
1967.3,-4055.7,2490.8,375.31,-186.84,186.65
733.65,-1232.2,4829.9,325.38,-953.95,577.3
1233,3810.6,-3193.3,534.84,-406.4,208.97
1166.5,-3061.3,3930.8,462.7,-520.08,255.32
4250,600.35,2871.3,164.96,15.457,196.56
810.19,-1471.4,4775,344.11,-865.07,494.31
464.18,735.65,-4758.8,321.19,-1540.4,924.34
367.21,2841.6,-3635.7,1420.7,-1793.7,264.16
2322.8,-2981.4,3505.8,266.18,-195.14,222.89
1628.8,-4585,1662.2,490.15,-157.97,172.62
1295.8,-4697.2,1593.7,618.82,-195.33,171.86
687.61,2798.2,4110.8,703.53,977.81,284.88
2631.3,-4263.1,1227.3,311.42,-64.991,168.18
1084.4,1519.7,4755.6,283.37,592.13,448.48
836.91,3344.9,3715,685.38,717.98,240.25
3105.5,3547.3,2098.9,248.17,83.23,178.81
4112.5,-2521.3,1842.6,191.64,-38.303,174.86
2996.8,-537.5,-4166.3,165.95,40.207,277.1
2291.1,-3015.9,3496.6,270.45,-199.19,222.4
912.05,-4443.9,-2295.9,825.27,409.66,183.09
4971.5,25.651,1400.5,163.34,0.23767,169.7
1535.2,937.13,4813.5,191.66,269.47,468.35
986.23,3265.9,-3786.3,572.28,-609.43,244.17
2461.8,-4482.5,-660.5,339.9,38.518,164.7
3595.2,-3338.8,-1605.9,223.02,49.726,171.88
2217.4,-4566.4,890.39,374.77,-59.193,165.84
2795.2,-1406.5,-4101.8,182.92,108.07,269.54
4685,-955.29,1952.5,166.71,-13.617,176.45
1176.8,4965.4,-389.98,714.83,-53.21,163.82
2548.4,-3479.9,-2827.2,276.83,146.61,195.35
1354.1,4923.1,497.73,620.11,58.344,164.12
3520.7,3078.1,2186.2,217.07,66.874,180.33
1932.5,-4756.3,399.03,435.28,-31.375,163.83
4764.6,-1620.6,1160.8,172.54,-12.829,167.63
167.72,-980.51,642.55,4208.3,-2753.7,195.24
1066.4,4416.4,-2332.2,703.75,-351.61,183.63
597.14,-4603.4,-1778.2,1319.3,501.81,174.93
4199,-1651,-2511.8,175.53,35.805,186.97
3736.3,2452.1,2585.1,195.43,62.109,188.73
4851.2,-1578.5,806.7,171.78,-8.4134,165.37
382.18,-682.4,-4606.7,361.6,1942.9,997.22
1039,2757.2,4167.2,468.33,621.74,283.22
398.41,4682.1,-375.93,2110.9,-168.47,163.86
