86
1408
519
574
1021
639
477
1407
90
1373
1497
1194
865
706
1383
262
465
331
564
606
956
1227
634
1167
309
901
521
1339
1126
1112
877
1266
1825
145
666
742
1287
1832
823
1458
192
1199
1494
1652
854
1488
1123
1643
1066
361
539
34
1521
69
938
1399
1264
306
89
1412
134
850
1299
902
91
901
10
563
1728
1636
1128
679
882
1435
713
111
1690
992
595
334
1389
1684
68
1638
775
848
511
229
1045
233
991
1687
1406
1416
1759
1821
197
86
665
972
509
1897
1345
1581
1276
492
476
1202
1213
901
919
686
1724
1027
818
852
1289
1074
153
1098
953
1530
22
775
1820
1621
1691
1678
1717
588
1655
1105
67
599
1373
539
518
1453
1243
329
1621
98
1061
644
609
920
1595
993
454
1793
321
423
198
1799
1015
964
793
1045
728
42
770
1205
494
1732
25
865
1494
1093
861
1703
731
1788
302
555
1372
692
79
854
501
379
51
1816
363
1730
6
1639
616
842
32
1561
65
127
42
350
963
1795
67
251
1009
1168
63
1786
1849
373
406
754
949
296
355
1142
902
713
635
1713
1290
1753
1209
631
0
1255
1769
1305
1055
1192
1225
536
109
1731
521
1837
376
276
1008
192
14
249
1140
225
1813
1630
965
1219
793
307
144
35
214
1086
758
870
359
1306
87
1299
1273
1438
1366
269
1004
1730
510
331
1700
958
498
1368
1265
1427
68
462
1494
1187
1878
1481
1516
1827
458
1475
1568
707
13
385
1691
1633
1104
135
1203
1281
1405
650
221
95
1811
736
920
1621
1652
1867
815
1547
1409
603
909
406
1122
1090
1490
1289
1002
1458
922
1808
99
1275
474
1759
327
1149
390
1014
795
891
1325
1701
121
1482
305
1445
1747
1401
1279
451
440
1345
1242
52
925
1642
129
697
1816
80
1571
761
1821
499
1002
669
1240
1097
1025
503
1291
1680
905
1874
190
605
1059
658
1406
228
633
293
894
396
1241
872
1718
980
1155
1871
62
22
765
126
1427
1203
1505
36
296
981
1526
929
776
1653
1801
370
1383
1616
470
534
162
1331
215
1547
1228
616
246
937
1806
427
483
179
1753
271
865
308
1738
534
1088
1297
535
208
293
1789
1082
1224
1304
261
1398
368
1038
406
230
1810
296
418
437
1131
278
1761
731
886
1818
1735
1434
108
794
1362
1780
192
1229
1112
110
1603
399
501
544
1841
1844
1216
1249
1795
1437
1057
75
999
607
1843
93
296
857
1100
1395
1033
541
722
175
1107
398
1711
1049
593
389
925
973
438
121
1839
1332
1196
684
1739
1543
84
1010
1426
1138
461
426
700
1241
423
1336
1491
1229
661
1582
641
235
1078
590
456
914
1880
186
1520
319
851
1639
60
137
1378
591
69
1601
1699
248
614
254
1553
1315
668
1003
1733
294
534
79
147
275
1299
984
1413
1422
1245
303
808
107
1766
270
1352
1348
397
1057
1092
844
302
1142
758
1247
395
326
934
566
593
1754
36
1078
184
1488
935
1877
1644
1509
391
1642
676
1668
468
707
541
1813
1891
93
487
547
1843
409
113
1152
686
341
539
151
1625
791
1753
404
1424
1600
305
1565
837
1540
565
254
488
1188
1308
457
1012
1645
1276
1280
552
353
212
1848
1092
688
1192
366
1854
1517
1090
1304
1415
801
1687
624
253
1205
1095
1120
510
735
1117
388
1815
1656
1688
170
318
1304
1841
776
1169
1411
1876
1842
909
1874
90
1197
1468
664
1759
1440
1570
1462
1773
1607
1645
480
541
878
1374
281
1323
1168
1340
1817
1526
134
1669
1414
1583
666
1277
250
158
307
1463
474
1469
21
1373
1048
1796
1408
1552
1466
591
692
781
728
1582
1640
1052
1685
1281
1353
552
790
1680
1250
989
1034
1482
1484
52
862
218
321
1382
1260
1793
1213
1303
80
746
503
881
1375
1840
1816
124
624
1890
590
1070
1154
251
468
1319
80
1219
1672
205
1641
264
1869
983
335
428
187
1509
1777
951
280
1638
60
1203
1210
357
949
719
1606
1151
114
1736
149
1659
502
799
630
443
908
37
537
824
555
1640
1553
1338
775
548
1146
1384
1716
629
424
1327
154
1079
746
107
689
445
356
508
1270
1038
1254
1562
1039
414
1371
1693
454
377
29
1733
353
776
487
298
553
1154
1281
1649
11
339
334
1373
871
1617
1899
34
1004
81
1518
1280
9
873
1884
612
420
297
1193
1718
1114
220
1493
85
656
785
694
728
1569
987
896
1594
860
1763
470
312
387
348
1170
836
7
952
474
1097
684
39
1860
595
584
1353
154
141
1882
1894
126
745
959
1523
1384
1107
1667
1105
746
1725
1303
1206
1450
1029
589
840
13
396
1482
212
1881
1469
463
1092
1505
114
1784
1554
396
1120
1235
1470
922
1252
290
367
631
237
1348
1371
181
770
1327
1735
502
449
1036
852
1146
43
312
1567
1379
1658
1118
1464
1320
695
1677
1179
1430
971
1137
814
379
241
1192
1535
102
1099
705
1679
487
306
1513
1875
729
440
1241
380
1054
1397
1287
1495
38
1675
1770
194
612
217
985
677
1028
1627
23
509
403
8
721
1714
1298
1482
937
227
540
55
1357
1477
1748
1828
375
731
1152
557
1877
1518
1832
1190
1737
1821
1379
628
1438
1204
1389
1896
518
670
1315
1518
1389
28
725
1402
1765
869
1864
1500
1760
1157
1292
720
915
1808
