-0.42518,-0.057814,0.16091
-0.4249,-0.094242,0.16881
-0.41777,-0.079498,0.21433
-0.41628,-0.20552,0.16366
-0.41355,-0.18567,0.12868
-0.41341,-0.079488,0.12149
-0.4132,-0.0080373,0.18707
-0.41204,-0.13507,0.16422
-0.40851,-0.031132,0.11054
-0.4081,-0.027695,0.22713
-0.40588,-0.093051,0.32468
-0.40497,-0.054946,0.27942
-0.40444,0.0058835,0.12417
-0.40159,-0.067278,0.24437
-0.40152,-0.035198,0.33944
-0.39948,-0.12269,0.12481
-0.39816,-0.23234,0.13483
-0.39799,-0.15861,0.22291
-0.3959,-0.20665,0.22188
-0.39458,-0.038257,-0.0446
-0.39353,-0.018883,0.3201
-0.39347,-0.076725,0.35058
-0.39252,-0.045114,0.0057791
-0.39236,-0.14266,0.27762
-0.39225,0.023996,0.23686
-0.39165,-0.078746,-0.039439
-0.39095,-0.23993,0.17827
-0.38713,0.0089182,0.0069524
-0.38697,-0.11645,0.25804
-0.38665,-0.17276,0.099197
-0.3864,-0.14436,0.31573
-0.38624,-0.013815,0.26493
-0.38595,-0.18987,0.28166
-0.38519,-0.088225,0.01989
-0.38419,0.025241,-0.062318
-0.38177,0.044957,0.2104
-0.38094,-0.20901,0.096604
-0.37817,-0.014861,0.088139
-0.37606,-0.054347,-0.076475
-0.37493,0.067917,0.15998
-0.37404,-0.032709,0.074178
-0.37226,-0.048575,-0.10743
-0.37113,0.070684,0.19197
-0.37076,0.011933,-0.085627
-0.37071,-0.023526,0.36003
-0.3696,-0.058865,0.078486
-0.36934,0.038059,0.26818
-0.3692,-0.25821,0.21818
-0.36819,0.052671,-0.038812
-0.36733,0.0086729,0.29807
-0.36618,0.006872,-0.11317
-0.36567,-0.12985,-0.0017327
-0.365,-0.26113,0.17746
-0.36373,-0.24999,0.11718
-0.36373,-0.22083,0.2821
-0.36269,-0.10364,-0.080059
-0.36239,0.020649,0.081122
-0.36123,0.083124,-0.033993
-0.35972,-0.15134,0.34372
-0.35842,-0.13203,-0.051114
-0.35782,-0.12974,0.095515
-0.35682,0.075946,0.022757
-0.35611,-0.089436,0.36744
-0.35402,0.077691,-0.086451
-0.35269,-0.11205,0.071328
-0.35001,0.063129,0.11423
-0.34836,-0.13374,-0.10507
-0.34834,0.034627,0.34392
-0.34763,0.028279,-0.1399
-0.34363,0.056063,0.28062
-0.34326,-0.057607,-0.138
-0.34325,0.057312,-0.12611
-0.33985,-0.10447,-0.12799
-0.33961,-0.27339,0.23475
-0.33814,0.084259,-0.10706
-0.33736,0.061501,0.094193
-0.33565,0.080051,0.23505
-0.33361,-0.16485,-0.0073291
-0.33355,-0.25923,0.12945
-0.33338,-0.28878,0.20026
-0.33218,-0.046414,-0.16617
-0.329,-0.14449,0.067937
-0.32864,-0.050367,0.37703
-0.32847,0.082293,0.27305
-0.3265,0.30844,0.47405
-0.32513,-0.24778,0.28465
-0.32496,0.32389,0.47154
-0.32435,-0.20243,0.3295
-0.3234,0.24225,0.4275
-0.32321,-0.17597,0.076889
-0.32313,0.060777,0.34667
-0.32056,-0.23185,0.086998
-0.32006,-0.18375,-0.067217
-0.31961,0.0036652,-0.17283
-0.31857,-0.28149,0.17578
-0.3184,0.3761,0.51161
-0.31828,0.09455,0.14402
-0.31597,0.36947,0.52239
-0.31508,0.17171,0.38203
-0.31494,0.087962,-0.15344
-0.31349,0.053989,0.36196
-0.31114,0.10244,0.19666
-0.31057,0.083958,0.31502
-0.31029,0.13882,-0.01781
-0.31021,0.095752,0.35183
-0.30982,-0.15905,0.3601
-0.30961,0.098141,0.37532
-0.30778,0.11464,0.32997
-0.30656,0.17909,0.4339
-0.30588,-0.1167,-0.16713
-0.30565,0.088085,0.10851
-0.3052,0.12586,0.032221
-0.30508,-0.28024,0.12476
-0.30502,0.10307,0.080008
-0.30408,0.18853,0.34502
-0.30396,0.058841,-0.16809
-0.30242,-0.28094,0.23245
-0.30211,0.14784,-0.070669
-0.3002,0.084738,0.38445
-0.29985,-0.05641,-0.19085
-0.29852,0.03298,0.3732
-0.29789,0.29,0.48838
-0.29775,0.17641,0.36651
-0.29648,0.25815,0.41253
-0.2964,-0.2456,0.29098
-0.29563,-0.18221,0.054622
-0.29556,0.2501,0.3421
-0.29552,-0.18882,0.074509
-0.29458,-0.18693,0.032773
-0.29446,-0.15349,-0.15134
-0.29382,-0.18812,-0.10473
-0.29352,0.040598,-0.19099
-0.29296,0.33329,0.45844
-0.29261,0.097155,0.27381
-0.28896,0.37409,0.53302
-0.28833,-0.034815,0.38173
-0.28717,0.11951,-0.14427
-0.28572,0.0087196,-0.38809
-0.2846,0.29584,0.4102
-0.28441,0.23455,0.47193
-0.28415,-0.28262,0.19876
-0.28405,-0.20862,0.33194
-0.28399,0.16428,0.43927
-0.28307,0.14785,-0.10988
-0.28174,0.41229,0.53945
-0.28157,0.24514,0.32813
-0.28032,0.06893,0.38925
-0.28019,0.10639,0.28941
-0.28008,-0.21293,-0.012381
-0.27971,0.11042,0.20847
-0.27951,0.40306,0.51149
-0.27925,0.20001,0.3202
-0.27831,0.30831,0.38315
-0.2783,-0.06226,-0.21328
-0.27781,-0.10677,0.38091
-0.27748,0.3243,0.34089
-0.2751,0.36219,0.4541
-0.27485,-0.17676,-0.14872
-0.27448,0.34774,0.36727
-0.27431,0.0077782,-0.35936
-0.2736,0.024303,0.3778
-0.27267,0.10633,0.11975
-0.27236,0.32776,0.49803
-0.27188,0.15494,-0.0001888
-0.26948,0.050638,-0.36204
-0.26872,-0.00070501,-0.22423
-0.26755,0.36316,0.36195
-0.26632,-0.29087,0.14816
-0.26609,-0.21657,-0.069826
-0.26545,0.087141,-0.18133
-0.26504,-0.017095,-0.38727
-0.2638,-0.2621,0.10454
-0.26366,0.1548,0.4331
-0.26194,0.38302,0.42394
-0.2618,-0.25995,0.22005
-0.26134,-0.23212,0.29687
-0.26041,0.07332,0.38651
-0.2578,0.14811,0.040963
-0.25773,0.40615,0.54185
-0.25745,-0.025741,-0.23157
-0.25624,0.403,0.39655
-0.25592,0.32505,0.3442
-0.25587,0.093564,-0.38812
-0.25473,0.11118,0.1264
-0.25447,-0.18965,0.086044
-0.25398,0.25915,0.32911
-0.25382,-0.21831,-0.026348
-0.25247,0.43541,0.53895
-0.25232,0.1494,0.30195
-0.25057,0.040268,-0.33607
-0.24971,0.15839,0.0097029
-0.24963,-0.14075,-0.19273
-0.24873,-0.072681,-0.22622
-0.24869,-0.15474,-0.38841
-0.24723,0.32403,0.48207
-0.24611,-0.13869,-0.38166
-0.24602,0.24244,0.46121
-0.24573,0.35887,0.35829
-0.24542,0.40345,0.38815
-0.24505,0.17373,-0.084003
-0.24458,0.042383,0.37077
-0.24383,0.09117,-0.36124
-0.24335,-0.22752,0.2319
-0.24292,0.43962,0.50182
-0.24286,-0.015803,-0.3473
-0.24231,0.17292,0.42928
-0.24221,0.1053,0.28496
-0.2421,-0.27583,0.14354
-0.24061,0.01136,-0.32864
-0.24041,0.16039,-0.13949
-0.2398,-0.19992,-0.38829
-0.23951,-0.2505,0.12133
-0.23938,0.074348,-0.21685
-0.23931,0.4339,0.43217
-0.23883,-0.26537,0.17906
-0.23829,-0.17981,0.35255
-0.2367,0.1101,0.22275
-0.23626,-0.040201,0.38152
-0.23616,-0.17656,-0.35093
-0.23546,0.36597,0.49114
-0.23478,-0.19773,0.319
-0.23438,-0.1908,0.076528
-0.23433,-0.22582,-0.096384
-0.23276,0.31541,0.36847
-0.23236,-0.2123,0.034837
-0.23033,0.075974,0.3596
-0.22977,-0.23635,-0.054265
-0.22953,-0.15158,0.36733
-0.22943,0.17842,0.32113
-0.22892,0.17411,-0.017037
-0.22868,-0.10022,-0.22127
-0.22861,0.10609,0.37152
-0.22708,-0.05841,-0.38647
-0.22702,0.43394,0.5356
-0.22698,-0.12569,-0.34545
-0.22616,-0.19304,0.28998
-0.22541,0.21429,0.33391
-0.22447,0.31587,0.45269
-0.22447,0.10904,-0.19417
-0.22368,-0.09545,0.38081
-0.22333,-0.18601,0.10594
-0.22289,0.18839,0.41323
-0.22252,-0.21916,0.0075025
-0.2225,0.10172,0.29944
-0.22122,0.17156,0.03671
-0.22078,0.37276,0.41504
-0.21994,0.33141,0.40838
-0.2182,0.33611,0.43614
-0.21771,0.13342,0.33867
-0.21736,0.056286,0.35442
-0.21724,0.37749,0.46361
-0.21699,-0.17397,-0.32316
-0.21685,-0.076735,-0.38732
-0.21652,0.25208,0.36703
-0.21596,-0.16031,-0.38783
-0.21539,0.21943,0.41213
-0.21513,-0.17188,0.26385
-0.21511,0.084812,0.32308
-0.21468,0.425,0.50614
-0.21407,0.14733,0.10138
-0.2139,-0.21286,0.19918
-0.21373,0.17567,0.38083
-0.21349,0.43995,0.43614
-0.21229,0.17966,-0.097226
-0.2117,0.24257,0.38724
-0.20921,-0.21428,0.14809
-0.20845,0.45426,0.48935
-0.20693,0.027201,0.37843
-0.20518,-0.21222,-0.14254
-0.20466,-0.016566,-0.3882
-0.2032,0.17568,0.0093623
-0.20313,-0.2214,-0.3306
-0.20217,-0.17943,0.3084
-0.20176,-0.00031553,0.3789
-0.20157,0.11101,0.16213
-0.20142,0.099579,0.2322
-0.20046,-0.23744,-0.022177
-0.19974,0.12375,0.14187
-0.1992,0.068459,0.31451
-0.19896,-0.24377,-0.38708
-0.19459,-0.22791,-0.080181
-0.19327,0.062356,-0.2348
-0.19315,0.090158,0.27053
-0.19288,0.041617,-0.31011
-0.19285,-0.16388,0.34676
-0.19235,0.013321,-0.31063
-0.19218,0.19001,-0.080741
-0.19192,0.15257,-0.17099
-0.19089,-0.072204,-0.36135
-0.18977,-0.14458,0.36338
-0.18909,0.054557,0.3661
-0.18712,0.012542,-0.24889
-0.18687,-0.18107,-0.18727
-0.18634,-0.18513,0.22349
-0.18575,0.089119,-0.32834
-0.18366,0.047656,-0.25697
-0.18224,-0.17685,0.099952
-0.18207,-0.21715,0.041247
-0.18207,0.17453,-0.13653
-0.18034,-0.016974,0.37694
-0.17761,-0.016843,-0.31583
-0.17753,0.090528,-0.22225
-0.17749,0.19429,-0.0094685
-0.17648,-0.1017,0.36947
-0.17599,-0.14825,0.26235
-0.17505,-0.0010842,-0.27686
-0.17366,-0.24975,-0.36011
-0.17326,0.067764,0.34028
-0.17111,-0.19481,0.17265
-0.17073,-0.23464,-0.099903
-0.17009,0.08758,-0.30544
-0.1698,-0.17297,0.11758
-0.1695,-0.13372,0.29896
-0.16883,0.073875,0.25418
-0.1686,-0.13885,-0.22021
-0.16732,0.063491,0.29248
-0.16671,0.17519,0.058636
-0.16516,0.089931,-0.27379
-0.16474,-0.11482,0.35007
-0.16446,0.19193,-0.099328
-0.16389,0.13031,-0.38717
-0.1634,-0.13978,-0.30461
-0.16302,-0.21386,-0.14406
-0.16242,0.17006,0.091214
-0.16173,0.19455,-0.050986
-0.16162,-0.038895,0.36524
-0.16035,-0.1013,-0.31751
-0.16029,-0.23323,-0.043517
-0.16009,0.11833,-0.20354
-0.15963,-0.22225,0.0086854
-0.1594,-0.22744,-0.33123
-0.15756,0.19659,0.014466
-0.15753,-0.066572,-0.33878
-0.15662,0.086567,0.1983
-0.15658,-0.1204,0.26353
-0.15556,-0.1302,-0.23213
-0.15495,-0.077142,-0.25389
-0.15266,-0.017986,0.37502
-0.15156,-0.03743,-0.26269
-0.1509,-0.099453,-0.28304
-0.15041,-0.051769,0.30935
-0.15031,-0.12958,-0.28086
-0.14996,0.07597,0.41714
-0.14682,0.04374,0.27263
-0.14488,-0.16782,-0.20723
-0.144,-0.18803,-0.17867
-0.14391,0.06506,0.32044
-0.14365,-0.02679,0.33663
-0.14338,0.095593,0.18809
-0.14283,-0.23924,-0.063237
-0.14212,-0.18574,0.089503
-0.14055,0.074238,0.21184
-0.13968,-0.18047,-0.30091
-0.13964,0.13905,0.15057
-0.13925,0.11573,-0.33455
-0.13882,-0.16066,-0.28051
-0.13729,-0.0079238,0.30054
-0.13716,-0.051486,-0.30964
-0.1371,-0.16322,-0.23819
-0.13677,-0.044858,-0.27962
-0.13663,0.10921,-0.28892
-0.13562,0.14954,-0.16748
-0.13521,-0.14529,0.20915
-0.1351,-0.078923,0.25469
-0.13508,0.045884,0.30372
-0.13502,0.024336,0.29783
-0.13406,0.019021,0.26331
-0.13354,0.092474,0.3714
-0.13344,-0.22752,-0.11273
-0.13306,-0.23198,-0.003204
-0.1309,-0.0091551,-0.3882
-0.12976,-0.2403,-0.38835
-0.12944,0.13437,-0.2184
-0.12871,-0.23027,-0.035468
-0.12781,0.13716,-0.38706
-0.12613,-0.2278,-0.34526
-0.12566,-0.16468,0.11253
-0.12452,-0.14007,0.13671
-0.12351,-0.034267,0.2507
-0.12245,0.093487,-0.38831
-0.12092,0.0016181,0.32246
-0.11962,0.053023,0.45774
-0.11959,-0.21522,-0.14727
-0.11848,-0.094194,0.22471
-0.11749,-0.22986,-0.084563
-0.11727,-0.18576,-0.26859
-0.11715,-0.21705,0.024316
-0.11355,0.19105,0.040059
-0.11278,-0.20636,-0.32012
-0.11269,0.038377,0.20912
-0.11191,0.086124,0.46595
-0.11081,0.18065,-0.10887
-0.10953,0.085195,0.19607
-0.10933,0.0075571,0.39758
-0.10806,0.19531,-0.0058912
-0.10631,-0.10119,0.1706
-0.10551,0.020172,0.43261
-0.10514,0.16298,0.099324
-0.10444,0.16347,-0.35308
-0.10324,0.075456,0.32944
-0.10317,0.19739,-0.033879
-0.10271,0.039791,0.45856
-0.10197,0.14721,0.14114
-0.10196,-0.20667,0.062912
-0.10156,0.0039079,0.36015
-0.10077,-0.010097,0.21369
-0.099935,-0.20632,-0.19448
-0.099544,0.13451,-0.23387
-0.09842,0.12467,-0.3206
-0.098328,0.22475,-0.38799
-0.098062,0.066514,-0.38715
-0.097164,0.019822,0.39059
-0.096757,-0.1325,-0.38828
-0.095193,0.16876,-0.16354
-0.094856,-0.050595,0.19957
-0.092739,-0.19754,-0.29304
-0.092571,0.12071,0.43911
-0.092186,0.19245,-0.34649
-0.089365,0.12579,-0.29027
-0.088247,0.19312,-0.072205
-0.087759,0.10476,0.4824
-0.087545,-0.2128,-0.18108
-0.087542,-0.21716,-0.077142
-0.084746,0.13215,-0.31628
-0.084052,-0.21677,-0.019908
-0.081031,0.11699,0.17704
-0.078637,-0.021687,0.20458
-0.078157,0.038878,0.33461
-0.07569,0.083918,-0.38471
-0.072634,-0.22333,-0.11168
-0.070925,-0.20923,0.026652
-0.069911,-0.21932,-0.38712
-0.069091,0.19016,0.031889
-0.068563,0.14435,0.13348
-0.067697,0.12881,-0.23935
-0.065535,-0.19723,-0.28097
-0.064458,-0.21083,-0.33999
-0.064268,0.17963,0.080998
-0.063605,0.10132,-0.37545
-0.061855,0.1648,-0.15797
-0.059208,-0.11376,0.17162
-0.058709,-0.13369,0.15428
-0.057669,-0.22855,-0.031097
-0.057324,-0.21196,-0.21849
-0.057255,-0.22881,-0.082142
-0.05725,0.13608,0.40606
-0.057095,0.20875,-0.32498
-0.056743,-0.17923,0.086309
-0.055294,0.20931,-0.042317
-0.053697,0.071529,0.19124
-0.053569,-0.069973,0.19076
-0.052818,0.065368,0.43085
-0.050944,0.14645,0.44366
-0.050036,0.19875,-0.076699
-0.048385,0.15356,-0.38663
-0.047856,0.17128,-0.15318
-0.0475,0.013604,0.19901
-0.046523,0.19056,-0.10442
-0.045283,0.036099,0.3768
-0.042684,-0.21492,-0.12427
-0.04175,0.032648,0.39726
-0.041231,0.12799,0.14228
-0.040697,0.25171,-0.38707
-0.039471,-0.14697,0.13169
-0.039274,0.24136,-0.34268
-0.037078,0.093522,0.51685
-0.036724,-0.19339,-0.30129
-0.036291,-0.17359,-0.38808
-0.035505,0.18552,0.059503
-0.034538,0.1649,0.1076
-0.03443,0.066601,0.49961
-0.033567,0.20536,-0.14548
-0.033406,-0.23229,-0.32531
-0.033285,0.061801,0.48983
-0.032924,0.22238,-0.38831
-0.032718,0.21864,-0.075964
-0.030766,0.13354,-0.29758
-0.029189,-0.26756,-0.35427
-0.029033,0.16984,-0.19709
-0.028526,0.11993,-0.26651
-0.028016,0.098763,0.36516
-0.02602,-0.21529,-0.072817
-0.025484,-0.0019596,-0.38734
-0.02543,0.066069,0.36106
-0.025302,0.071449,0.42201
-0.022323,0.19108,-0.38845
-0.021525,0.25966,-0.12434
-0.021118,-0.2767,-0.38783
-0.018792,0.088367,0.16872
-0.018407,-0.23294,0.0017227
-0.018103,0.16062,-0.37247
-0.017303,-0.18013,-0.27276
-0.015259,0.049224,-0.37509
-0.014833,-0.20623,-0.13609
-0.014119,-0.15803,-0.37505
-0.013688,0.20696,-0.0079616
-0.013569,0.18377,-0.23143
-0.012694,0.15724,-0.2886
-0.011974,0.14128,0.40373
-0.010977,-0.22396,-0.093149
-0.0089702,0.23501,-0.1949
-0.0076662,-0.12944,0.14592
-0.0075939,-0.22721,-0.053388
-0.0074407,0.16483,0.45891
-0.0072445,0.18039,-0.38819
-0.0058426,-0.20382,0.062483
-0.005571,0.16369,0.50458
-0.0054251,0.24928,-0.047024
-0.0033613,-0.22351,0.016631
-0.0026674,0.19786,-0.30161
-0.001146,-0.057825,0.18191
-0.00092807,-0.28959,-0.36512
-0.00081191,0.14345,0.13067
-0.00035841,0.12571,0.54085
0.00070978,0.22062,-0.022686
0.00079603,0.27955,-0.14679
0.0008171,0.040278,0.17971
0.0018024,-0.014601,0.1847
0.0032725,-0.041705,-0.3849
0.0040737,0.16945,0.093758
0.0052998,-0.20743,-0.38618
0.0053562,0.0061907,-0.3774
0.0053768,-0.23234,-0.38808
0.0058952,-0.18293,-0.23846
0.0059898,0.28991,-0.076866
0.0064648,-0.18286,-0.27986
0.0065334,-0.19901,-0.18474
0.0069992,-0.22435,-0.14218
0.0087569,0.2019,0.055409
0.011866,0.11927,0.46553
0.012508,0.23254,-0.26376
0.012568,-0.18645,-0.37136
0.013339,0.15386,0.54185
0.015134,-0.25979,-0.30875
0.01546,-0.062392,-0.37776
0.017848,-0.23128,-0.013534
0.018017,0.22299,-0.31225
0.018549,-0.16844,0.11449
0.020203,0.096327,0.16408
0.020563,0.16611,0.44487
0.022893,-0.29349,-0.10124
0.024689,-0.22736,0.031928
0.025004,0.2745,-0.031287
0.025059,-0.05665,0.18598
0.025656,0.21354,-0.0038438
0.026405,0.12564,0.55724
0.027499,0.078067,0.3869
0.027531,0.23985,-0.38812
0.027955,0.10467,0.38499
0.029329,-0.29363,-0.38829
0.030277,-0.21532,-0.2873
0.031048,-0.29228,-0.34259
0.031368,-0.296,-0.065886
0.033751,0.15318,0.11954
0.035372,-0.19502,0.097244
0.036158,0.11671,-0.37319
0.036942,0.24081,-0.35352
0.037144,0.27281,-0.22166
0.037231,0.068257,0.40589
0.039173,0.30313,-0.15166
0.042211,0.19195,0.53227
0.044599,0.1342,0.56124
0.045613,0.30541,-0.10038
0.045956,0.14591,0.41448
0.049096,-0.28228,-0.16752
0.051085,-0.27656,-0.31986
0.051859,-0.23878,-0.29591
0.052269,-0.21858,-0.38477
0.052514,0.27015,-0.017198
0.05377,-0.2938,-0.13822
0.054066,0.15558,0.5378
0.054707,0.19758,0.49372
0.05737,-0.16647,0.14429
0.057575,0.25255,-0.28798
0.061753,0.18097,0.58073
0.062801,-0.31611,-0.090423
0.063455,-0.28082,-0.010524
0.064102,-0.26932,-0.2255
0.064454,0.17281,0.10761
0.068428,0.23302,-0.3341
0.068796,0.28202,-0.2353
0.069965,-0.20849,0.087661
0.072715,-0.013607,-0.37529
0.074164,-0.30367,-0.033731
0.075221,0.15099,0.13217
0.075359,0.065666,0.18766
0.077515,-0.23033,0.017245
0.077614,0.18506,0.57363
0.078042,0.19819,0.059454
0.078989,0.21878,0.5682
0.079201,0.17839,0.44429
0.07994,-0.30609,-0.13267
0.080437,0.29589,-0.20315
0.081488,0.11758,0.40867
0.082382,0.30318,-0.059447
0.082856,0.20748,0.57691
0.083215,-0.26513,-0.28873
0.084027,-0.2887,-0.21465
0.084817,-0.2269,-0.38781
0.085341,0.21081,0.013328
0.085724,-0.2753,-0.34499
0.086055,0.17871,0.50439
0.086767,-0.31121,-0.077187
0.087103,0.30705,-0.10028
0.087399,0.10018,0.16969
0.087726,-0.14711,0.17225
0.087909,-0.094502,0.19874
0.089126,-0.19962,-0.36795
0.091826,0.12788,0.43203
0.091873,-0.25246,-0.31262
0.09269,0.27721,-0.25607
0.092732,-0.27246,-0.38707
0.092976,0.16154,0.46614
0.09569,-0.041028,0.21019
0.095792,0.15298,-0.37106
0.096035,0.247,-0.31712
0.096053,0.26606,-0.0075249
0.096535,-0.08669,-0.37453
0.097922,0.17318,0.09982
0.098576,0.15662,0.42524
0.098946,-0.17935,0.14728
0.099236,0.30191,-0.15242
0.10056,-0.29224,-0.18325
0.10071,0.21887,-0.38754
0.10106,0.28819,-0.032237
0.10219,-0.28114,-0.25386
0.10227,0.2998,-0.12098
0.10394,0.2248,-0.36228
0.10756,0.24759,0.52976
0.10778,0.027071,0.2082
0.10937,0.20835,0.5207
0.11023,0.20467,0.049507
0.11135,0.23549,0.55179
0.11248,-0.30228,-0.017538
0.11254,0.15475,0.44303
0.11283,-0.30942,-0.14822
0.1189,0.21272,0.46072
0.11976,-0.3185,-0.10261
0.11997,0.28404,-0.21717
0.12039,-0.22528,0.070344
0.1205,-0.26748,0.014409
0.12129,-0.3042,-0.2273
0.12183,-0.2136,0.10074
0.12234,-0.25292,-0.31877
0.12302,0.13996,0.15142
0.1243,-0.18951,-0.36916
0.12496,-0.2262,0.030932
0.12532,0.19082,0.46124
0.12713,0.23306,0.50338
0.12893,0.29789,-0.07553
0.12963,0.079361,0.19839
0.13118,-0.30857,-0.030478
0.13229,0.26269,-0.28608
0.13291,0.22068,-0.34473
0.13421,-0.10244,0.21036
0.13883,0.11061,0.18557
0.1412,0.24341,-0.32516
0.14129,-0.31507,-0.10547
0.14271,0.19602,0.088442
0.14844,0.16038,-0.38737
0.14846,-0.29155,-0.25445
0.15029,0.20712,0.022654
0.15188,-0.30779,-0.18375
0.15421,0.15653,0.12853
0.15504,-0.30654,-0.21877
0.15523,0.0058831,0.21942
0.15701,0.29229,-0.11651
0.15724,0.27868,-0.22239
0.15822,-0.051114,-0.37512
0.1585,-0.13382,0.19832
0.15867,-0.21972,0.090433
0.15961,0.27859,-0.18222
0.1599,0.2613,-0.26679
0.16033,0.01392,-0.37282
0.16048,-0.32613,-0.14493
0.16156,-0.17149,0.16992
0.16563,0.25884,-0.0036269
0.16726,0.29425,-0.080587
0.16839,0.27781,-0.030861
0.17233,-0.19109,-0.38234
0.1731,-0.29486,-0.28632
0.17362,0.14049,-0.36908
0.17444,0.18217,0.097191
0.17573,-0.053804,-0.38741
0.17843,-0.20033,0.13461
0.17853,-0.26447,0.01902
0.18122,-0.044267,0.22337
0.18186,-0.20606,-0.38851
0.18207,-0.29343,-0.0029044
0.18279,0.10526,0.18227
0.18371,0.026925,-0.38841
0.18794,0.19752,0.044461
0.19054,-0.24277,-0.35691
0.1936,-0.23091,0.030529
0.19682,-0.21928,0.059457
0.19683,-0.24198,-0.38826
0.19817,-0.30384,-0.17358
0.1987,0.24518,-0.3124
0.19892,0.18092,0.11505
0.19955,0.099885,-0.36881
0.1998,0.27215,-0.20521
0.20005,0.27588,-0.078623
0.20054,-0.30813,-0.11347
0.20246,-0.29246,-0.25222
0.2025,-0.28779,-0.28691
0.20326,-0.21559,0.098825
0.2035,-0.31335,-0.077007
0.20399,-0.086288,0.21882
0.20489,-0.30971,-0.22177
0.2052,0.05015,0.21625
0.20596,-0.16919,0.16584
0.20741,0.2575,-0.014387
0.20873,0.25016,-0.27226
0.21148,-0.00040181,0.22416
0.21178,0.20953,-0.38595
0.21207,-0.28011,0.00022528
0.21676,-0.10063,-0.38799
0.21786,0.13507,0.16149
0.21823,-0.23743,-0.3414
0.21908,-0.12822,-0.36931
0.22011,-0.24966,0.01912
0.22085,0.2524,-0.23526
0.22227,0.27173,-0.16263
0.22236,0.19714,0.01686
0.22454,0.21772,-0.33169
0.22492,0.26689,-0.049815
0.22836,-0.15693,-0.36732
0.22877,0.11252,-0.37318
0.23176,-0.30798,-0.13813
0.23224,0.092322,0.19435
0.23233,-0.25897,-0.32172
0.23537,0.25049,-0.27262
0.23604,0.27132,-0.1294
0.23613,-0.2742,-0.0066853
0.2364,0.23698,-0.30341
0.23853,-0.29954,-0.099435
0.23892,-0.20658,0.069756
0.239,-0.11079,0.20974
0.24104,-0.17124,-0.38741
0.2412,0.12969,-0.38822
0.24141,-0.16449,0.17336
0.24275,0.25572,-0.18585
0.24538,0.17731,0.097498
0.24611,0.15478,0.13646
0.24714,-0.046206,0.22168
0.24954,-0.29958,-0.058283
0.24983,-0.29306,-0.20633
0.24992,-0.28224,-0.23214
0.25133,-0.23257,-0.33716
0.252,-0.14463,-0.38496
0.25369,-0.28,-0.27124
0.25401,0.13175,0.16016
0.25563,-0.25103,0.033337
0.25765,0.26064,-0.16181
0.25907,-0.1914,0.11098
0.26007,0.042714,0.21116
0.26246,0.20137,-0.36561
0.26326,0.25407,-0.10076
0.2644,0.092063,-0.38805
0.2664,0.20654,0.0021621
0.26699,0.19002,-0.38814
0.26729,0.24858,-0.044066
0.2681,0.17938,0.057169
0.27214,-0.29365,-0.13092
0.27247,-0.16507,0.15851
0.27392,0.21484,-0.32028
0.27447,-0.1193,0.19632
0.27481,-0.2821,-0.083165
0.27588,-0.27983,-0.032222
0.27593,-0.25509,0.00067237
0.27734,0.24547,-0.2098
0.27892,-0.28106,-0.19208
0.28,-0.22676,-0.38766
0.28271,0.22808,-0.2875
0.28344,-0.25985,-0.26241
0.28506,0.00026559,0.20724
0.28516,0.24283,-0.13608
0.28684,-0.24341,0.036093
0.2883,0.23761,-0.2576
0.29036,-0.20503,0.077518
0.29189,0.095141,0.17067
0.29294,0.19893,0.031576
0.2935,0.16358,-0.38802
0.29528,-0.26096,-0.22474
0.2953,-0.22052,-0.31252
0.29674,0.019471,-0.38836
0.29713,-0.11805,0.18206
0.29761,0.23235,-0.23309
0.2983,-0.22793,-0.34764
0.30172,-0.25484,-0.041368
0.30205,-0.28216,-0.10771
0.30485,0.21781,-0.039714
0.30541,0.20228,-0.0051558
0.30623,0.11015,-0.38487
0.30749,0.19657,-0.31402
0.3079,-0.19777,-0.38832
0.30952,-0.18532,0.10217
0.3097,0.14974,0.10261
0.31006,-0.063634,0.19404
0.3111,0.19218,-0.34401
0.31138,-0.17012,0.13361
0.31311,-0.24385,-0.27744
0.31351,-0.25714,-0.2465
0.31572,0.22785,-0.27423
0.31627,0.076697,-0.38594
0.31844,0.047859,0.18248
0.32015,-0.26186,-0.16684
0.32077,0.23148,-0.18911
0.32081,-0.14545,0.15866
0.32156,-0.24324,0.011088
0.32169,-0.12535,-0.38826
0.32202,0.12626,0.13019
0.32367,-0.20738,-0.36341
0.32443,0.15286,0.074187
0.32723,0.16285,-0.3336
0.32836,0.20652,-0.29357
0.32837,-0.25878,-0.061362
0.32876,0.11962,-0.34742
0.33014,-0.086889,0.18115
0.33393,0.085445,-0.36829
0.33544,-0.011417,0.1807
0.3362,0.21548,-0.085218
0.33748,-0.21408,0.040727
0.33922,0.21449,-0.24443
0.34425,0.20275,-0.20545
0.34428,-0.23461,-0.22843
0.34725,0.18041,0.011297
0.34883,0.21432,-0.15455
0.34898,0.1239,0.10453
0.34999,-0.15309,-0.36278
0.3503,0.050876,-0.38838
0.35119,-0.21409,-0.26476
0.3512,-0.22513,-0.17297
0.35205,-0.23544,-0.01733
0.35332,-0.24538,-0.071553
0.35341,-0.089714,-0.38831
0.35391,-0.18729,-0.32699
0.35391,-0.24436,-0.11775
0.35555,0.16093,-0.31528
0.35615,0.19589,-0.043132
0.35891,-0.186,0.074815
0.3594,0.15649,0.049465
0.36112,-0.19038,0.049568
0.36125,0.18067,-0.28997
0.36653,0.10284,-0.32237
0.36729,0.18283,-0.23451
0.37023,0.070996,0.13413
0.37153,-0.20488,0.020827
0.37268,-0.10108,0.14429
0.3727,-0.14828,0.11117
0.37741,-0.17778,-0.29614
0.37787,-0.22206,-0.095299
0.37814,0.10917,0.098554
0.38102,-0.028733,0.14466
0.38223,-0.11887,-0.36358
0.38303,-0.20991,-0.1981
0.38642,-0.22159,-0.1233
0.38671,0.17209,-0.21958
0.3868,0.13941,-0.27016
0.38727,0.090242,-0.33726
0.39092,0.17121,-0.16396
0.39136,0.17765,-0.12407
0.39333,0.10119,-0.29187
0.39337,0.031706,0.12868
0.39675,-0.21525,-0.047618
0.39759,0.16508,-0.030707
0.39981,-0.14612,-0.30909
0.40019,-0.086822,0.11661
0.40074,-0.19841,-0.16057
0.40131,0.087729,0.08918
0.403,-0.17149,0.024207
0.40441,0.14006,-0.0088966
0.40466,-0.19599,-0.22723
0.4056,0.13098,0.036761
0.40954,-0.0069642,-0.38834
0.41467,-0.19083,-0.13028
0.41505,0.16346,-0.063802
0.41519,0.065936,-0.36246
0.42068,-0.080446,-0.3728
0.4231,-0.14605,-0.26496
0.42396,-0.11219,0.070214
0.42411,-0.11543,-0.35657
0.42412,0.11905,-0.23381
0.42502,0.092062,-0.26081
0.42777,0.12495,-0.12973
0.42779,-0.171,-0.035435
0.43105,0.03497,0.072313
0.43419,-0.14164,0.0032431
0.43426,0.14178,-0.084536
0.43447,0.089955,0.029597
0.43464,-0.063588,0.068395
0.43536,-0.00062627,0.073388
0.43594,0.035332,-0.3699
0.43709,0.12382,-0.17986
0.43864,-0.14688,-0.21657
0.43898,-0.16065,-0.081107
0.43938,-0.15589,-0.15195
0.44289,0.093857,-0.0056784
0.44626,-0.13585,-0.23132
0.44887,-0.15177,-0.31604
0.44927,0.045251,0.039091
0.45028,0.11184,-0.042878
0.45431,0.068471,-0.20138
0.45517,-0.0073499,0.034849
0.45775,0.072945,-0.2227
0.45827,0.099497,-0.28123
0.45834,0.084051,-0.1005
0.45964,-0.10104,-0.012462
0.46178,-0.064193,0.0030532
0.46195,-0.11151,-0.17432
0.46432,-0.045461,-0.36046
0.46859,-0.10419,-0.07975
0.46927,0.064323,-0.050569
0.46962,-0.077569,-0.040419
0.47008,0.059667,-0.11543
0.47065,-0.15591,-0.27543
0.47447,0.01253,-0.02199
0.47494,-0.10668,-0.18036
0.47505,0.083037,-0.31278
0.47663,0.018753,-0.069227
0.47969,0.029933,-0.16725
0.48036,-0.062661,-0.14341
0.48134,-0.018394,-0.12588
0.48309,0.0064476,-0.15618
0.48666,-0.14785,-0.23335
0.4871,-0.13018,-0.3077
0.48854,-0.043346,-0.14903
0.49633,-0.0042933,-0.34391
0.49813,-0.11899,-0.18809
0.49996,-0.087138,-0.3327
0.50082,0.083202,-0.23221
0.50446,0.045292,-0.32145
0.51139,0.044083,-0.1788
0.5194,0.080751,-0.24405
0.51942,-0.062786,-0.14923
0.52151,0.068104,-0.27432
0.52577,-0.12699,-0.26365
0.5264,0.060788,-0.21016
0.52926,-0.0043975,-0.15107
0.53026,-0.10131,-0.17167
0.5368,-0.059229,-0.30935
0.54235,0.023255,-0.29548
0.54626,-0.11261,-0.20982
0.55053,0.036235,-0.18313
0.55117,-0.077348,-0.28481
0.55123,-0.022555,-0.29503
0.55482,-0.057087,-0.16053
0.56303,-0.079368,-0.24785
0.56345,0.026609,-0.23111
0.56403,-0.012771,-0.16752
0.57175,-0.056911,-0.19962
0.57482,-0.016062,-0.22988
