0.32221,-0.24932,-0.18818
-0.21827,0.19676,0.35327
-0.23103,0.15567,0.059684
-0.033608,-0.20842,-0.38776
-0.2422,0.13554,0.08958
0.14696,0.19941,0.060803
-0.30607,-0.19004,0.34051
0.21813,0.22084,0.0051317
0.30155,-0.16021,0.15026
0.12505,0.15656,0.12659
0.029266,0.14411,0.5596
0.12457,-0.30141,-0.1981
-0.30407,0.057236,0.3732
0.089736,0.039008,-0.37377
0.25938,0.10641,0.17506
-0.24123,0.16874,-0.030446
0.38323,0.089299,0.10729
-0.12342,0.0077101,0.24104
0.27471,-0.27475,-0.21632
-0.010425,0.15927,0.11068
0.4103,-0.13892,-0.32957
-0.39244,-0.13924,0.25286
0.29053,0.18192,-0.37339
-0.26123,-0.20685,0.32712
-0.36878,0.035171,0.036944
-0.33314,-0.004823,-0.15963
-0.19216,0.12665,-0.18957
0.33703,-0.23092,0.011495
0.40061,-0.20361,-0.13805
-0.086987,0.013961,0.20727
0.34708,0.10705,0.12295
-0.1829,0.072772,-0.31463
0.004226,0.21371,-0.011497
0.010008,0.082935,0.37765
0.1864,-0.3127,-0.144
-0.078654,-0.21107,-0.38785
0.052939,-0.24748,-0.0022707
0.26914,0.23422,-0.28284
0.36608,0.18589,-0.21985
-0.18718,0.063593,0.3403
-0.16881,-0.19325,0.0769
0.31603,-0.1168,0.17396
0.56353,-0.042257,-0.17589
0.05739,-0.22206,0.045612
-0.37394,-0.035478,0.080267
-0.38046,-0.026891,-0.068901
-0.079325,0.16232,0.1046
-0.030176,0.18005,-0.30806
-0.29569,0.11092,0.40253
0.26265,-0.26971,-0.012745
-0.3057,0.034368,-0.17731
-0.031946,0.19253,0.048934
0.037949,0.14344,-0.37224
-0.26479,0.032895,-0.35249
-0.11656,-0.18792,-0.28752
0.40048,0.050715,-0.37358
-0.25999,0.39494,0.45995
0.43101,-0.16912,-0.12111
0.072949,0.30031,-0.16907
-0.31458,-0.11842,0.36948
-0.25953,0.046669,0.37836
-0.17713,0.19295,-0.047065
0.14632,-0.22746,0.043935
-0.0036775,0.11496,0.53831
-0.33211,0.076511,-0.12887
0.3994,-0.095197,-0.37256
-0.17873,-0.23287,-0.34065
0.060987,0.08739,0.17381
-0.015854,-0.18546,-0.28463
-0.28764,0.062194,-0.18014
-0.31203,-0.2843,0.1916
-0.075687,-0.047419,0.1983
-0.39488,-0.12669,0.30601
0.55934,0.016691,-0.19392
0.1577,-0.25335,-0.36338
0.00074269,0.074991,0.17084
0.054505,0.26913,-0.24831
-0.037974,-0.080521,0.18143
-0.40091,-0.11819,0.23176
0.42339,-0.050346,0.086131
0.29558,0.23118,-0.27311
-0.09197,0.065033,0.19881
-0.41355,-0.11078,0.20202
-0.11608,0.036366,0.31205
0.039918,0.20875,0.021631
0.34458,-0.24653,-0.050082
0.1025,-0.29135,-0.23194
-0.11772,0.19502,-0.052357
-0.33736,-0.16021,-0.041887
0.036801,0.017583,0.19087
-0.10155,0.047092,-0.38669
-0.27674,0.15647,-0.088183
-0.24367,-0.11793,0.37635
0.18434,-0.077714,-0.37728
-0.0058526,-0.092563,-0.38358
0.31298,0.012236,0.19014
-0.15514,-0.16928,0.14232
-0.27145,0.055518,0.38452
0.0085717,-0.043025,0.1842
0.020937,0.013936,-0.37592
-0.34157,-0.20561,0.086831
0.091205,0.20456,0.040763
-0.3031,0.20209,0.38702
-0.042648,0.18906,-0.13436
0.19089,-0.27934,0.0054471
-0.14318,-0.23928,-0.36457
-0.28784,0.1064,0.17496
-0.12325,-0.18569,0.088314
0.26278,-0.14962,0.17606
0.32088,0.2222,-0.20922
-0.30069,0.10111,0.15347
-0.0095293,-0.14828,0.1307
0.18264,-0.012929,0.22232
0.40109,-0.20143,-0.099902
0.11957,-0.0026914,0.2126
0.33718,0.1478,-0.3321
-0.070882,-0.21819,-0.0081178
-0.15729,0.095573,-0.28938
-0.33898,-0.27713,0.1845
0.42038,-0.14177,0.032555
0.21328,-0.030292,0.22307
-0.1473,-0.16031,-0.29534
0.064939,-0.25593,-0.30946
0.46887,-0.14596,-0.29972
-0.22449,0.33986,0.3973
0.24882,-0.23416,-0.35769
0.074577,-0.31033,-0.067114
-0.18074,0.10579,-0.38786
0.022751,-0.15478,0.1349
-0.046016,0.2089,-0.064994
0.21888,0.16003,-0.38791
-0.42262,-0.077185,0.18135
0.51103,-0.05022,-0.32866
-0.061602,0.19414,-0.084441
0.2904,-0.27886,-0.16328
0.37855,-0.18892,0.031534
-0.32072,0.068039,-0.14921
-0.3064,-0.17121,0.051777
0.21096,0.11088,0.17937
0.079199,0.16566,0.1132
-0.12432,0.19575,-0.030252
0.26164,-0.22088,0.060204
0.012573,0.10722,0.5361
-0.32374,0.030262,-0.16028
-0.10638,-0.031653,0.22132
-0.34774,0.075199,0.13941
-0.0092387,0.21777,-0.38829
0.03991,-0.2502,-0.19259
0.02633,-0.26671,-0.13698
0.087158,-0.25954,0.0070436
-0.15307,-0.235,-0.34553
0.013059,-0.22738,0.011675
-0.046024,0.20214,-0.0061297
-0.057536,0.15815,-0.31295
0.40335,0.15794,-0.13925
-0.13197,-0.040371,0.26864
-0.31313,0.093216,0.23517
-0.35586,-0.26937,0.19863
-0.33591,0.072802,0.26291
-0.025527,0.14545,0.12685
0.12318,0.25104,-0.30946
-0.19664,-0.11391,0.37122
-0.22296,0.041957,0.36788
-0.38132,-0.14173,0.10651
-0.30094,0.34452,0.5146
0.5003,-0.013765,-0.15209
0.0080297,-0.032635,-0.38002
0.32653,-0.15874,-0.37978
0.39454,-0.059041,-0.38315
0.29779,-0.1735,0.13143
0.27951,0.22431,-0.027206
0.15607,0.027701,0.21462
-0.16959,-0.080024,-0.33921
-0.16938,-0.23393,-0.081107
-0.2552,0.29808,0.48044
0.18495,0.13229,0.15743
0.52812,-0.028693,-0.3161
-0.058074,0.066638,0.49167
-0.21159,0.17152,-0.12442
-0.17335,-0.16474,-0.30956
-0.29294,0.24347,0.39641
0.0014409,-0.24822,-0.082592
-0.32757,0.021148,0.36506
0.2728,-0.24984,0.023368
0.2347,0.11971,0.172
0.3196,-0.19212,0.084834
-0.30479,-0.18233,0.068673
-0.31595,-0.16756,0.066483
-0.30776,0.078956,0.37391
-0.018702,0.20805,-0.19061
0.18048,0.26472,-0.016292
-0.2943,0.11175,0.077326
0.51287,0.062691,-0.20706
-0.22038,-0.058521,-0.23723
0.16865,-0.29685,-0.24181
0.15866,-0.31233,-0.070984
0.093722,0.2193,0.49473
-0.14194,0.051561,0.29893
-0.21661,0.30337,0.41059
0.077803,-0.15422,-0.37168
-0.048026,0.14001,-0.21968
0.041129,0.23227,-0.33329
0.28891,0.23938,-0.076682
0.017342,0.11539,0.45417
0.3788,0.080541,-0.356
-0.2765,0.022379,-0.36983
0.12622,-0.27097,-0.29794
0.56301,-0.057593,-0.25418
0.43151,-0.04429,-0.37387
-0.14737,-0.083696,0.27586
-0.11654,0.088952,0.45517
0.49283,0.087817,-0.25249
-0.075638,-0.00606,0.20576
0.1382,-0.31687,-0.13287
-0.2223,-0.19001,-0.15951
-0.25864,0.06149,-0.36207
0.3277,0.14217,0.093776
-0.059136,0.15496,-0.1835
-0.33904,-0.26728,0.1609
0.024911,0.15352,0.55448
0.33633,-0.23528,-0.24656
0.22558,0.030821,0.21719
0.17529,0.26338,-0.25381
-0.22821,-0.19748,0.26191
-0.3688,0.051868,-0.062527
0.30489,-0.22084,0.051446
-0.10814,0.11989,-0.29993
-0.16719,0.097725,0.18284
0.28451,-0.26325,-0.024306
-0.096899,0.19218,0.022019
-0.11507,-0.19479,-0.30469
0.29721,0.23926,-0.15082
0.54794,0.0063556,-0.16724
0.47748,0.0042965,-0.072365
0.175,-0.17918,-0.37294
-0.1384,0.089245,0.3922
0.00019969,0.10938,0.15449
-0.21844,0.10665,0.32039
0.22311,-0.24387,0.027662
-0.31601,0.084218,0.094236
-0.39704,-0.01337,0.10761
-0.39525,-0.10471,0.33033
-0.38618,-0.02003,0.28081
-0.29556,0.38529,0.53162
0.40552,-0.038727,0.11155
-0.23628,0.21728,0.32805
-0.27388,0.34702,0.42941
0.24406,-0.25965,0.0043691
0.055952,-0.28138,-0.33581
0.098814,-0.28353,-0.0045507
0.17123,-0.26174,-0.3155
0.19033,0.15751,0.13502
-0.01377,0.084682,0.51556
0.11056,0.228,0.0094857
0.24707,0.20031,-0.3799
0.0019886,0.12865,0.39446
-0.20973,0.057001,-0.32484
-0.0092036,-0.22009,0.026946
0.35025,0.20002,-0.22813
-0.092449,0.070306,-0.38733
-0.23076,0.058215,0.3616
0.074074,0.19117,0.57709
0.32521,-0.05398,0.1853
0.0821,0.25892,-0.28706
-0.16127,-0.20838,0.046478
0.3234,0.22421,-0.12529
-0.29696,0.37082,0.49384
-0.17279,0.19217,-0.077018
0.0067629,0.24813,-0.033666
-0.0049131,0.27637,-0.116
0.29261,0.1436,0.12309
0.45673,-0.018906,-0.36424
0.035597,0.11332,0.15482
0.4703,-0.09279,-0.13249
-0.048691,-0.20714,0.038228
0.47286,-0.081475,-0.087858
0.14191,-0.30143,-0.016973
0.083162,0.18088,0.52096
0.34496,0.20128,-0.2575
-0.12741,0.062133,0.31787
-0.3524,0.080348,0.18287
0.057496,0.13573,0.40824
0.49436,-0.14358,-0.25748
0.1672,-0.12295,-0.3712
-0.014863,-0.22216,-0.073118
0.10701,0.2623,-0.28643
-0.20078,-0.19109,0.12387
0.17704,-0.24437,-0.33903
0.0487,-0.28707,-0.35862
0.40011,-0.15665,-0.29006
0.3523,0.19001,-0.27268
-0.30665,-0.28411,0.21049
0.53483,-0.073727,-0.16048
-0.091891,0.15151,0.12465
-0.0033437,0.21711,-0.23003
0.18746,-0.3029,-0.23092
-0.33668,-0.15007,0.080114
0.09947,0.30271,-0.078419
-0.1674,-0.20977,-0.32091
-0.081601,-0.21036,-0.19802
0.25925,0.25394,-0.18582
-0.25555,0.16235,-0.02483
-0.35236,-0.0074851,-0.13036
-0.28512,-0.10462,-0.18357
-0.3531,0.033121,0.30754
-0.15001,-0.17576,0.10066
-0.2825,0.30738,0.35008
-0.17942,0.18885,0.0047866
-0.11019,0.17513,-0.37604
-0.39541,-0.16931,0.2408
0.19833,0.24782,-0.2942
-0.24235,-0.10455,-0.21341
-0.23776,-0.0046349,-0.2349
0.33497,-0.15462,0.13448
0.46929,-0.13013,-0.21501
-0.29078,0.1384,-0.10827
-0.21438,0.18389,0.36891
-0.28641,0.33062,0.50648
0.56021,0.011267,-0.25216
0.029367,0.23603,-0.288
-0.3698,-0.18735,0.30249
0.20511,0.27845,-0.13618
0.13836,-0.041295,-0.37415
-0.21346,0.41892,0.48637
0.37775,-0.19595,-0.26271
0.12463,-0.31433,-0.11877
-0.33313,0.08777,0.049724
-0.065541,0.18282,-0.11153
0.38575,0.15049,0.013054
0.11309,0.29213,-0.17926
-0.08438,-0.04787,-0.38794
0.48341,-0.041467,-0.13944
-0.35508,-0.23028,0.10026
-0.13108,0.00601,0.30694
0.074578,0.1603,0.428
-0.29579,0.13987,0.0047409
0.31751,0.2249,-0.25058
0.34221,-0.19519,-0.31188
0.27404,0.1376,0.14227
-0.22285,0.12742,0.12322
-0.1296,-0.18739,-0.19346
-0.21227,0.084996,0.31234
-0.19871,-0.016876,-0.24772
-0.12117,-0.20319,-0.17347
0.14634,-0.20802,-0.38622
0.22613,0.19135,0.039497
-0.021354,0.23334,-0.15491
-0.079119,0.083918,-0.38244
0.26157,-0.22217,-0.38808
-0.066714,-0.16244,0.11629
0.23933,0.14053,0.1527
-0.231,0.11076,0.17042
0.34175,-0.24378,-0.15252
0.016026,-0.18909,0.091406
-0.32495,0.29153,0.4577
0.044252,0.14694,0.5664
0.29013,0.061905,0.1881
-0.24592,-0.080808,0.38108
0.23258,-0.28463,-0.021581
-0.23812,-0.20493,-0.12922
-0.29951,0.10166,0.31147
0.34908,0.022716,0.16395
0.015298,0.11645,0.38821
-0.14966,-0.032476,-0.28871
0.21909,-0.2948,-0.23538
0.0052282,0.23506,-0.33615
0.34427,0.14442,0.076062
0.17477,0.28747,-0.091908
-0.13676,-0.11996,0.23246
-0.090708,-0.21435,0.010353
-0.22728,0.16939,0.00067609
-0.21876,-0.19064,-0.3349
-0.40877,-0.1664,0.1836
0.21297,-0.13637,0.19381
-0.32514,-0.28104,0.22249
-0.10113,-0.215,-0.33512
-0.31561,0.070173,0.35349
0.21078,-0.05892,0.22129
-0.070017,0.10713,-0.38308
-0.10655,-0.081993,0.19829
0.52931,-0.074572,-0.30896
-0.36785,-0.11004,0.029828
-0.14947,-0.084078,-0.3034
0.22165,0.25102,-0.26005
0.46014,-0.14994,-0.25791
0.23458,-0.19049,0.12772
-0.071045,0.11414,0.37674
0.015084,-0.28055,-0.33882
-0.27301,0.15884,-0.05162
0.20386,-0.094218,-0.38157
-0.26609,0.3713,0.37526
-0.18345,0.17227,0.062187
-0.27853,-0.048137,-0.2119
0.089945,0.2003,0.55708
0.23014,0.171,0.11634
-0.32329,0.33614,0.48573
0.26348,-0.12354,-0.38707
0.19316,0.20614,-0.38721
-0.3048,0.30511,0.4475
-0.27614,0.39751,0.53811
0.20789,-0.26376,-0.31648
0.30908,0.23548,-0.16849
-0.38456,-0.022968,0.02897
-0.3032,0.15986,0.34717
0.41492,-0.18343,-0.17992
0.031661,-0.14372,-0.37364
-0.054739,0.041306,0.40329
-0.30186,-0.234,0.30253
-0.22802,0.031082,-0.32494
0.14954,0.21834,-0.36432
-0.10021,0.014801,0.33907
0.20625,0.18013,0.10325
0.23381,0.18474,0.066376
-0.27059,0.15193,0.30385
-0.36003,-0.10022,0.081776
0.31731,0.16291,0.060274
-0.37153,-0.0089733,0.081146
-0.23924,0.29412,0.46532
0.19269,-0.2917,-0.27515
0.1294,0.29666,-0.10434
-0.08878,0.073368,0.33277
0.13869,0.1357,0.15517
0.057809,0.15899,0.11977
-0.047018,0.11112,0.16268
-0.074265,-0.20517,-0.23131
-0.13999,-0.15924,0.12227
-0.32832,0.049798,0.35085
-0.067489,-0.22484,-0.063461
-0.30641,0.090879,0.29249
0.39043,-0.19721,-0.00086134
-0.052844,-0.10268,-0.3879
0.31722,-0.25228,-0.030547
0.13307,-0.19776,0.12754
0.039841,-0.25096,-0.38806
-0.058428,0.052213,0.41448
0.0079253,0.24412,-0.37624
0.37344,-0.21852,-0.014707
0.21897,-0.020789,-0.38782
-0.19192,-0.23831,-0.35926
-0.32214,0.12145,-0.05831
-0.15667,-0.060169,0.35065
-0.26611,0.067363,-0.19639
0.22659,-0.30163,-0.17268
-0.32966,-0.092926,-0.14437
-0.28278,0.30205,0.36417
-0.0099405,0.057451,0.40839
0.43856,0.026531,0.061597
0.04085,-0.037426,0.19363
-0.15573,-0.22534,-0.1189
0.5702,-0.028582,-0.199
-0.2406,-0.13971,-0.37184
0.4766,0.028289,-0.11361
-0.26185,0.20285,0.31709
-0.22573,0.35311,0.46915
-0.30537,0.38595,0.52448
-0.016084,0.25607,-0.09239
0.22928,-0.12449,-0.38075
-0.20339,0.075744,-0.22464
0.099143,-0.25684,-0.30671
-0.18199,0.052576,0.38722
0.25354,-0.092096,0.20925
-0.19179,-0.17861,0.10783
0.056111,-0.30526,-0.063347
0.38046,0.14042,-0.284
0.019816,-0.29183,-0.36533
0.2325,0.061729,0.20725
0.36578,0.10136,0.1124
0.38238,0.098089,-0.31717
-0.21868,0.11532,0.14347
0.075333,-0.19186,-0.36949
-0.0016477,-0.18197,-0.26369
-0.29165,0.19264,0.44837
-0.12009,0.15089,-0.18314
0.25837,-0.23222,-0.37452
-0.3914,-0.17973,0.26039
-0.16161,0.0075004,0.4048
-0.015615,-0.019608,0.18854
0.07302,0.27059,-0.25978
0.29247,0.062744,-0.38745
-0.08271,0.029843,0.44001
-0.37343,-0.063229,0.35935
-0.052078,0.17554,-0.13852
-0.023709,0.15785,-0.23168
0.15789,0.08004,0.20007
-0.27101,0.27619,0.33271
-0.21956,-0.23003,-0.076944
0.18625,-0.2182,0.082905
0.18538,0.22786,-0.32961
0.45664,-0.12387,-0.13534
0.012338,0.15536,0.11466
-0.086471,0.062112,0.47772
0.26434,0.22663,-0.30373
0.42166,-0.16138,-0.0026618
-0.13125,-0.23221,-0.086842
0.29728,-0.2414,-0.28412
0.20168,0.24948,-0.28082
0.32395,-0.065198,-0.38831
-0.13556,0.082,0.20207
-0.00067869,0.20377,-0.38825
-0.12117,0.18857,-0.093468
-0.32085,-0.082192,0.37513
-0.025555,0.14739,0.4229
0.42554,0.097583,-0.27797
-0.28487,0.27318,0.33704
0.48036,0.0022691,-0.1171
0.13862,0.29093,-0.15038
-0.3503,-0.11395,-0.10437
-0.11142,-0.22193,0.00040127
0.33795,0.21618,-0.18304
-0.15743,-0.044967,-0.32142
-0.28187,-0.18689,0.071725
0.29564,0.092969,-0.38629
-0.3134,-0.12489,-0.14882
0.32593,-0.23836,-0.2629
-0.13661,-0.22376,0.0099325
0.10406,-0.21579,0.086248
0.039359,-0.25838,-0.30817
-0.19957,-0.19494,0.072576
0.41763,0.12163,0.0073954
-0.18964,0.1872,-0.092432
-0.27126,-0.21352,0.088366
0.47891,0.025444,-0.34509
-0.043092,0.20265,-0.085695
0.30335,-0.25361,-0.26212
0.19622,0.075443,-0.3716
0.44054,-0.13789,-0.014885
0.37004,0.1476,-0.29904
0.18303,-0.2233,0.06014
-0.3976,-0.045346,0.26291
0.26113,0.19182,0.035202
-0.015821,-0.25321,-0.32945
0.089811,-0.27832,-0.25242
-0.40836,-0.14781,0.13924
0.56743,-0.00074151,-0.2095
-0.16746,-0.24461,-0.37852
0.49451,-0.13769,-0.28226
-0.2281,0.21675,0.42886
0.080641,0.28504,-0.23151
0.44825,-0.094338,-0.35402
0.25765,-0.17365,0.14762
-0.0056184,-0.012491,-0.38321
0.096912,-0.20048,0.11189
-0.16678,-0.16258,-0.20491
-0.089285,0.1714,-0.14346
-0.005042,-0.21202,-0.29663
-0.11352,-0.21997,-0.11238
0.051491,0.1807,0.46096
-0.14387,0.083744,0.40745
-0.18807,-0.21952,0.019145
0.20821,0.26868,-0.1769
-0.10332,-0.19654,-0.25204
-0.26606,-0.016904,0.38035
-0.39574,0.020305,0.21144
-0.21396,-0.2217,-0.36866
-0.23623,-0.21659,0.0053305
-0.18337,-0.19402,0.14611
0.28164,-0.22701,-0.33244
0.24479,0.11142,-0.38315
0.05876,0.15828,0.55755
-0.02539,0.18632,-0.19134
0.12183,0.27735,-0.023541
-0.077358,0.024268,-0.38675
0.19058,-0.15822,-0.3686
0.28414,-0.27226,-0.052252
-0.1983,0.10256,0.19439
-0.37352,-0.0080323,0.3478
0.4402,0.090925,-0.31042
0.22277,-0.26799,0.0042201
-0.16092,0.11946,0.16018
-0.18132,6.2e-05,-0.38794
0.42765,0.10493,0.020227
0.44666,-0.13809,-0.18095
-0.31221,-0.15845,-0.12038
-0.37452,-0.001047,0.054084
-0.23731,0.1226,0.39042
-0.10678,-0.22631,-0.35787
0.27748,-0.25345,-0.28206
-0.26073,-0.0083732,-0.36464
-0.20827,-0.2339,-0.052208
-0.24499,-0.030436,-0.37368
-0.033588,0.22295,-0.10158
-0.29395,0.014519,-0.19602
0.1657,-0.24053,0.026827
-0.11137,0.021611,0.3183
0.11535,0.23871,0.52831
0.27547,-0.18837,-0.38828
0.22213,-0.23733,-0.35561
0.13493,-0.28385,-0.2765
-0.23803,0.28491,0.34886
0.19473,-0.2585,0.016592
-0.21788,0.23631,0.36273
-0.22307,0.29963,0.38129
-0.0096435,0.17963,-0.27388
-0.26398,0.41795,0.54008
0.28786,0.03028,0.20029
-0.33931,0.084393,0.20789
0.21763,-0.30221,-0.20056
0.23957,-0.001298,0.219
-0.29301,0.062216,0.3823
-0.20193,-0.03758,0.37888
0.063632,0.15317,0.47869
0.26235,-0.27403,-0.25526
-0.24155,-0.17708,-0.37588
-0.1422,-0.2057,-0.15666
0.3513,-0.13244,-0.37154
0.40172,0.11089,-0.27428
0.26409,-0.0010755,0.21336
0.40325,0.00078202,0.11558
-0.34228,-0.14984,-0.074468
-0.015035,0.095256,0.52456
0.39502,0.1093,0.074832
-0.37646,0.045643,0.13279
-0.149,-0.2338,-0.091956
-0.033012,0.21599,-0.32309
0.54679,0.041211,-0.20813
-0.11131,0.099259,0.18707
0.099979,-0.26023,-0.32546
-0.12204,-0.007088,0.33975
-0.22636,-0.1993,-0.35661
0.099113,0.14806,0.44707
-0.071294,0.04117,0.19979
-0.24664,-0.2284,0.25698
0.45053,-0.045044,0.035432
0.54502,-0.10632,-0.24044
0.16744,-0.31644,-0.12129
-0.078009,0.17778,-0.32925
-0.054519,-0.23257,-0.36046
-0.015376,0.16288,-0.29593
-0.14137,0.030833,0.43174
-0.27239,-0.13913,0.36945
0.45382,0.083986,-0.16556
-0.16099,0.060368,0.2731
-0.31907,-0.27365,0.14333
-0.34188,-0.13327,0.35708
0.46165,-0.071015,-0.35532
-0.14047,-0.22817,-0.0099955
0.47864,-0.12303,-0.31882
0.21419,-0.30701,-0.096639
-0.20379,-0.03495,-0.34149
0.048739,0.087969,0.40049
-0.31118,-0.21961,0.31537
0.21456,-0.29104,-0.020321
-0.21449,-0.18145,0.28741
0.10594,-0.30484,-0.027249
-0.27593,-0.086475,-0.19896
-0.095868,0.14009,-0.32999
0.0131,0.070798,0.38462
0.031177,-0.023269,-0.37681
-0.016601,0.045668,0.39331
-0.23482,-0.17166,-0.38818
0.066898,-0.099422,0.18566
-0.1942,-0.22628,-0.0019962
0.41296,0.096976,-0.30346
-0.3999,-0.16038,0.11756
-0.22413,-0.20408,0.23165
0.51274,-0.098223,-0.3084
0.25962,0.25826,-0.14243
0.076254,0.21944,0.54341
-0.067202,0.11183,-0.38776
0.3312,-0.16791,0.11565
-0.11232,-0.0019957,0.2245
-0.14161,-0.065266,-0.29077
0.47514,-0.027811,-0.062763
-0.18676,0.017951,-0.2992
-0.21717,0.39673,0.43826
0.097533,0.14298,0.42565
-0.26422,0.37792,0.39592
0.27722,-0.076378,0.20401
0.0049521,0.099453,0.43967
-0.094392,0.15101,-0.38789
-0.085531,0.15602,-0.18513
0.13881,0.21773,-0.37859
-0.38084,-0.098942,-0.007094
-0.049696,0.14362,0.46245
0.30197,0.2175,-0.29192
0.32965,-0.20317,0.055938
-0.01165,-0.13134,-0.3803
0.04192,-0.28986,-0.13566
0.3368,-0.1938,0.0673
-0.32465,0.081921,0.12225
0.1977,0.27983,-0.10818
0.074533,0.20241,0.57528
0.52997,-0.0011978,-0.31147
-0.22048,0.10811,0.34442
-0.21564,-0.12661,-0.21141
-0.40831,-0.11242,0.13684
-0.2451,0.26616,0.33574
0.35671,-0.20311,0.037041
0.25385,-0.28454,-0.032397
-0.41678,-0.10293,0.15151
-0.062863,0.024218,0.37807
-0.37594,0.061186,0.18745
-0.1659,-0.23346,-0.062312
0.35244,-0.11131,-0.38005
-0.041861,-0.12563,0.15727
0.29974,-0.25106,-0.0098693
-0.31603,0.1707,0.39495
-0.28968,-0.285,0.17423
0.020876,-0.23521,-0.16481
-0.14094,-0.046205,0.28819
0.0085229,0.27123,-0.051726
0.044661,0.2995,-0.078898
-0.16759,0.099595,-0.23319
-0.29648,-0.25806,0.10543
-0.13868,-0.21887,-0.13468
-0.3241,0.11354,0.01239
0.40172,-0.17327,-0.26278
0.283,-0.28597,-0.10726
-0.17027,0.082564,0.23274
0.20195,-0.15584,0.17917
0.54378,-0.090336,-0.18067
-0.14754,-0.073818,-0.27218
-0.20446,0.046015,0.36632
0.36108,-0.23429,-0.061394
-0.36966,0.038288,-0.078132
0.32811,-0.26177,-0.095606
0.20072,0.26882,-0.19109
0.014212,-0.19371,-0.26854
-0.29333,-0.19615,-0.080592
0.46808,0.055709,-0.073431
-0.24699,0.41345,0.40563
0.083208,0.2748,-0.018987
-0.043365,0.1385,-0.37819
0.13363,-0.21953,0.087172
0.2593,0.0036357,-0.38813
0.3413,-0.20413,-0.29114
-0.40933,-0.20785,0.14239
-0.13395,-0.011032,0.31988
0.3269,0.1333,0.11244
-0.025888,-0.16488,0.11083
-0.28333,-0.13698,-0.1704
-0.3998,0.014268,0.17388
-0.17534,-0.051873,-0.33865
-0.16254,0.14015,-0.18067
0.436,-0.14293,-0.23762
0.40858,0.051468,0.096725
0.20859,-0.25356,0.016625
0.17255,-0.025998,-0.38365
0.34704,-0.1732,0.096052
0.26094,-0.29423,-0.15371
0.25163,-0.13153,0.19314
-0.13963,-0.20835,0.040835
-0.21079,-0.083347,-0.23379
0.11786,0.23112,0.49796
0.15755,-0.2253,0.063769
0.020982,-0.21945,-0.38634
-0.23023,0.44259,0.47445
-0.16488,-0.024618,0.3724
0.31078,0.089753,0.16112
-0.0079748,0.22074,-0.31885
0.53479,0.058488,-0.24983
-0.021319,0.15832,0.46905
-0.0075583,0.18562,0.069557
0.017292,-0.21933,-0.29197
0.071699,0.30522,-0.086703
-0.10612,0.13155,-0.24752
0.048746,-0.24114,-0.26957
-0.38824,-0.15897,0.29167
-0.34418,0.021697,0.3553
-0.12,-0.11356,0.20149
-0.012478,0.22951,-0.048558
-0.21332,-0.18456,0.09414
0.15106,0.29481,-0.090877
-0.11282,-0.22485,-0.091477
0.44172,-0.023855,0.058877
-0.10806,0.14588,-0.20527
0.16037,-0.27513,0.010175
-0.28689,0.26019,0.38662
-0.28279,-0.2745,0.21709
-0.39371,-0.18915,0.10816
0.41336,-0.19102,-0.11156
-0.2676,0.26825,0.47706
-0.21137,-0.22198,-0.10637
0.2893,0.11772,0.15367
-0.25009,0.075001,-0.36181
-0.27495,0.32906,0.40577
-0.24481,-0.20322,0.32281
0.14405,-0.026471,0.21766
0.3896,0.17481,-0.04588
-0.18511,-0.23286,-0.048625
0.52277,0.04555,-0.29708
-0.26904,0.10931,0.15154
-0.25542,-0.21452,-0.0012972
0.26056,0.20087,0.016866
-0.10236,-0.21145,-0.17428
0.47228,0.085215,-0.24538
-0.21232,-0.21621,0.027862
-0.1935,-0.071374,0.37574
0.31244,-0.089526,0.18575
-0.22174,0.15672,0.38853
0.062802,0.29368,-0.1967
0.10418,-0.31134,-0.12783
-0.12041,-0.20315,0.05891
0.52944,0.047035,-0.1907
-0.31891,0.0865,0.26064
0.12398,-0.2923,-0.24521
-0.34276,-0.1464,0.019625
-0.15635,-0.14563,-0.21986
0.33399,-0.24582,-0.022535
0.17225,-0.30512,-0.036796
0.42756,-0.16625,-0.19859
0.39988,-0.14399,0.068531
0.37075,0.15596,0.032508
-0.13192,-0.17563,-0.28334
-0.28919,0.098204,-0.15968
0.21016,-0.30665,-0.14173
0.05738,0.20363,0.04273
-0.24495,0.37589,0.50826
-0.3636,-0.18592,0.090897
0.13161,0.17524,0.1056
-0.046981,-0.22422,-0.062019
0.43448,0.093194,-0.232
-0.042428,-0.02197,0.19517
0.17784,0.084765,-0.37024
0.097775,-0.30259,-0.15471
0.037097,-0.17664,0.11867
-0.17992,0.066571,0.31576
0.19094,0.051123,-0.37814
0.3595,-0.22322,-0.19984
0.075649,-0.25212,-0.29909
-0.29445,0.099162,0.10276
-0.20352,0.0026127,-0.31837
0.06157,-0.05423,-0.37586
0.41743,0.139,-0.027494
-0.22094,0.072358,0.3457
-0.14823,-0.14015,-0.2645
0.50502,-0.12271,-0.19771
-0.36839,0.055996,-0.0014278
-0.21874,0.36212,0.43826
-0.15858,-0.17897,-0.19106
-0.31882,0.24326,0.44515
0.013899,0.17537,0.48573
-0.14283,0.16824,-0.13763
0.44512,-0.14528,-0.065431
-0.23488,0.40076,0.39419
-0.40915,-0.058157,0.22861
-0.28771,-0.17279,-0.13493
0.068425,-0.0095195,0.20103
0.29477,-0.24725,0.015951
0.065504,-0.30533,-0.12044
-0.1181,-0.1851,-0.23375
0.10131,-0.25738,-0.38796
0.51438,0.021418,-0.32028
-0.15168,-0.073118,-0.32198
0.36068,0.050187,0.14843
-0.17346,-0.23097,-0.019003
-0.17964,-0.22024,-0.12883
-0.065144,0.044909,0.43942
0.037557,-0.26937,-0.029981
-0.15245,0.18237,-0.11491
0.14133,-0.25272,0.021454
-0.15923,-0.1715,0.11002
0.42584,0.079738,-0.3375
0.31719,0.21031,-0.29394
0.30681,0.17827,0.04607
0.20186,-0.24072,-0.36219
-0.28672,-0.25288,0.27343
0.29487,0.23746,-0.10736
-0.21481,0.17648,-0.034967
-0.38094,-0.23045,0.11621
-0.36916,-0.08638,0.056568
-0.24221,-0.23287,0.11061
0.050662,0.15118,0.50257
-0.3131,-0.19888,0.079465
0.24703,0.23754,-0.018764
-0.17124,-0.0086575,-0.26281
0.0024279,-0.28664,-0.38042
-0.082536,0.20865,-0.35315
-0.41271,-0.027687,0.13187
-0.27302,0.36933,0.5243
-0.2192,-0.15866,0.36109
-0.076421,-0.22083,-0.042716
0.045647,0.10011,0.39352
0.077394,0.22784,-0.37931
0.034585,0.089196,0.41998
0.34839,0.18271,-0.29961
0.07865,0.28717,-0.036294
-0.19825,0.098748,0.21775
0.45765,-0.11811,-0.33511
-0.16585,-0.15956,0.23166
-0.29704,0.16772,0.33173
0.060935,-0.29406,-0.14614
0.2117,-0.30212,-0.046065
-0.011161,0.056808,0.38125
0.21687,-0.18309,0.14601
-0.28422,0.33044,0.44091
-0.2784,-0.27774,0.12582
0.45414,0.090007,-0.033042
0.23315,-0.14326,-0.37386
0.032126,0.067424,0.17715
0.040017,-0.22966,0.01188
0.06816,0.21237,0.51858
-0.2631,-0.27962,0.17533
0.0533,0.28261,-0.035977
0.35369,-0.21813,0.014741
-0.39292,-0.054039,-0.026087
-0.39864,-0.036263,0.24548
-0.13897,0.037986,0.29139
0.50821,-0.090259,-0.16708
-0.27735,0.18455,0.4481
-0.42116,-0.077181,0.1504
-0.40339,-0.19026,0.20282
-0.092352,0.11988,0.41805
0.27761,-0.23316,0.048983
0.30164,-0.26524,-0.061965
0.080139,0.18139,0.088961
0.34307,0.10263,-0.34603
-0.26585,0.40162,0.48913
-0.20256,0.18178,-0.056202
0.46392,0.057116,-0.19711
0.32297,0.10507,-0.36686
-0.049623,0.047015,0.35749
0.37396,0.18202,-0.19633
-0.0027176,-0.23048,-0.021733
0.45929,0.086738,-0.064648
-0.0339,0.21164,-0.042081
-0.37984,0.028944,-0.031393
-0.026664,0.14077,0.50961
-0.21226,0.098346,0.26256
0.38752,0.179,-0.077001
0.053167,0.12029,0.44006
0.36133,0.19609,-0.17465
-0.31125,-0.18718,-0.028976
0.068095,-0.19429,0.11073
-0.23739,-0.18882,0.089504
-0.2525,0.40664,0.41755
-0.26806,0.41832,0.51758
-0.13815,0.1932,-0.074173
0.54665,-0.094568,-0.26544
0.36043,-0.17272,-0.32863
0.26149,0.25607,-0.12208
-0.14383,-0.15136,-0.25027
-0.18221,0.058951,-0.29084
-0.076366,0.14271,-0.2104
0.37274,-0.22933,-0.11212
-0.048013,0.12854,-0.29346
-0.095444,-0.16834,0.10991
-0.26767,-0.1969,-0.11661
-0.19249,-0.15649,0.30319
0.22683,0.24588,-0.28277
-0.37986,-0.12414,0.33667
-0.21929,0.099058,0.28498
0.21988,0.23329,-0.31584
-0.35179,-0.070217,-0.12447
-0.069211,-0.078111,0.18731
0.21315,0.24096,-0.0052841
0.23488,-0.29501,-0.22008
-0.22802,-0.2307,-0.034263
0.3211,0.049015,-0.38756
0.20658,-0.20643,-0.38806
0.36258,0.092841,-0.34264
0.48658,-0.12451,-0.2006
-0.30141,0.11844,-0.12279
0.26674,-0.28717,-0.05789
-0.21605,0.27536,0.38755
0.05136,0.18454,0.56359
-0.11157,0.09787,0.36597
-0.31032,0.25917,0.46545
-0.269,-0.20406,0.01841
0.18859,0.267,-0.23329
-0.39784,-0.079558,0.26061
-0.19274,-0.09973,-0.34144
0.10176,0.22617,-0.34704
-0.32756,-0.13057,-0.12813
-0.051518,0.078154,-0.37842
0.44221,0.076354,0.021003
0.43319,0.13903,-0.063739
-0.23712,-0.16619,-0.17624
0.13279,0.28796,-0.046209
-0.39553,-0.005838,0.24297
-0.21935,0.29047,0.43366
-0.38543,-0.034953,0.092388
-0.12135,0.11721,0.1719
0.39895,-0.11576,0.099332
0.37734,-0.13936,-0.34515
-0.23461,0.4431,0.51004
-0.16762,-0.085139,0.36159
-0.38535,-0.23493,0.20611
-0.31721,-0.033053,-0.17662
-0.1101,0.10048,0.44622
-0.0064255,-0.20974,-0.13799
0.11129,-0.27928,-0.26568
0.17586,0.17321,0.11359
-0.25066,0.19006,0.4412
0.018182,0.1511,0.42103
0.13593,-0.15081,0.18016
-0.19016,-0.22493,-0.10754
-0.28546,0.23175,0.33014
0.17468,-0.29296,-0.26433
-0.10268,0.010429,0.38277
-0.15264,-0.02789,0.35897
0.1061,0.30158,-0.09893
0.3452,-0.2495,-0.083555
-0.30768,0.14796,0.36679
-0.16987,0.15888,-0.15833
-0.038545,0.14912,0.43621
-0.29029,0.13743,0.42081
-0.11848,0.12312,-0.26587
-0.27519,-0.25767,0.24979
0.45964,0.01681,0.017317
-0.2564,0.38987,0.38222
0.25957,-0.29458,-0.1174
0.43978,-0.15127,-0.30019
-0.21776,0.023089,0.37603
0.15712,0.17824,0.10472
-0.15396,0.10582,-0.25542
0.0043715,0.1134,0.47806
0.46105,-0.11802,-0.19533
0.17856,0.28265,-0.063357
-0.1257,-0.069128,0.24337
0.28249,0.2028,-0.3433
-0.23203,-0.23525,0.20338
0.26278,-0.201,0.086084
0.023379,-0.20415,-0.38077
0.2614,0.076726,0.19206
0.02261,0.17617,0.46583
0.37832,-0.21115,-0.17721
-0.25889,-0.091898,-0.21075
-0.37302,-0.03033,-0.089845
0.26044,-0.25316,-0.30183
-0.1878,0.087871,0.2523
0.04581,-0.14768,0.15415
0.38658,-0.10801,-0.36949
-0.25237,0.38928,0.52516
0.11,0.1747,0.443
0.36647,0.067419,-0.37304
0.14631,-0.18372,0.1506
0.27621,-0.26768,-0.23976
-0.23027,-0.24687,0.13765
0.1163,-0.19973,-0.37876
0.4943,-0.070938,-0.15954
0.45381,0.06781,-0.005719
-0.008747,-0.18976,-0.21577
0.0051618,-0.21823,0.037014
0.076503,-0.31114,-0.10009
-0.26173,0.12188,0.095703
-0.27534,-0.027619,-0.21555
0.41959,-0.087534,0.085073
-0.035282,-0.1367,0.14396
0.30278,0.22729,-0.056332
-0.18502,-0.20238,-0.15796
-0.30798,-0.25811,0.26936
-0.13729,-0.20476,-0.31742
-0.030427,-0.22369,-0.052434
0.00085198,-0.21578,-0.14002
0.11892,0.1861,0.455
-0.067546,0.12595,-0.29102
-0.31346,0.32264,0.49494
-0.17282,-0.052522,0.37055
-0.13805,0.12032,-0.38751
-0.35182,-0.054443,0.36817
0.091064,0.22058,0.56563
0.51956,-0.12915,-0.23561
0.089289,-0.22137,0.058417
-0.014679,-0.18383,0.087761
0.37434,-0.18262,0.04953
-0.2564,0.34902,0.35481
0.2975,0.2012,-0.3261
0.18498,-0.30711,-0.19303
0.039021,-0.30187,-0.08585
-0.12182,0.12585,-0.3474
0.0063053,-0.24727,-0.11219
-0.049,-0.22358,-0.00090743
-0.14615,0.055449,0.43404
-0.05579,0.16296,0.10736
0.4466,0.012425,0.049109
-0.071322,-0.20353,-0.32047
-0.29826,-0.063985,0.37989
-0.00080154,-0.19606,-0.18643
0.56035,-0.082964,-0.2191
0.0977,0.28571,-0.22546
-0.011796,0.017818,-0.37994
0.23536,-0.2849,-0.25187
-0.18245,-0.14109,0.3534
-0.22042,0.4427,0.45255
-0.22246,0.38949,0.48696
0.39614,-0.20144,-0.1953
-0.30042,0.095278,0.27876
-0.023996,0.13691,-0.28423
0.056329,-0.2935,-0.036714
0.41597,0.13832,-0.21108
0.23004,-0.081094,0.21675
0.44206,0.061435,-0.34838
0.080349,0.18299,0.54404
0.10196,-0.29505,-0.2084
0.098669,-0.2422,-0.3882
-0.27502,-0.000199,-0.37824
0.040332,0.21304,-0.38795
-0.09189,0.091804,-0.38832
0.5345,-0.041424,-0.15361
0.22096,0.15692,0.13767
-0.096513,-0.12498,0.15386
0.23865,0.2679,-0.15128
0.28035,-0.1806,0.12389
-0.2256,-0.22497,-0.013674
0.050418,0.19097,0.074157
-0.33162,0.048144,-0.1447
-0.22001,0.13839,0.36367
-0.25824,0.12036,0.29211
0.3152,0.19388,0.012573
-0.3184,0.10669,-0.11039
0.56986,-0.050781,-0.22578
0.12338,0.23703,-0.329
-0.12201,-0.12885,0.17215
0.018073,-0.20873,0.063885
-0.40211,-0.087742,0.23891
-0.32029,0.35134,0.50268
0.20049,-0.1103,0.20896
0.36994,-0.0028151,0.15135
-0.1001,-0.2214,-0.044173
0.032626,-0.10237,-0.37578
-0.22065,-0.23084,0.17544
0.43926,-0.11829,0.020331
0.20978,-0.21892,0.053247
0.17205,0.18976,-0.38768
0.32537,-0.26279,-0.13076
-0.2448,0.33311,0.35699
-0.032323,0.10372,-0.37434
0.37181,0.12165,-0.30984
0.071021,-0.29236,-0.17161
0.00038278,0.15741,0.43584
0.41859,0.13999,-0.15785
0.10426,0.057366,0.19808
-0.20861,0.0221,-0.31646
0.24836,-0.29654,-0.10691
-0.039854,-0.19025,-0.285
0.1416,-0.30077,-0.23351
-0.40031,-0.049044,0.32807
0.28804,0.21316,-0.30726
-0.37092,-0.10481,-0.056871
-0.31371,0.090388,0.34282
-0.21361,0.21256,0.3934
-0.4018,-0.22593,0.15892
-0.28489,0.2841,0.48611
-0.063609,0.12978,0.15093
-0.086376,0.093932,0.3512
0.097428,0.094536,-0.37236
0.13835,-0.28773,-0.002011
0.29857,0.23643,-0.21067
-0.18194,0.019704,-0.26091
0.52106,-0.12059,-0.20495
-0.32075,-0.16854,-0.092341
-0.044451,-0.049829,0.19242
0.18775,0.14352,-0.38156
-0.27829,0.14297,0.024332
0.065457,0.13478,0.14047
-0.14865,0.10417,-0.30964
0.15298,-0.21122,0.10859
0.44702,0.088168,-0.25491
-0.080749,-0.1991,-0.30482
-0.13573,0.15736,0.1137
-0.29329,-0.22759,0.088684
-0.01496,0.013094,0.18781
0.38105,0.13221,0.061593
0.3324,0.20973,-0.056021
0.0069084,0.20747,0.014534
-0.27856,0.12677,0.064311
0.42117,-0.1823,-0.05472
-0.35649,-0.12314,-0.078749
0.41826,-0.18171,-0.1476
-0.36973,0.0081392,0.3207
0.3554,-0.1316,0.13804
-0.18156,0.11012,0.16403
-0.24574,0.42517,0.5388
0.0054155,-0.081305,0.17127
-0.3847,-0.24447,0.16352
-0.3111,0.082627,0.36304
-0.12092,0.065937,0.20568
0.31527,0.18387,-0.33055
0.31881,0.090764,-0.3797
0.17963,0.28087,-0.15379
-0.25288,0.10861,0.23873
-0.1653,0.071598,0.35926
-0.38113,-0.0064844,0.33449
0.32702,0.21653,-0.22766
0.20979,0.25824,-0.23758
0.16836,0.1919,0.076698
0.36128,-0.072235,0.1567
-0.2151,0.26604,0.41184
0.048007,0.23619,-0.31144
-0.34278,0.099297,-0.009682
-0.020278,0.11994,0.14722
0.009286,0.2178,-0.29254
-0.044771,0.17668,0.0827
-0.17643,0.075841,0.2724
0.10314,-0.21219,-0.38498
-0.02982,-0.19944,-0.20911
-0.18736,0.10597,-0.20665
-0.41872,-0.04845,0.18744
-0.076543,-0.19838,0.058625
0.51241,-0.036843,-0.14977
-0.29296,0.21288,0.33577
-0.20246,-0.14648,-0.32441
-0.22672,0.073519,-0.34188
-0.080485,0.19642,-0.060928
-0.16327,-0.023138,-0.30078
-0.34103,-0.025247,-0.14802
-0.14365,0.12773,-0.36959
0.034391,0.25273,-0.017443
-0.38112,0.035671,0.23848
0.25336,0.24169,-0.27788
0.44895,-0.13141,-0.20741
0.14325,0.10246,-0.37099
0.23396,-0.24299,-0.33343
-0.37296,-0.22297,0.26065
0.22361,-0.30521,-0.11701
-0.27317,0.34506,0.3567
-0.082302,0.18695,0.050982
-0.24511,0.063892,0.37229
-0.22104,-0.19007,0.30579
-0.078917,0.094803,0.4884
0.10762,-0.22727,0.039507
0.31987,-0.22615,-0.28491
0.26892,0.24079,-0.24198
0.37574,-0.15899,-0.32267
-0.31264,-0.073175,-0.17472
-0.39927,-0.088149,0.28738
-0.16736,-0.13412,0.27495
0.20264,-0.28054,-0.29832
-0.19249,-0.16842,0.24989
-0.3768,-0.07891,-0.065324
0.54937,-0.024752,-0.1597
0.20795,0.021728,-0.38796
-0.29913,0.20501,0.35121
-0.29321,0.39715,0.52085
-0.11387,0.16632,-0.14663
0.13074,-0.31405,-0.079519
-0.08679,-0.088516,0.1806
-0.12477,0.11653,-0.31469
-0.066059,-0.17762,0.093636
-0.20339,-0.17173,0.30634
0.15861,0.12413,0.16546
-0.13651,0.089118,0.19416
0.24495,0.22318,-0.31846
0.42227,0.070885,0.063697
-0.37218,0.048238,-0.021951
-0.38743,-0.057117,-0.053505
0.013561,0.24679,-0.22678
0.030259,0.29949,-0.10963
-0.11022,0.14176,-0.35358
-0.14756,0.17877,0.063303
-0.22754,0.000622,0.37706
0.42213,-0.16297,-0.23625
0.098891,0.18258,0.44342
-0.22418,0.17537,0.33124
0.095283,0.13341,0.42791
0.32,-0.24774,-0.21474
-0.056288,0.18511,0.057464
-0.080156,0.018793,0.38267
0.28825,0.20259,0.0095276
-0.18448,0.13671,0.13127
0.096132,0.18287,0.49708
0.21391,-0.17309,-0.37902
-0.34184,0.099878,-0.046084
0.31584,-0.21191,-0.32905
-0.18802,0.040851,-0.24689
-0.22998,-0.11371,-0.37148
0.056138,0.23515,-0.36797
0.26527,0.24341,-0.22605
0.47346,0.031869,-0.047262
-0.14361,-0.16006,0.17284
-0.23572,0.33529,0.4753
0.30054,0.23261,-0.25498
-0.32239,-0.26737,0.25062
-0.17297,0.075055,-0.27873
-0.28253,0.36618,0.47467
-0.1761,0.026636,0.40503
0.062351,0.30278,-0.12434
-0.23708,0.20125,0.43457
0.11642,0.11691,0.16889
-0.08697,0.17952,-0.11302
-0.22036,-0.0070954,-0.33059
-0.34927,-0.19153,0.31844
-0.26149,-0.053561,-0.22369
0.33348,-0.0064554,-0.38835
-0.27599,0.12934,0.42054
0.095214,0.13038,0.15109
0.22563,0.07717,-0.38321
-0.41427,-0.019989,0.15738
0.3595,-0.21954,-0.23043
0.3617,-0.23726,-0.094867
0.38463,-0.072212,0.13519
0.035742,0.25263,-0.2578
-0.13521,-0.012406,0.36974
-0.34919,0.049481,-0.11545
-0.16155,-0.1001,0.31946
0.26637,0.12844,-0.3881
0.01532,0.29087,-0.12511
0.43119,-0.14936,-0.28316
-0.14394,-0.23425,-0.047407
-0.38861,-0.021719,0.2992
0.26723,0.16109,-0.38813
0.38308,0.16185,-0.0094355
-0.019501,-0.072419,-0.38677
0.41379,0.10289,0.051846
-0.17204,0.15215,0.11439
-0.37191,-0.11354,-0.030762
-0.0013068,-0.22924,0.0016067
0.16556,-0.10752,0.20917
-0.28875,-0.20442,-0.049808
0.23311,0.26709,-0.10293
-0.25377,-0.19668,0.048046
0.078327,0.30409,-0.10721
0.23266,0.25667,-0.21676
0.11529,0.20754,0.028496
-0.28682,0.0074895,0.37757
-0.14776,-0.053143,-0.2654
-0.064999,-0.19605,-0.29177
-0.27158,0.34636,0.39145
-0.02199,0.17329,0.086954
0.15486,0.28999,-0.062326
-0.15627,0.063098,0.42051
0.061322,0.16675,0.57186
0.17222,0.27647,-0.20327
0.34252,-0.18258,-0.35106
-0.24989,-0.22374,-0.050146
-0.14787,-0.10065,-0.3881
0.088567,-0.20257,-0.37396
-0.26159,-0.26932,0.19929
0.28136,-0.13414,0.17897
-0.31906,-0.16543,0.031127
-0.051173,0.092295,0.179
-0.23005,-0.25183,0.1569
-0.26813,0.099018,0.40295
0.19588,-0.19504,0.13309
0.367,0.18046,-0.020847
-0.35409,-0.25678,0.14137
-0.15293,-0.064461,0.33202
0.44846,-0.092473,0.020268
-0.1615,0.065438,0.31773
0.50034,0.065477,-0.30285
0.39859,0.026415,-0.38221
-0.059231,0.16898,-0.38836
-0.041986,-0.21967,-0.093075
0.069339,0.12629,0.4063
-0.23979,0.085127,0.37254
0.213,-0.21381,0.076013
-0.25903,0.10523,-0.17326
-0.33142,0.10326,-0.08806
-0.41302,-0.03841,0.20951
0.53642,0.056049,-0.22844
-0.096678,-0.21098,0.03796
0.37178,0.16764,-0.26488
0.078996,0.16458,-0.38221
-0.3743,0.010972,0.27706
0.40491,0.15571,-0.1878
-0.25921,-0.16348,0.35999
-0.2716,0.23477,0.32581
-0.091423,-0.02746,0.20595
-0.40452,-0.0039119,0.21702
-0.062517,-0.21323,-0.17461
0.40453,-0.19932,-0.074675
-0.29476,0.1472,-0.029556
-0.22572,0.4083,0.51096
-0.086069,-0.20036,-0.25616
-0.21306,0.4239,0.46303
-0.0049944,-0.27231,-0.34272
-0.35257,-0.14225,-0.020059
-0.11527,-0.22634,-0.019527
0.03504,-0.11107,0.16805
0.44763,0.11256,-0.07597
0.43826,0.056725,0.047
0.09549,-0.31193,-0.10416
0.1195,0.298,-0.12997
0.025704,0.28517,-0.17337
-0.10296,-0.14615,0.1345
-0.14909,0.19472,-0.022115
0.10986,-0.028793,-0.37421
0.15714,-0.24016,-0.38795
0.06132,0.044338,0.19186
-0.24187,0.14488,0.40967
-0.015363,0.23798,-0.38783
0.41198,0.11684,-0.25493
-0.13863,0.029032,0.27793
0.39921,0.14352,-0.24118
0.099123,0.23357,-0.33198
-0.24799,-0.25095,0.21034
0.33633,-0.23896,-0.21597
-0.025984,0.17501,-0.38776
0.18686,0.20059,0.027992
-0.3601,0.034265,0.28229
0.37703,0.18773,-0.14753
0.21955,-0.28675,-0.27012
0.14561,0.28044,-0.20726
-0.37408,0.051233,0.22352
0.47181,0.054554,-0.33471
-0.35589,-0.15949,0.090534
-0.2518,-0.0083136,-0.38785
-0.23476,-0.2061,0.28029
0.29741,-0.25932,-0.24455
0.45201,-0.12541,-0.042549
0.41355,0.16097,-0.090803
-0.022673,-0.10034,0.16649
-0.25264,-0.22993,0.27864
-0.27486,-0.18665,0.054641
-0.1866,-0.19195,-0.31823
-0.1477,0.1954,-0.00029795
-0.33478,0.088304,0.16688
-0.18233,0.1124,-0.36099
-0.20512,-0.18996,0.22884
0.44012,0.11693,-0.10492
-0.40029,-0.068325,0.33823
-0.33774,-0.22368,0.29875
0.0012494,-0.18397,-0.37753
-0.12967,-0.23312,-0.061089
-0.2249,0.26059,0.35647
0.51554,0.074913,-0.22881
-0.12704,0.1747,0.076866
0.051321,-0.20155,-0.37469
0.074013,0.24419,-0.31307
-0.25516,0.019802,-0.34136
0.077115,-0.27438,-0.24296
-0.11818,-0.0051083,0.36479
0.10593,-0.079323,0.20643
-0.18386,0.029396,-0.28131
0.11595,0.22563,0.52529
0.18178,-0.31218,-0.098649
0.1574,0.25043,-0.30788
-0.1225,0.0032477,0.40174
0.45517,0.089179,-0.13193
-0.22875,0.17583,-0.066089
-0.34014,0.057661,0.2992
-0.34282,-0.24733,0.26717
0.44106,0.11094,-0.1367
-0.061967,0.12972,0.47536
0.52135,-0.11151,-0.28538
0.10119,0.21711,0.5498
-0.22671,-0.15874,-0.33985
0.29811,-0.27923,-0.13515
-0.15205,-0.10206,-0.2726
-0.18482,0.066847,-0.23801
0.25956,-0.28545,-0.21019
0.55907,-0.038655,-0.2699
0.10053,0.09215,0.18097
-0.19045,-0.1976,0.19844
0.49139,0.026821,-0.16741
-0.008497,0.089833,0.3704
-0.41396,-0.17542,0.15219
0.30175,-0.27434,-0.084078
-0.2434,-0.22624,-0.073492
-0.29054,0.24494,0.36392
0.46368,-0.080933,-0.016609
0.080225,0.30161,-0.14168
0.14571,0.27467,-0.23545
0.032423,-0.23796,-0.29732
-0.25705,0.11057,0.18587
-0.31319,0.17316,0.41224
-0.19924,0.16299,0.076435
-0.16503,0.097477,-0.32278
-0.22028,-0.048806,-0.36504
-0.36977,-0.10583,0.35391
-0.057524,-0.22235,-0.10603
0.2784,-0.068836,-0.3882
0.28804,0.12193,-0.38698
0.23321,0.25766,-0.036089
-0.27151,0.10429,0.25575
0.02551,-0.21709,-0.21623
0.29811,-0.26796,-0.19455
0.18012,-0.21188,0.10796
-0.2048,0.16249,-0.149
0.20674,0.082578,0.19762
-0.079555,0.050277,0.33313
-0.23728,-0.15233,-0.3616
-0.13119,0.033712,0.24836
-0.089537,0.077556,0.48018
-0.2212,0.10501,-0.37884
0.33608,0.19804,-0.023849
-0.28907,0.14034,0.31319
-0.088842,0.20067,-0.027363
-0.25741,-0.27627,0.13208
0.2295,-0.27559,-0.29329
-0.1785,-0.19206,-0.38788
-0.3474,-0.27346,0.21773
-0.29478,0.077982,-0.16762
0.46862,-0.043077,-0.019785
0.065742,-0.2801,-0.20256
-0.38979,-0.070695,-0.00459
-0.14172,0.13408,-0.19647
-0.39024,-0.11064,0.11394
0.077969,0.24901,-0.0037981
-0.32735,0.059788,0.3352
0.11461,0.085212,0.19054
0.32074,0.13087,-0.3553
0.013874,-0.2515,-0.044269
0.037792,0.2892,-0.055867
-0.27167,0.10295,0.28273
-0.024926,0.12811,0.5217
-0.2647,0.2106,0.45541
0.20259,0.18567,0.079717
-0.38167,0.0038908,0.097809
-0.094319,0.17789,0.073461
0.48687,-0.045631,-0.34569
0.12635,-0.1091,-0.37294
0.063896,-0.18028,0.1296
0.5464,-0.053044,-0.2964
0.3883,0.063477,0.11733
-0.090844,0.12753,-0.30905
-0.19705,0.17415,0.034903
-0.33101,0.070905,0.10564
-0.15446,-0.027791,-0.27306
-0.26747,-0.060596,0.38138
-0.30525,0.12893,0.34944
-0.38027,-0.089366,0.098496
-0.064899,0.22495,-0.35189
-0.39755,-0.20901,0.12004
-0.13546,0.011811,0.28723
-0.13335,0.052118,0.2312
-0.22666,0.39053,0.40316
-0.23138,0.12848,0.30184
-0.057316,0.23295,-0.38779
-0.25905,0.42911,0.52674
-0.17582,0.18249,0.027488
0.55761,-0.075537,-0.18999
-0.12731,-0.17912,-0.2133
-0.16463,-0.19432,-0.17
0.11574,0.18464,0.47499
0.32529,-0.20753,-0.34601
-0.14594,0.18761,0.03772
-0.18417,-0.16424,-0.38813
0.38027,0.16478,-0.24142
-0.39043,-0.019377,-0.033713
0.37108,-0.015267,-0.38834
-0.16422,-0.17508,0.20176
-0.069501,0.20182,-0.050965
-0.26699,0.3375,0.34901
0.44569,0.077826,-0.2283
0.29389,-0.10033,0.19081
0.37556,-0.22425,-0.053416
-0.22057,-0.045322,0.38041
-0.046721,-0.19644,-0.2574
-0.177,-0.12037,0.36097
-0.14183,-0.20552,-0.3879
0.3782,-0.16859,0.070065
0.41779,0.14813,-0.11278
0.50792,0.015378,-0.16202
-0.29886,0.096322,0.12409
-0.19433,0.056828,-0.38821
-0.047745,0.10517,0.36611
-0.11228,-0.059685,0.22499
-0.32711,-0.073574,-0.1571
-0.093255,-0.21712,-0.14668
-0.036818,0.18216,-0.16525
0.20663,0.21326,-0.34734
-0.29606,-0.017816,-0.19597
-0.087603,-0.18213,-0.38824
-0.28415,0.042071,0.38008
0.48999,0.066743,-0.21124
0.048371,0.28599,-0.20287
-0.29449,0.10334,0.22631
-0.088043,-0.22348,-0.37182
-0.14205,0.12063,-0.23695
-0.09379,0.16269,-0.33861
0.34887,-0.042346,0.16884
0.26706,0.16061,0.11219
-0.31163,0.12187,0.36973
0.047488,-0.22594,-0.38689
0.32719,-0.18608,-0.3715
-0.061863,0.12484,-0.26538
-0.014343,0.24463,-0.36109
-0.042351,-0.23689,-0.33986
0.015556,-0.27223,-0.073505
-0.36114,0.071162,-0.053085
-0.21637,0.024731,-0.23598
0.31917,0.20017,-0.011191
-0.10755,0.13441,0.15625
-0.23722,-0.12339,-0.3858
-0.15593,-0.13798,0.24501
-0.21627,-0.20675,0.050871
0.032422,-0.27621,-0.32373
0.11033,0.19963,0.065801
-0.18167,-0.0015354,-0.3011
-0.02789,-0.22957,-0.027588
-0.15084,-0.14334,-0.28866
-0.37736,-0.16186,0.3137
0.35879,0.20248,-0.12128
-0.35236,0.030821,-0.12639
-0.024578,0.16486,-0.38243
0.25182,0.25651,-0.064881
0.30899,0.14552,-0.36883
0.45201,-0.14325,-0.24321
-0.081419,0.091237,0.18811
0.20238,0.21053,-0.36543
0.18199,-0.18034,0.15679
-0.36973,-0.0099234,-0.10208
0.1706,-0.30801,-0.2081
-0.21997,0.34316,0.45082
-0.37628,-0.059933,0.057518
-0.015232,0.21541,-0.035537
-0.31495,0.27476,0.43719
-0.22471,0.16855,0.018592
0.32777,0.21629,-0.27074
-0.19852,-0.10807,-0.38815
-0.2431,0.090177,-0.19745
0.36385,-0.23036,-0.13801
-0.19807,-0.20731,0.17331
-0.057743,0.049525,0.47402
-0.31166,0.22404,0.40736
-0.23274,0.42577,0.41882
-0.25618,0.16066,-0.11112
0.021794,0.11719,0.52962
0.017123,0.23622,-0.019272
-0.033871,0.21852,-0.12475
0.42097,0.14679,-0.045796
-0.19881,-0.080211,-0.38798
0.025762,0.18139,0.085591
-0.19096,0.18666,-0.026949
-0.018332,-0.22849,-0.31179
0.47514,-0.087181,-0.1679
0.14949,0.20311,0.038874
0.023481,0.16466,-0.37724
-0.41164,-0.12931,0.18532
-0.14585,-0.15375,-0.22585
0.48295,0.048987,-0.18958
-0.086437,0.030915,0.40634
-0.25169,0.33926,0.49041
0.48433,-0.018431,-0.14369
-0.34992,0.048426,0.096514
-0.18656,0.074036,0.29251
0.46381,-0.019671,0.0053041
0.14754,0.052194,0.20761
-0.35827,-0.08556,-0.10516
-0.27036,0.050974,-0.37941
0.23996,0.25778,-0.20029
0.01666,0.16984,0.52623
-0.29666,-0.2842,0.14956
0.13704,-0.062578,0.21464
0.50532,0.077297,-0.27705
-0.2598,0.15381,0.016826
0.48424,0.087762,-0.27935
-0.039996,0.057833,0.18632
-0.20994,-0.18035,0.32472
0.19195,0.2704,-0.04129
-0.23379,0.045333,-0.2253
-0.074998,0.026295,0.35719
-0.20495,0.086777,0.29483
-0.37228,0.029887,0.10651
0.30074,0.16066,0.077987
-0.062842,0.070239,0.34331
-0.028551,-0.24279,-0.38767
-0.33928,-0.24702,0.11121
0.17534,-0.15817,0.17803
0.084268,0.19623,0.46624
-0.017276,-0.21516,-0.10069
0.12175,-0.30315,-0.17174
0.37962,-0.20666,-0.23003
0.2968,-0.14286,0.16641
0.25364,0.21131,-0.33919
-0.017078,-0.27795,-0.36907
0.44727,0.008025,-0.36738
0.30066,-0.22069,-0.36624
0.22938,-0.22951,0.044541
-0.38795,-0.0036516,-0.016529
0.040113,0.13227,0.13997
-0.23258,0.17126,-0.10691
-0.2529,0.37516,0.36947
0.14273,-0.30618,-0.20994
-0.32912,0.066959,0.31067
-0.40104,-0.21737,0.18794
0.081348,-0.16431,0.15461
-0.27739,-0.18249,0.3482
-0.37563,-0.24782,0.14316
-0.074741,-0.11621,0.1655
-0.024674,0.19967,0.026446
-0.38392,-0.055349,0.033282
-0.38261,0.01608,0.25666
0.28632,-0.19392,0.096888
0.27158,-0.14707,-0.38688
-0.15268,0.05743,0.29519
-0.13106,-0.16988,-0.26243
0.046488,-0.30114,-0.10996
-0.12639,0.19432,0.016211
0.12509,-0.26325,-0.37344
0.048574,0.16347,0.43455
0.080636,0.18655,-0.3877
0.40918,-0.18592,-0.019615
0.12681,-0.12779,0.19364
0.1206,0.21074,0.49511
0.10766,-0.24134,0.020862
0.24047,-0.1576,-0.3799
-0.010679,0.094248,0.48616
-0.12952,0.014329,0.4227
-0.26246,0.30283,0.33807
-0.24291,0.15936,0.029125
0.46433,0.040701,-0.011156
-0.2162,-0.05057,-0.38733
-0.15673,0.0025322,-0.38794
-0.33262,-0.013638,0.37009
-0.38318,-0.00036109,-0.064182
-0.37505,-0.25309,0.1913
-0.40146,-0.055626,0.30806
0.097369,-0.30782,-0.047132
0.10496,0.17488,0.47662
0.22941,0.26561,-0.0764
-0.18408,-0.1054,-0.23179
0.3335,0.071006,-0.38087
0.34121,-0.11114,0.16137
-0.35751,-0.25081,0.24501
0.25319,-0.17952,-0.38798
0.0045295,-0.26756,-0.38807
-0.067621,-0.21702,-0.13901
-0.21157,-0.091543,-0.36471
-0.0098997,0.25807,-0.15535
-0.1597,-0.1154,-0.23541
-0.26149,-0.18756,0.072398
-0.27022,0.14258,-0.13121
0.31529,-0.23358,0.029303
-0.2806,-0.22878,0.3066
0.14173,-0.31445,-0.15896
0.044846,0.1882,0.54744
0.0096566,0.26246,-0.18779
-0.4157,-0.056145,0.13098
0.3369,0.081705,0.14893
0.24089,0.2627,-0.1701
0.16742,-0.0034233,-0.37878
-0.098317,0.19356,-0.36252
0.35028,0.1278,-0.32836
0.28018,0.19452,-0.36592
-0.30517,-0.0174,0.37732
0.38186,-0.11206,0.12402
-0.24132,0.14437,0.30268
-0.14378,-0.028828,0.31551
0.088175,-0.29568,-0.17686
0.12419,0.27418,-0.24668
0.36217,0.12985,0.084184
-0.14954,-0.22858,-0.023433
-0.23226,-0.03069,-0.38731
0.031204,0.050776,-0.37452
0.46803,0.05269,-0.16136
0.00093171,0.10885,-0.37358
0.32103,0.18865,-0.31373
0.21453,0.12757,-0.37683
0.14336,0.26757,-0.014004
-0.086353,0.19477,-0.38779
0.23052,-0.30415,-0.078242
-0.085535,0.1297,-0.2545
-0.36057,-0.033103,-0.11953
0.46595,-0.094267,-0.04421
0.43851,0.10378,-0.20502
0.31061,0.17287,-0.35521
0.069262,-0.28047,-0.37345
-0.21964,0.34676,0.41985
0.33705,0.17677,-0.31415
0.47762,0.032016,-0.14629
0.12378,0.2122,0.47511
0.11257,-0.31276,-0.070093
-0.37034,-0.068853,-0.087989
-0.010718,0.25261,-0.066618
0.27439,0.16881,0.085758
-0.15024,0.075099,0.34404
-0.044863,-0.21217,-0.3222
0.043342,-0.21029,0.072278
-0.13672,-0.097838,0.24764
0.033425,-0.22252,-0.25042
-0.20697,-0.16276,0.35423
-0.24806,0.41885,0.45264
-0.25148,0.008828,0.3767
0.47711,-0.052875,-0.10323
0.20065,0.11763,-0.37036
-0.20188,0.059767,0.34501
0.13733,0.24401,0.003834
0.31019,-0.024928,0.19399
0.37945,-0.21504,-0.15228
0.1576,0.23642,-0.32743
-0.21056,0.069852,0.33067
-0.083854,0.13618,0.15055
0.23375,-0.20452,0.093186
-0.008538,-0.20445,-0.38745
-0.38368,-0.21824,0.24057
0.24817,0.24683,-0.25516
-0.21672,0.43773,0.51036
0.069553,-0.06406,0.1983
0.17943,0.22103,0.011962
-0.13277,-0.22054,-0.3322
0.16363,0.25639,-0.28843
0.28525,0.24586,-0.18691
0.47695,-0.072507,-0.15558
-0.3313,-0.17094,0.34444
0.13928,0.15128,-0.37584
0.36123,0.19634,-0.08414
-0.041732,0.108,0.51337
0.2535,-0.29403,-0.17885
0.030449,0.18441,0.51019
-0.31973,-0.25711,0.11374
-0.15487,-0.12294,-0.2895
-0.38705,0.039586,0.16485
0.28075,-0.036525,0.20765
-0.080886,0.042188,0.46359
-0.2672,0.03808,-0.21069
-0.39717,-0.056495,0.1035
-0.30545,0.12066,0.39789
-0.25546,0.13368,0.4163
-0.26475,-0.21017,-0.090315
-0.18961,0.098674,-0.34138
-0.34912,-0.1288,0.045844
-0.29629,0.23455,0.46474
-0.13162,-0.0077234,0.27152
-0.24908,-0.27736,0.15692
-0.35219,0.052699,0.066024
-0.077481,0.19826,-0.0054396
-0.22931,0.4412,0.5213
-0.23309,0.34901,0.3806
-0.22863,0.25925,0.44201
-0.15883,-0.10196,0.29061
-0.15822,-0.11351,-0.30172
-0.31383,0.086457,0.33055
-0.30276,-0.18824,0.0043544
-0.038811,0.043727,-0.38238
-0.22321,0.13785,0.31974
-0.040072,-0.25453,-0.37641
-0.22469,0.088958,0.3514
0.21079,0.26676,-0.047608
0.44898,-0.14024,-0.10427
-0.26666,-0.21594,-0.036185
0.55613,-0.0051209,-0.27346
-0.1757,-0.13747,0.33193
0.12829,0.26707,-0.26965
0.3332,0.17861,0.03078
0.54244,0.039323,-0.26697
-0.35431,0.057961,-0.093046
-0.34954,0.058057,0.26129
-0.22198,-0.18047,0.33943
0.099299,0.23395,0.54992
0.10622,0.18913,0.082572
0.12001,0.28617,-0.20084
0.098721,0.15471,0.1278
-0.24875,0.028573,-0.38814
-0.25259,0.0011118,-0.3451
-0.059433,0.23927,-0.37258
0.034093,0.16515,0.10697
0.30386,-0.21064,-0.3798
-0.0012427,0.20472,-0.2656
-0.03828,-0.21104,-0.15961
0.054504,0.2315,-0.0025711
-0.18358,-0.12226,-0.32252
0.070181,0.10457,0.41553
0.10328,-0.11469,0.19378
-0.24525,0.19566,0.3174
-0.015037,-0.17968,-0.3831
0.10412,0.29642,-0.055738
-0.24847,-0.26281,0.12314
-0.21734,0.1945,0.40207
-0.027845,-0.21215,-0.11106
-0.1662,0.086795,0.21412
-0.29135,0.29576,0.42706
0.066392,-0.25774,-0.27005
-0.21893,0.14067,-0.16822
-0.27298,-0.157,-0.16426
0.069771,0.23288,-0.34997
-0.15361,-0.11231,-0.25562
0.46835,0.054157,-0.095053
0.29222,0.20888,-0.014236
0.4184,-0.12869,-0.3454
-0.072477,-0.2231,-0.090323
-0.35836,0.034355,-0.10195
-0.35871,0.062931,0.23173
-0.21161,-0.069116,-0.37838
-0.2017,-0.15356,-0.20007
0.076227,-0.26811,-0.32582
-0.21433,-0.13054,0.37051
0.083367,-0.29559,-0.020597
-0.21379,0.091306,-0.21109
0.41992,0.022016,0.091461
0.19841,-0.18946,-0.38609
0.17314,-0.077665,0.21752
0.50111,-0.10899,-0.18004
-0.31211,0.34443,0.48053
0.13287,-0.257,-0.34022
-0.18627,0.18204,-0.11103
0.17561,0.088674,0.1947
-0.18687,-0.15128,0.27505
-0.021825,0.047416,0.18248
-0.048111,0.14574,0.12778
-0.15207,0.063951,0.24622
-0.035138,0.15368,-0.20559
-0.38857,-0.04515,0.35002
-0.25069,0.12965,-0.15931
0.17018,-0.31259,-0.16742
-0.39507,-0.11739,0.28678
-0.18799,-0.046771,-0.24938
0.11608,-0.16599,0.16315
0.25429,-0.29374,-0.080294
-0.31586,0.09681,0.068808
-0.080578,0.125,0.40704
-0.2472,-0.21259,0.098843
0.44012,-0.07999,0.047221
-0.093254,-0.21857,-0.11203
0.25965,-0.23735,-0.3238
-0.22678,0.10499,0.24664
0.43252,0.11525,-0.019151
-0.11125,-0.22576,-0.065724
-0.17545,0.076038,-0.251
-0.14617,-0.0049293,0.39486
-0.026997,-0.20533,0.050172
-0.11558,0.14974,0.13034
-0.22402,-0.21693,0.12512
-0.3465,-0.12876,0.07826
-0.018263,0.15365,-0.26218
0.19064,0.018544,0.21994
0.5304,0.025307,-0.171
0.25056,-0.25192,0.01771
