0.38097,-0.13459,-0.66907
0.52445,-0.17185,-0.5785
0.47219,0.27083,-0.25947
0.13194,0.56446,-0.34028
0.1201,0.18674,-0.54092
-0.057579,0.36293,-0.34465
0.45877,-0.040511,-0.12518
0.30858,0.31596,-0.26993
0.64935,-0.020037,-0.37881
0.14919,0.42,-0.42472
0.41083,0.33947,-0.2812
0.37768,0.19166,-0.2261
0.58255,0.097125,-0.45081
0.22194,-0.3683,-0.49633
0.35421,-0.062911,-0.1017
-0.071793,-0.0054073,-0.43106
-0.026755,0.095754,-0.33101
0.091648,-0.33671,-0.38972
0.24142,0.43252,-0.36142
-0.047958,0.075677,-0.37672
0.076373,0.4415,-0.36259
0.1879,0.29616,-0.52902
0.25321,-0.45454,-0.39669
0.19312,0.36222,-0.39628
0.32498,0.56204,-0.66082
0.37209,0.52651,-0.69919
0.23747,-0.44683,-0.29141
0.37308,0.57495,-0.51123
0.35429,-0.18515,-0.66567
-0.030031,-0.18527,-0.46862
0.26751,0.44758,-0.35352
0.068233,0.51595,-0.45451
0.7297,0.078536,-0.3698
0.40334,0.51672,-0.42284
0.16399,0.64071,-0.1101
0.58699,0.12043,-0.49605
0.3746,0.096315,-0.11545
0.2534,0.1266,-0.18208
0.045249,-0.19461,-0.2129
0.08092,0.031046,-0.60404
0.12217,-0.37614,-0.25682
0.34555,0.57695,-0.45576
0.16555,-0.47401,-0.33179
0.1598,0.21168,-0.27803
0.055394,-0.031897,-0.2015
0.099918,0.058949,-0.20272
0.65506,0.098143,-0.4052
0.30614,-0.12148,-0.6872
0.56139,-0.043126,-0.60617
-0.064485,-0.022211,-0.33801
-0.016129,0.0099907,-0.547
0.26256,-0.13848,-0.6921
0.34694,-0.39591,-0.3585
0.5986,0.24242,-0.37704
0.16127,0.44495,-0.62013
0.22245,0.40221,-0.65035
0.61486,0.098051,-0.3452
0.19211,0.62584,-0.17934
0.12043,0.23775,-0.39568
0.063139,0.45132,-0.45528
0.20173,-0.2265,-0.63581
0.16178,-0.0058162,-0.6509
0.48002,0.29894,-0.65913
0.016306,0.49604,-0.34129
0.53156,0.31691,-0.30052
0.34895,0.53973,-0.69373
-0.16325,0.48796,-0.29661
0.1288,-0.16079,-0.63323
0.57658,-0.079699,-0.28126
0.036647,-0.035207,-0.21133
0.34831,-0.24319,-0.13903
0.39401,0.47607,-0.39611
0.16741,-0.10171,-0.67563
0.088614,-0.35057,-0.30699
0.080534,-0.20564,-0.58787
0.17049,0.21133,-0.55785
0.24955,-0.0055437,-0.69973
0.11239,-0.22516,-0.59612
0.32644,0.54395,-0.40125
-0.091794,0.37178,-0.26961
0.26892,-0.27139,-0.61525
0.71302,0.049178,-0.47362
0.50283,-0.064203,-0.5832
0.5848,-0.12408,-0.6123
0.15732,0.65016,-0.17051
0.26429,0.042277,-0.67227
0.39968,-0.317,-0.2519
0.34193,0.25545,-0.24125
-0.14114,0.35749,-0.24181
0.029854,-0.26843,-0.32835
0.30053,0.045709,-0.093005
0.55003,0.40672,-0.47684
0.13459,-0.40191,-0.24673
0.2247,-0.11438,-0.68689
0.20576,0.078916,-0.15842
-0.19908,0.43211,-0.19386
0.14586,0.43277,-0.40679
0.38219,-0.12271,-0.66846
-0.10525,0.3499,-0.2826
0.23517,0.3625,-0.33152
0.61834,0.037841,-0.47129
-0.0026724,0.13824,-0.38028
0.174,-0.27088,-0.18893
0.44533,-0.21482,-0.15183
0.10155,0.16851,-0.2717
0.012088,-0.21294,-0.51365
0.14003,0.26128,-0.43769
0.49346,-0.17647,-0.25554
0.30653,-0.18753,-0.11948
0.37608,0.53587,-0.66581
0.093131,-0.1677,-0.17113
0.18376,0.57148,-0.21744
0.39224,0.20053,-0.66544
0.27817,-0.26732,-0.62056
0.20187,-0.3047,-0.56443
0.29383,-0.38124,-0.24893
0.38754,0.16651,-0.66174
0.098893,0.64337,-0.041612
0.57324,0.012175,-0.25053
0.23354,0.51014,-0.36514
0.13422,-0.16122,-0.63724
0.10305,0.47465,-0.58334
0.41916,-0.28777,-0.17055
0.16338,0.64531,-0.17715
0.14562,0.49048,-0.6492
0.74473,0.11426,-0.39321
-0.14408,0.36811,-0.25461
0.41332,-0.30423,-0.50107
0.18298,0.60705,-0.5085
0.18562,0.57957,-0.1987
0.32467,-0.16772,-0.67818
0.34194,0.5745,-0.58495
0.087256,0.19578,-0.33105
0.10478,0.51418,-0.49809
0.14977,0.41988,-0.42437
-0.0050633,0.028744,-0.55466
0.043369,-0.15014,-0.206
0.38494,-0.315,-0.21529
-0.10475,0.37083,-0.25898
0.35687,-0.028865,-0.098808
0.74342,0.11048,-0.37115
0.14459,0.26161,-0.47823
0.3434,0.012651,-0.66282
0.60006,0.21026,-0.53325
-0.10718,0.49974,-0.34258
-0.09529,0.38305,-0.30834
-0.044445,0.4844,-0.40632
0.19837,0.61971,-0.36005
0.077967,0.75902,-0.1126
0.46437,0.41536,-0.58987
0.28081,-0.066326,-0.09829
0.18525,0.28488,-0.3227
0.11316,0.6076,-0.16768
0.037129,0.70826,-0.049367
-0.085661,0.42788,-0.26504
0.60358,-0.055395,-0.32355
0.088038,-0.37511,-0.28111
-0.13681,0.36212,-0.23017
0.003602,-0.015184,-0.22969
0.061601,-0.4149,-0.36395
0.091411,-0.29065,-0.51235
0.22378,-0.16542,-0.67363
0.30242,-0.30454,-0.58961
0.64867,-0.0064083,-0.21391
0.61055,0.29319,-0.45106
0.59185,0.094546,-0.43564
0.16197,-0.47626,-0.36095
0.0076531,-0.016357,-0.56039
0.33511,0.35201,-0.69449
0.39279,0.34995,-0.64433
0.3771,0.56259,-0.47056
0.44435,0.4885,-0.53966
0.602,0.31291,-0.47217
0.28252,0.33127,-0.64325
0.22437,-0.32375,-0.22133
0.41937,0.1788,-0.66695
-0.061463,-0.12627,-0.40985
0.072585,-0.035694,-0.18259
-0.011763,0.43787,-0.30468
0.18318,0.33456,-0.53179
0.26015,0.2128,-0.22761
0.062513,-0.061082,-0.18267
0.58152,0.060637,-0.45958
0.43795,-0.25321,-0.23485
0.19583,0.55467,-0.66688
0.39777,0.43351,-0.72133
0.45263,-0.19046,-0.63321
0.23133,-0.45888,-0.31283
0.30618,0.15673,-0.19651
0.55657,0.38167,-0.40033
0.31999,-0.41661,-0.4148
0.69772,0.044659,-0.31423
0.06065,-0.4132,-0.34682
0.030279,0.078383,-0.24163
0.56861,0.27629,-0.60263
0.15357,0.39548,-0.46599
0.11528,0.21609,-0.32983
0.061161,0.10604,-0.24503
0.16675,0.36541,-0.51735
0.34497,-0.29603,-0.17692
-0.12886,0.49065,-0.34129
-0.033299,0.48437,-0.41263
0.071025,-0.27862,-0.27252
-0.013469,0.075603,-0.5217
-0.0024904,0.43076,-0.40422
0.32195,0.076076,-0.09652
0.45522,-0.28294,-0.58147
0.41831,0.42487,-0.62028
-0.16921,0.48458,-0.2772
0.15609,0.28245,-0.48545
0.0067362,0.48641,-0.32966
0.082005,-0.21093,-0.58365
0.36796,0.19875,-0.65908
0.4672,-0.24581,-0.37227
0.29738,0.61176,-0.52702
0.12482,0.48921,-0.62906
0.15792,0.46206,-0.64818
0.16875,0.43743,-0.39836
0.20213,-0.26448,-0.60121
0.59048,0.13069,-0.38862
0.040724,0.69546,-0.067857
0.16565,0.59077,-0.4664
-0.0039747,-0.14067,-0.54128
0.64828,0.060815,-0.56794
0.48212,0.14138,-0.26031
0.096801,0.62192,-0.25433
0.26083,-0.20417,-0.12888
0.21347,0.049704,-0.12086
0.23308,-0.45108,-0.29708
0.5785,-0.11501,-0.55838
0.19552,0.6117,-0.41622
0.18545,-0.034422,-0.6864
0.23012,0.01934,-0.10279
0.11876,-0.38061,-0.25745
-0.023703,0.069871,-0.29774
0.20263,0.0124,-0.67359
0.11577,-0.41685,-0.44284
0.026793,-0.11311,-0.57564
0.1335,-0.4506,-0.29411
0.14801,0.4761,-0.64876
-0.0077841,-0.17424,-0.26175
0.19677,0.41206,-0.62674
0.091865,-0.38989,-0.27135
0.4154,0.30328,-0.26009
0.17062,0.35077,-0.48256
0.60547,-0.097591,-0.61039
0.52994,0.16699,-0.62628
0.75071,0.10554,-0.43519
0.22055,0.62119,-0.46249
0.1312,0.50499,-0.63177
0.50398,0.20794,-0.65607
0.57304,0.073604,-0.48369
0.40972,0.2257,-0.23846
0.49162,0.31198,-0.6502
0.61303,0.18254,-0.49516
0.14146,-0.19333,-0.63101
0.38345,0.25988,-0.24231
0.38846,0.11261,-0.13838
0.11905,0.10924,-0.21073
0.45022,-0.23885,-0.22506
0.39848,0.36795,-0.64774
0.085856,-0.33399,-0.38132
0.68945,0.050814,-0.51219
0.44938,0.31338,-0.66376
0.58141,-0.086519,-0.17253
0.46971,-0.2651,-0.58645
0.11533,0.70186,-0.14147
0.67987,0.067848,-0.59374
0.50252,-0.061242,-0.58277
0.27078,-0.0053081,-0.70381
0.16267,-0.47676,-0.36797
0.56171,0.16648,-0.32532
0.58893,0.11719,-0.47705
0.056258,0.17009,-0.30801
0.32474,-0.37223,-0.53273
0.63809,-0.0054289,-0.17532
0.44207,-0.18527,-0.62733
0.38369,-0.092371,-0.66482
0.49458,-0.1281,-0.65587
0.16956,-0.19419,-0.64372
0.53319,-0.14326,-0.36125
0.023461,0.0047149,-0.57227
-0.1495,0.38541,-0.25217
0.049393,0.40665,-0.4021
0.20774,0.12478,-0.62131
-0.0020123,-0.16835,-0.5282
0.38219,-0.2845,-0.60246
-0.071715,-0.082347,-0.43043
0.153,0.57323,-0.21212
0.084897,0.18211,-0.51242
-0.028765,0.10202,-0.34787
-0.060296,0.030512,-0.3531
0.086524,-0.30892,-0.46968
0.11743,-0.059108,-0.62912
-0.075802,0.39114,-0.32826
0.74515,0.095823,-0.39
0.14749,0.21628,-0.29181
0.49753,0.22664,-0.25883
0.14413,0.15287,-0.58506
0.41993,0.018835,-0.11101
0.47833,-0.086702,-0.13586
0.49431,0.1179,-0.62391
0.14618,-0.33118,-0.26897
-0.0012606,0.43586,-0.40205
0.055347,0.185,-0.35948
0.051681,0.073928,-0.2216
0.28952,0.27869,-0.25651
0.38956,0.18138,-0.66349
0.23389,-0.4147,-0.47356
0.070639,0.02116,-0.60097
0.51027,0.31361,-0.64258
0.58336,-0.10558,-0.64377
0.56123,-0.11369,-0.38248
0.13686,0.62328,-0.36859
0.28893,0.5667,-0.68844
0.21538,0.068961,-0.13099
0.41541,0.13835,-0.23609
0.56708,-0.016931,-0.60905
0.16362,0.64263,-0.11915
-0.026237,0.082966,-0.31287
0.38866,-0.16289,-0.65888
-0.15803,0.43561,-0.21743
0.062207,-0.10776,-0.18198
0.42259,0.072288,-0.14121
0.59068,0.036988,-0.57608
0.3522,-0.30528,-0.19845
0.28895,0.27664,-0.62243
0.30077,0.46058,-0.35652
0.032993,0.0022855,-0.21503
0.27764,0.63093,-0.58049
0.23184,-0.3177,-0.56571
0.05744,-0.29099,-0.31625
0.109,0.45111,-0.51674
0.17821,-0.2671,-0.18489
0.19901,-0.35506,-0.51646
0.55462,-0.10169,-0.246
0.13084,0.65372,-0.067064
0.36273,0.048187,-0.6181
0.37668,0.1727,-0.22202
0.2963,0.42086,-0.75049
0.04382,-0.068144,-0.19354
0.31892,-0.22988,-0.12295
0.31114,0.10282,-0.64278
0.33188,0.3239,-0.63549
-0.20378,0.44791,-0.20726
0.4264,0.20713,-0.23813
0.22274,-0.39644,-0.47454
0.65411,-0.0055827,-0.27363
0.32867,0.32475,-0.26932
0.14793,0.54616,-0.33776
0.33783,-0.37988,-0.27251
0.20853,0.6069,-0.19006
0.41861,-0.28978,-0.18451
0.01971,0.50415,-0.43728
0.18209,0.14722,-0.21657
0.24913,0.63972,-0.51323
0.18949,0.032789,-0.12655
0.25722,-0.32513,-0.22349
0.30173,0.012489,-0.69713
0.62391,-0.034327,-0.29997
0.14689,-0.38902,-0.23792
0.11058,-0.15682,-0.62247
0.20911,0.60412,-0.6098
0.25293,0.31274,-0.28644
0.039428,-0.16822,-0.5755
0.42108,-0.31202,-0.47481
0.12953,0.54626,-0.48428
-0.047868,0.36355,-0.33031
-0.059453,-0.098234,-0.48029
0.38088,0.016205,-0.61187
0.27002,0.18706,-0.21503
0.22213,0.27394,-0.28037
0.14057,0.0038886,-0.61597
0.3992,-0.28581,-0.16004
0.5157,0.11145,-0.27584
0.25839,0.0032057,-0.70075
0.67655,0.068834,-0.58496
0.37921,-0.29208,-0.59467
0.14298,0.41752,-0.44419
0.23274,0.051414,-0.64954
0.41911,0.42664,-0.61778
0.40468,-0.18383,-0.65218
-0.055621,0.0078425,-0.49094
0.28794,-0.37172,-0.50932
0.16546,0.49213,-0.66804
0.52948,0.29021,-0.28816
0.0928,0.62646,-0.21852
0.42445,0.32326,-0.27508
0.38073,-0.067896,-0.10241
0.41629,0.47466,-0.41497
0.46436,-0.043171,-0.58124
0.67448,-0.016337,-0.65247
0.13757,0.54586,-0.43102
0.33394,-0.40675,-0.31603
0.73699,0.1147,-0.36974
0.41893,0.0084795,-0.1074
0.59743,0.058237,-0.30214
0.46431,-0.18474,-0.63992
0.13633,0.66873,-0.14614
0.52763,0.2304,-0.64275
0.60255,-0.065735,-0.34622
0.36129,0.11606,-0.64086
0.03155,0.15763,-0.32712
0.61737,0.046281,-0.5784
0.12018,0.47897,-0.6248
0.27374,-0.44539,-0.33691
0.60163,0.0996,-0.42243
0.65628,0.0014393,-0.23453
0.35542,-0.30012,-0.18355
0.67763,-0.0050832,-0.66067
0.63413,-0.032783,-0.3095
0.2703,0.11064,-0.64297
0.18114,-0.43769,-0.45734
0.28811,-0.44052,-0.36403
0.23684,0.3111,-0.29144
0.17025,0.63559,-0.36803
0.26982,-0.4097,-0.25676
0.077148,0.7519,-0.10057
0.19243,0.10673,-0.19468
-0.20312,0.47371,-0.24409
0.68182,0.046584,-0.29535
0.17294,0.3715,-0.56278
0.17978,0.23676,-0.56011
0.012327,0.43972,-0.41552
0.58066,0.0086613,-0.60151
0.18284,-0.0087883,-0.11848
0.42256,0.41794,-0.61257
0.3642,-0.23912,-0.6512
0.44066,-0.279,-0.36135
0.11852,0.57886,-0.25855
0.26735,-0.25556,-0.14527
0.14332,-0.28547,-0.55431
0.38458,0.5565,-0.47002
0.34095,0.37832,-0.73792
0.57593,0.35749,-0.40837
0.59469,0.31894,-0.52055
0.23249,0.36383,-0.64658
-0.025578,0.011405,-0.53807
0.27665,0.55523,-0.39423
0.31091,-0.051116,-0.6974
0.25042,-0.22772,-0.64828
0.11689,-0.37484,-0.26078
0.23068,0.19071,-0.60561
-0.0085375,-0.22027,-0.46487
0.35428,0.46411,-0.36756
0.69783,0.02842,-0.48564
0.05118,0.74442,-0.093156
-0.016184,0.44411,-0.30265
0.50265,-0.084447,-0.61117
0.36506,0.059876,-0.62326
0.42171,-0.10319,-0.64041
0.30335,0.6029,-0.57946
0.10672,-0.06109,-0.16557
0.15012,0.41074,-0.44342
0.41086,0.51717,-0.65706
0.35083,-0.25793,-0.14762
0.14476,0.24945,-0.35857
-0.019038,-0.20494,-0.31922
-0.062944,-0.10123,-0.34948
0.1408,0.68544,-0.19469
0.45626,-0.25634,-0.43146
0.41946,0.4156,-0.62075
0.1964,-0.11433,-0.12334
0.57167,0.3245,-0.35459
0.63442,0.05569,-0.59069
0.23578,0.11652,-0.63079
0.13133,0.085505,-0.61114
0.59445,-0.057111,-0.27369
0.047423,0.10741,-0.25654
-0.026985,0.089901,-0.48867
0.13442,0.69833,-0.18048
-0.043743,-0.010515,-0.29025
0.6764,0.020877,-0.29304
0.042952,0.73762,-0.079296
0.43814,-0.27856,-0.45741
0.13429,0.65561,-0.081471
-0.05286,-0.12023,-0.48082
0.67127,0.024105,-0.65401
0.59631,0.042678,-0.56668
0.32344,0.35642,-0.71563
0.63378,-0.028801,-0.24472
0.60226,0.29607,-0.50821
0.56886,0.13592,-0.55607
0.52198,-0.20599,-0.65477
0.61454,0.24211,-0.47208
0.23834,0.15096,-0.20368
0.38247,-0.26064,-0.14738
-0.19682,0.43142,-0.21723
0.28671,-0.18277,-0.11874
0.29714,0.32182,-0.62801
0.21375,0.61137,-0.4356
0.3299,0.13647,-0.13479
0.12926,0.5454,-0.47625
0.18368,0.27349,-0.32065
0.078588,-0.020211,-0.59394
0.24469,-0.45912,-0.35861
0.23589,0.21597,-0.60359
0.59171,0.04623,-0.46627
0.046724,0.073021,-0.57901
0.14661,-0.087659,-0.66663
0.042448,0.48838,-0.35005
0.5195,-0.0053922,-0.25685
0.14089,0.56895,-0.23661
0.42765,-0.29748,-0.47164
0.060184,-0.24455,-0.23987
0.16067,-0.14046,-0.66745
0.40908,0.38152,-0.64518
0.54506,0.41061,-0.49958
0.49523,-0.0099657,-0.16741
0.29304,0.29637,-0.61798
0.3935,0.42608,-0.71924
0.15807,0.58532,-0.45332
0.39905,0.36953,-0.64835
0.61359,-0.050439,-0.20821
0.13942,0.5893,-0.18295
0.60438,0.25392,-0.39235
0.40613,0.12251,-0.2026
0.41725,0.060377,-0.62841
0.48396,-0.17692,-0.65617
0.10385,-0.40823,-0.27185
0.42225,-0.26601,-0.1547
0.038487,0.051619,-0.22157
0.44569,0.25771,-0.67353
-0.045663,0.45237,-0.36323
0.13003,0.54442,-0.45153
0.17853,-0.13969,-0.6716
0.46724,0.031875,-0.17631
0.66061,-0.02164,-0.65659
-0.05928,-0.12498,-0.37313
0.37893,-0.047185,-0.64999
0.038204,-0.28658,-0.41734
0.49957,0.28301,-0.65566
-0.036865,0.41471,-0.29331
0.057988,0.18168,-0.47586
0.27755,0.5132,-0.73654
-0.1088,0.34977,-0.28451
0.59567,0.23383,-0.55654
0.42889,0.44647,-0.66566
0.27798,0.25048,-0.62327
0.57515,-0.1342,-0.59424
0.0034189,0.027671,-0.2401
0.50195,0.36255,-0.31505
0.17977,0.32308,-0.48966
0.47637,-0.21254,-0.15305
0.34231,-0.2645,-0.15137
0.27773,-0.097609,-0.10157
-0.061222,-0.064006,-0.31494
0.60132,0.3252,-0.45752
0.15157,0.27287,-0.48564
0.23507,0.6245,-0.46666
0.27725,0.24492,-0.24454
0.12157,0.73993,-0.1687
0.46046,0.43711,-0.39175
0.12709,-0.25999,-0.57665
0.23203,-0.37564,-0.22924
0.048141,0.74258,-0.071326
0.11379,0.66689,-0.067019
0.23758,0.044849,-0.66525
0.52269,0.00091004,-0.27523
0.010623,0.080399,-0.25998
0.082808,0.067473,-0.20909
0.54653,0.0063575,-0.27537
0.29704,0.59755,-0.60521
0.20458,-0.32869,-0.54408
0.63126,-0.023125,-0.16595
0.35036,0.33985,-0.27658
0.36492,0.046108,-0.61724
0.57415,-0.11602,-0.52506
0.5573,0.045242,-0.58368
0.30088,0.41201,-0.34768
0.1743,-0.21227,-0.63876
0.12049,0.097784,-0.60257
0.13893,-0.46145,-0.31561
0.043884,0.49412,-0.45468
0.45253,-0.25946,-0.43697
0.41893,-0.18524,-0.13597
0.078455,0.51704,-0.39441
0.14287,0.67602,-0.192
0.48112,-0.17253,-0.15253
0.08279,-0.26154,-0.53495
0.14175,0.26558,-0.43542
0.18821,0.5723,-0.2204
0.16788,0.51107,-0.38525
0.00828,0.0031154,-0.56174
0.2367,0.097382,-0.63592
0.022839,0.15387,-0.46804
0.29621,-0.089565,-0.69398
0.11376,0.48232,-0.61645
0.1538,-0.32467,-0.52135
-0.055508,0.49698,-0.31699
0.29182,0.14797,-0.18326
0.28698,0.28338,-0.61842
0.71924,0.0542,-0.545
0.076585,0.20454,-0.4286
0.42579,0.086414,-0.63661
0.23522,0.6327,-0.49494
0.42289,-0.26469,-0.15436
0.10358,-0.32862,-0.45189
0.39933,0.56029,-0.52861
0.15121,0.65081,-0.13463
0.58595,0.17142,-0.35363
0.018867,-0.055071,-0.56828
-0.049596,0.0040355,-0.50226
0.11968,0.18806,-0.28481
0.11131,-0.24561,-0.57564
0.3649,0.56871,-0.46476
0.17825,0.15678,-0.59316
0.16622,0.31767,-0.45146
0.56172,0.077836,-0.53964
0.27013,-0.096992,-0.10164
0.12533,-0.12505,-0.6487
0.63896,0.053767,-0.5479
0.027999,-0.045912,-0.21319
0.3257,0.56389,-0.42367
0.34514,0.30753,-0.26048
0.033021,0.066112,-0.23107
0.19927,0.080484,-0.17344
-0.18969,0.41108,-0.19307
-0.037461,-0.1674,-0.47387
0.56785,0.38882,-0.47284
0.25052,-0.11547,-0.69135
0.21988,0.099,-0.17501
0.22272,-0.16281,-0.67374
0.1917,0.16706,-0.22195
-0.062197,0.44233,-0.28009
0.38772,0.35904,-0.64553
-0.054887,-0.096813,-0.30971
0.59625,-0.059142,-0.30356
0.48669,0.33711,-0.29505
0.43133,-0.092845,-0.11502
0.24925,0.59478,-0.42604
0.3532,0.49952,-0.73388
0.13391,-0.042119,-0.1528
0.11762,-0.43868,-0.28231
0.19478,0.081834,-0.18647
0.36871,0.034691,-0.61843
0.1592,0.49196,-0.66082
0.37587,-0.33028,-0.245
0.40609,-0.12482,-0.6568
0.28654,-0.14736,-0.6864
0.24174,0.4113,-0.36126
0.14266,-0.33448,-0.27279
0.24291,0.64123,-0.54309
0.64309,-0.024575,-0.35349
0.66709,0.033941,-0.28846
0.37092,0.22488,-0.2322
0.1035,0.63365,-0.084008
0.19258,0.066282,-0.16039
0.18459,0.62664,-0.24452
0.63011,0.084566,-0.42401
0.68759,0.068254,-0.5763
0.40462,-0.12311,-0.11595
0.11115,-0.35092,-0.42217
-0.051053,-0.01635,-0.50937
0.21053,0.62153,-0.57601
0.11379,0.10614,-0.59698
0.25357,-0.44206,-0.43447
0.23219,-0.30066,-0.19528
-0.062045,0.36919,-0.29998
0.14898,0.59862,-0.40556
0.33662,-0.27171,-0.15578
0.10901,-0.41765,-0.27357
0.15955,-0.43642,-0.26367
-0.057289,0.013679,-0.4835
0.20848,-0.23821,-0.62909
0.3122,-0.018666,-0.69964
0.6158,0.10058,-0.40125
0.58704,0.35295,-0.48433
0.14275,0.6534,-0.092566
0.43296,-0.26203,-0.25526
0.40181,-0.23607,-0.62583
0.28847,0.56725,-0.41151
0.40834,0.30349,-0.25692
0.16846,0.40021,-0.41556
0.30698,0.56808,-0.6733
0.32471,0.36203,-0.72782
0.31433,0.57403,-0.62826
0.15134,0.41815,-0.42489
0.095382,0.48458,-0.5168
0.3003,0.37581,-0.73719
0.53526,-0.16506,-0.58354
-0.07326,-0.030735,-0.40975
0.080285,-0.10414,-0.17165
0.13357,0.60059,-0.16175
0.40416,0.18833,-0.66671
0.33248,0.46105,-0.36035
-0.013082,-0.025233,-0.24174
0.024619,0.060605,-0.56584
0.016427,0.084128,-0.54688
0.13456,-0.426,-0.44853
0.67382,0.0045373,-0.41988
-0.068917,-0.10113,-0.43547
0.042049,0.69254,-0.067949
0.36336,0.56479,-0.45357
0.40515,0.026727,-0.10303
0.030118,0.5018,-0.44413
0.28284,0.37953,-0.32175
0.051346,0.4485,-0.44383
0.27401,-0.032753,-0.70156
0.36635,-0.31056,-0.20888
0.31658,0.13158,-0.12902
0.55121,-0.10541,-0.24318
-0.12962,0.42578,-0.28296
0.34724,0.43173,-0.74383
0.26014,-0.049555,-0.098366
0.33406,-0.26389,-0.63759
0.23792,0.31718,-0.60723
0.46349,0.40228,-0.6024
0.29967,-0.19569,-0.12049
0.31853,-0.14614,-0.11397
0.32476,-0.22355,-0.12325
0.090871,0.67736,-0.04821
0.2023,0.62012,-0.20399
0.34671,-0.04899,-0.68121
0.47741,-0.10611,-0.13841
0.1071,0.60517,-0.29898
0.056829,-0.083315,-0.1848
0.12828,0.6105,-0.13729
0.26587,-0.12119,-0.69786
0.595,0.11884,-0.36586
0.15064,0.56174,-0.25001
0.39653,-0.040123,-0.1018
0.14398,-0.11737,-0.1413
0.06063,0.10619,-0.24558
0.31312,0.40857,-0.34224
-0.042054,-0.00043726,-0.51481
0.31536,-0.23471,-0.12292
0.20174,0.40533,-0.63125
-0.079085,0.39094,-0.27329
0.74639,0.11544,-0.41945
-0.1265,0.40887,-0.23708
0.32854,0.24623,-0.64426
0.17662,0.42666,-0.61238
0.11041,0.64965,-0.3023
0.47303,0.38889,-0.32741
0.2557,0.57396,-0.39958
0.41918,0.38938,-0.62568
0.62954,-0.02483,-0.16299
0.4933,-0.17983,-0.2203
0.12428,-0.38675,-0.44858
0.36074,0.52968,-0.40098
0.59403,-0.11449,-0.63572
0.15045,0.58087,-0.43061
0.37595,-0.28894,-0.60215
-0.040029,0.51534,-0.3456
0.13045,0.54563,-0.55127
0.42798,-0.31247,-0.5469
0.037147,-0.25599,-0.28342
0.51303,-0.091054,-0.62885
0.37446,0.37086,-0.69113
0.037286,0.17425,-0.43026
0.023737,-0.27204,-0.42806
0.20366,0.030021,-0.65505
0.16991,0.53486,-0.65612
0.22569,-0.35386,-0.23163
0.18066,-0.060897,-0.68416
0.12048,-0.29666,-0.24747
0.59135,0.28252,-0.55254
0.46121,0.28248,-0.26383
0.32802,-0.21632,-0.12257
0.41259,-0.018978,-0.10114
0.15848,0.52532,-0.39235
0.26523,0.34517,-0.65458
0.014326,0.10088,-0.53659
0.031896,0.010596,-0.21632
0.54917,0.3562,-0.35114
0.1548,0.65211,-0.16732
0.37439,0.25092,-0.66169
0.61553,0.073658,-0.31768
0.35661,0.56904,-0.45265
0.39354,-0.27974,-0.15543
0.15993,0.57189,-0.59335
0.50609,0.020612,-0.61267
0.11428,0.44851,-0.53148
0.14845,-0.22701,-0.17542
0.25436,0.02311,-0.68976
0.079763,0.65827,-0.036659
0.28115,0.27182,-0.61849
0.42251,0.52628,-0.58404
-0.043918,0.39604,-0.36956
-0.035786,0.056087,-0.30868
0.2331,-0.21425,-0.14
0.42417,0.17271,-0.24128
0.18923,0.23715,-0.56744
0.3248,-0.34628,-0.55188
0.59938,0.15793,-0.40743
0.15518,-0.10005,-0.13231
0.44133,0.43684,-0.57143
0.61264,-0.046443,-0.16391
0.56141,0.10105,-0.53577
0.076738,0.75674,-0.12058
-0.03475,0.09602,-0.44433
0.17722,0.34107,-0.42826
0.1762,-0.14949,-0.66608
0.18662,0.15227,-0.59984
0.16597,0.49417,-0.66947
0.42186,-0.17787,-0.13337
0.60731,0.0155,-0.621
0.68051,0.03486,-0.64345
0.13595,-0.12565,-0.14618
-0.070644,-0.08854,-0.44668
0.3599,-0.35248,-0.56714
0.33622,-0.1329,-0.67864
0.33085,0.41755,-0.34753
-0.081372,0.37501,-0.27687
0.15032,0.4202,-0.4236
0.33916,0.13316,-0.64198
0.18461,0.47121,-0.37972
0.094036,-0.083886,-0.62283
0.27376,-0.15674,-0.683
0.11366,0.11034,-0.21585
0.1833,0.34621,-0.40351
0.68955,0.0077471,-0.58665
0.11453,-0.23383,-0.59061
0.11493,0.15061,-0.24943
0.53132,-0.13476,-0.15552
-0.037449,-0.1861,-0.4204
0.42746,0.1519,-0.66231
0.098388,0.4307,-0.38364
0.29289,0.067373,-0.095907
0.70051,0.11224,-0.36666
-0.060697,-0.099492,-0.47511
0.47472,-0.21972,-0.18807
0.25828,-0.31828,-0.57631
0.14873,0.15583,-0.58416
0.093798,-0.19811,-0.60268
0.24175,-0.10627,-0.1077
0.19335,-0.38139,-0.22883
0.17815,0.26112,-0.55025
-0.00039769,0.00058932,-0.2357
0.17183,0.12137,-0.20175
0.21341,0.59688,-0.23788
0.3335,0.58736,-0.52218
0.25945,0.35056,-0.65625
0.45792,0.43936,-0.55959
0.16245,0.50856,-0.39315
0.47522,-0.060472,-0.57719
0.61899,0.18806,-0.45255
0.51766,-0.1346,-0.66711
0.40399,-0.3434,-0.54945
0.2998,-0.046948,-0.098142
0.56048,0.26569,-0.61234
0.1514,0.0005691,-0.15212
0.58295,0.3071,-0.35541
0.31617,0.56302,-0.6737
0.1385,0.55466,-0.32498
0.56154,0.1325,-0.56643
0.11579,0.50322,-0.40083
0.5723,0.18032,-0.33304
0.33847,0.54108,-0.40183
-0.18553,0.40984,-0.19018
0.040853,0.70272,-0.077679
0.15289,-0.22938,-0.17487
0.057416,-0.066121,-0.59575
0.023289,0.48061,-0.33457
0.32924,0.34694,-0.67067
0.27376,-0.011333,-0.70553
0.56238,-0.15387,-0.62643
0.35532,-0.11748,-0.10734
0.37975,0.19547,-0.22795
0.34464,0.56634,-0.43507
-0.0066233,0.098671,-0.51204
0.15298,0.44115,-0.4018
0.35293,0.57438,-0.58003
0.064591,0.69067,-0.042493
0.719,0.058163,-0.45343
0.31039,-0.14836,-0.11323
0.19276,0.62192,-0.14242
0.217,0.61004,-0.60833
0.48578,-0.22726,-0.56641
0.13141,-0.051546,-0.6448
0.5216,0.033947,-0.60946
0.51668,-0.15851,-0.32717
0.40261,-0.33608,-0.45969
0.3541,-0.31096,-0.21258
0.16524,0.3186,-0.44246
0.43299,0.4214,-0.35425
0.32534,0.3598,-0.72338
0.28623,-0.31404,-0.19654
0.25479,-0.10638,-0.10377
0.14369,0.41694,-0.44379
0.038253,0.17579,-0.40913
0.39763,0.53615,-0.44151
0.1931,0.62277,-0.36888
0.40179,-0.33688,-0.46481
-0.042834,0.44208,-0.29015
0.5377,0.40431,-0.41387
0.37754,-0.2803,-0.61012
0.47992,0.32518,-0.64763
0.43087,-0.29431,-0.52785
0.27159,-0.27262,-0.15557
0.27262,-0.011484,-0.095585
0.16597,0.43697,-0.40066
0.16752,0.52039,-0.36646
0.17323,0.33314,-0.45876
0.60361,-0.057269,-0.15938
0.3297,0.04548,-0.6475
0.098136,-0.28614,-0.52538
0.11228,0.44923,-0.52301
0.59677,0.32332,-0.49555
0.22137,-0.35632,-0.23144
0.07525,-0.43021,-0.33823
0.61774,0.20619,-0.46999
0.2959,-0.38341,-0.25064
0.63036,0.061696,-0.31238
0.20632,0.09359,-0.62938
0.60801,0.16406,-0.437
0.35769,0.29761,-0.65322
0.15754,0.055833,-0.18872
0.075458,0.14065,-0.55811
0.29101,-0.32294,-0.21438
-0.026221,0.51912,-0.37821
0.46046,0.36224,-0.63162
0.088605,-0.13744,-0.61439
0.18742,0.024399,-0.64565
0.49562,-0.060624,-0.14789
0.58394,0.13562,-0.36372
0.44667,0.48078,-0.51476
0.18482,-0.02324,-0.68263
0.32726,-0.089536,-0.68361
0.19147,0.31482,-0.51292
0.26422,0.62412,-0.60284
0.65682,0.065951,-0.58001
0.36056,0.44892,-0.36437
0.18606,0.63357,-0.30496
0.089688,-0.080164,-0.16951
0.47798,0.40626,-0.35197
-0.073586,0.46126,-0.35905
0.43311,-0.17591,-0.1407
0.20606,0.61265,-0.16791
0.50927,0.063813,-0.60211
0.56834,0.25952,-0.31903
0.19516,0.18602,-0.58878
0.10024,0.46589,-0.51684
0.12398,0.54089,-0.49025
0.19145,-0.47455,-0.38164
0.2284,0.18527,-0.60652
0.36087,0.50949,-0.38965
0.3818,0.10062,-0.1225
-0.051925,-0.093718,-0.30044
0.22154,-0.24462,-0.15795
0.049043,0.13854,-0.53741
0.086303,0.20022,-0.48114
0.33651,-0.20307,-0.66274
0.41947,0.17402,-0.6673
0.4627,0.081718,-0.25687
0.049646,0.12184,-0.55251
0.33352,-0.025582,-0.68841
0.29635,0.35506,-0.69208
0.41711,0.35941,-0.29367
0.16718,0.50412,-0.6708
0.60814,0.052087,-0.45601
0.2144,0.60474,-0.31298
-0.043812,-0.040481,-0.52458
0.2632,0.10833,-0.12817
0.63291,0.013237,-0.21142
0.012789,0.12503,-0.51183
0.39095,-0.31677,-0.21822
0.53707,0.23929,-0.63694
0.25149,0.39241,-0.35284
0.57508,-0.10178,-0.38801
0.29083,-0.40863,-0.26599
0.51202,0.36671,-0.60695
0.53308,0.1406,-0.29689
0.10461,0.47199,-0.3814
0.19111,0.20265,-0.24786
0.58977,-0.034358,-0.6207
0.40018,0.5462,-0.47368
0.14373,0.27007,-0.42472
0.43535,-0.26979,-0.22775
0.2942,0.60019,-0.61099
0.66633,-0.018613,-0.56136
0.24853,0.117,-0.16171
0.071383,-0.3571,-0.35902
0.15968,-0.31254,-0.23655
-0.19359,0.43682,-0.19587
0.14476,0.031835,-0.18723
0.037262,0.5202,-0.43123
0.15637,-0.1918,-0.63912
0.3059,0.53986,-0.71361
0.26358,-0.29032,-0.60537
0.49905,0.0088287,-0.23078
0.00023001,-0.14608,-0.23418
0.48553,0.12376,-0.25868
0.47835,0.25161,-0.66959
0.6827,0.00036358,-0.57592
0.26975,-0.28345,-0.60805
0.12817,-0.29351,-0.54031
0.26348,-0.3487,-0.53369
0.23978,0.55564,-0.69231
0.037132,-0.016488,-0.57861
0.054912,0.72879,-0.11352
0.11033,-0.37056,-0.43514
0.16095,0.58615,-0.52811
-0.064201,0.028552,-0.37802
0.052498,-0.25743,-0.51865
0.054909,-0.12727,-0.19151
0.14247,0.6427,-0.071749
0.33406,0.16116,-0.20516
0.57829,-0.11568,-0.65302
