0.10019,-0.2898,-0.23242
0.05324,-0.19881,-0.37276
-0.20034,0.18466,-0.074225
-0.22402,0.13427,0.37901
0.039214,-0.1255,0.16383
0.047718,0.086833,0.40042
0.067059,0.26558,-0.26684
-0.13391,0.17278,0.081849
-0.10872,0.029427,-0.38686
-0.13823,0.02852,0.28024
-0.21772,0.17107,0.017764
-0.075382,0.1995,-0.052339
-0.16777,-0.026085,-0.25723
0.40582,-0.16632,-0.26556
0.15343,0.27936,-0.20099
0.32363,-0.058995,0.18606
0.23434,0.058481,0.20835
0.48049,-0.063257,-0.15092
-0.1954,0.097946,0.21256
0.25559,0.0090336,0.21502
-0.099016,0.089252,0.34656
-0.084808,-0.092273,0.17891
0.46798,-0.080478,-0.34987
-0.11713,0.049532,0.2082
-0.39463,-0.17139,0.24677
-0.40322,-0.21239,0.19022
0.48888,0.023632,-0.33916
-0.41059,-0.019287,0.20843
0.15601,-0.29613,-0.24354
0.42859,-0.12299,0.043251
-0.22197,0.1096,0.20123
-0.16545,0.010363,0.40505
-0.23279,0.058724,-0.38815
-0.37094,0.059964,0.14311
-0.26528,0.37518,0.38793
-0.19559,-0.066615,-0.24336
0.017029,0.29283,-0.11632
0.059181,0.22551,0.00088057
0.42961,0.13153,-0.036551
0.17235,-0.21515,0.10061
0.51279,0.062922,-0.20736
-0.38595,0.034181,0.22774
0.54819,-0.0245,-0.29784
0.037542,0.13972,0.13271
0.30101,0.16979,0.056748
0.20363,0.18579,0.079089
-0.20666,0.022972,-0.31571
0.13417,-0.30961,-0.16495
-0.072517,-0.20311,-0.31922
0.34681,0.030341,0.16425
0.25839,-0.16767,0.15943
0.17366,-0.31958,-0.14142
0.37068,-0.028209,-0.38834
-0.27678,0.071106,-0.18318
-0.19622,-0.15928,0.29827
-0.20681,-0.19267,0.22577
-0.17176,0.07987,-0.28814
-0.28268,0.30608,0.36095
0.023435,0.025907,0.18674
-0.1131,-0.0011909,0.3686
0.28794,-0.28176,-0.15264
0.14226,-0.2629,0.017498
-0.29088,-0.20407,-0.038582
-0.099547,0.11583,0.42612
-0.27928,0.15496,-0.089051
-0.39792,-0.20613,0.21616
0.026316,0.14875,0.55795
0.28395,-0.2725,-0.054955
-0.0019505,0.11186,-0.37353
0.3137,0.15854,0.069842
0.28861,0.21293,-0.30703
-0.32981,0.079173,0.12331
0.20789,-0.30256,-0.045424
0.50625,0.015827,-0.16223
0.35568,-0.23775,-0.048258
-0.013842,-0.13543,0.14107
0.079213,-0.30618,-0.047611
0.34928,-0.24732,-0.084748
-0.34006,0.08147,0.21865
0.074466,0.16034,0.42803
0.28337,-0.26515,-0.23422
-0.21663,-0.049241,-0.3873
-0.016056,-0.18711,-0.28827
-0.026435,-0.22105,-0.38773
-0.27801,0.31685,0.40269
0.03792,-0.27054,-0.030786
0.29457,0.092527,-0.38637
-0.10406,0.193,0.016305
0.12075,0.18271,0.45576
0.47701,0.004944,-0.063837
0.10564,0.30267,-0.091782
-0.38766,-0.0031304,-0.036538
0.52628,0.069347,-0.23376
0.17984,-0.31259,-0.097215
0.1292,0.23846,0.0066346
0.10786,0.23893,0.54463
-0.14301,0.048074,0.28975
0.090464,-0.2872,-0.22597
0.097498,0.14325,0.42557
-0.13329,0.11567,0.17178
-0.14828,-0.053953,-0.32093
0.17893,0.018173,0.2192
0.41094,0.14976,-0.18585
0.20412,0.21023,-0.36391
0.10798,0.13575,0.15058
0.41606,-0.16955,-0.0040974
-0.013539,-0.010586,0.18877
0.12806,0.11692,-0.37106
0.27549,0.23897,-0.24088
-0.40749,-0.17778,0.19096
0.38579,0.17967,-0.059449
-0.24211,0.25925,0.3357
-0.16185,-0.23108,-0.031584
0.27361,-0.26921,-0.23854
0.35895,-0.22416,-0.20602
0.41037,0.07923,-0.34448
-0.13236,-0.23323,-0.049456
-0.21551,0.43954,0.43607
-0.064987,0.15689,-0.31527
-0.25026,0.10648,0.26752
0.28023,-0.27623,-0.059197
-0.17647,-0.12138,0.3599
0.27315,0.17848,-0.38811
-0.27917,0.30985,0.39534
-0.22579,-0.18136,0.3407
-0.27322,0.042299,-0.37605
0.11244,0.17167,0.46548
0.23626,-0.15013,-0.37393
-0.3155,-0.021745,0.37615
-0.24644,0.27913,0.33819
0.15927,-0.30723,-0.20885
-0.40257,-0.093692,0.23681
0.086611,0.080939,0.18235
-0.19401,-0.03086,0.37817
-0.13845,0.028872,0.2797
0.23592,-0.17157,0.16303
0.39799,0.14546,-0.0076664
0.30816,0.12812,-0.37586
0.085022,0.16995,0.43686
0.12627,0.28789,-0.18192
-0.26597,0.063341,-0.37873
-0.02316,-0.050222,0.18788
0.012457,-0.26174,-0.1114
-0.27826,-0.087938,-0.19503
-0.02519,0.10843,0.52451
0.06184,0.12383,0.44014
-0.063048,0.046556,0.46999
-0.31095,0.1274,0.36314
-0.30199,0.38728,0.52904
-0.35873,-0.11775,0.042292
0.20258,0.27816,-0.14628
-0.041405,0.10901,0.16145
-0.21742,0.3103,0.4102
-0.22753,0.43909,0.52518
0.028574,0.1743,0.45811
-0.044197,0.075621,-0.37675
0.52948,0.037301,-0.17871
0.11638,0.19517,0.4546
0.31619,0.14191,0.10918
0.56309,-0.052227,-0.17807
0.42582,-0.17659,-0.11449
0.22147,-0.30789,-0.12926
0.29177,-0.24346,-0.28256
-0.092198,0.19406,-0.38775
-0.33487,0.0070918,-0.15623
-0.16919,-0.011051,-0.26699
0.54746,-0.053788,-0.2947
0.26142,-0.18385,0.12526
-0.24622,-0.23817,0.10942
-0.27274,-0.18594,0.060267
-0.39714,0.018989,0.19511
-0.39389,-0.057474,0.10062
-0.34794,-0.010963,-0.13595
-0.18922,-0.19394,0.13423
0.41449,0.11199,-0.25615
-0.16251,-0.23463,-0.066191
0.41274,-0.057198,0.10108
0.29616,0.18873,0.039864
-0.031714,0.14091,0.40931
-0.11157,-0.089015,0.20679
-0.018099,0.19504,0.052353
0.32182,0.18398,0.031804
-0.14071,-0.040712,-0.27875
0.22468,0.12178,-0.3772
-0.30905,-0.1856,0.34293
-0.35195,-0.24794,0.11337
0.10365,-0.25965,-0.32528
0.49848,0.00023719,-0.34064
0.00081501,0.21907,-0.020411
-0.36037,0.068527,-0.061923
0.39431,-0.088515,-0.37695
-0.17799,0.10621,-0.38785
0.56514,-0.035125,-0.17731
0.2262,0.14683,0.14774
-0.32005,-0.14727,-0.12505
-0.12891,-0.015891,0.26398
0.053759,0.086975,0.17321
0.18521,0.14966,0.14126
-0.12248,-0.070661,0.238
0.32491,0.16682,-0.33523
-0.0044622,0.10704,0.5356
-0.071023,0.040945,0.46169
0.46795,0.060525,-0.10559
0.21075,-0.13193,0.19692
-0.04809,0.042184,0.40366
0.068496,0.30531,-0.089204
0.18085,-0.22359,-0.38832
-0.342,-0.14867,0.085885
0.035742,0.16699,0.5593
-0.047416,-0.053315,0.19242
-0.084336,0.1252,0.42683
0.35947,-0.23437,-0.052966
-0.14424,-0.22643,-0.014207
0.17864,-0.010792,-0.38701
-0.39376,-0.032985,0.29128
-0.20856,-0.16286,0.35485
-0.21167,-0.18431,0.31329
-0.15955,0.058383,0.27436
0.32221,-0.25383,-0.17882
-0.18834,0.041074,-0.24613
-0.22299,0.41899,0.51549
-0.28546,0.016136,0.37688
0.36658,-0.18588,0.055307
-0.20008,-0.1438,-0.32399
-0.10798,0.16331,-0.16295
-0.23201,0.22637,0.43711
0.3153,0.22451,-0.2152
0.15267,0.27113,-0.019918
0.49396,0.017116,-0.33807
-0.020742,-0.16679,-0.38041
-0.31208,0.070605,0.36374
0.14354,-0.30124,-0.016667
0.1683,0.28489,-0.052961
0.51823,0.061387,-0.20747
0.25751,0.08722,0.18776
0.099128,-0.28006,-0.0014837
0.51796,-0.12732,-0.21665
0.32076,-0.21358,0.050719
0.55647,0.01469,-0.26054
-0.21626,-0.18314,0.32981
0.43946,0.083822,0.020375
-0.19444,-0.16921,0.25048
0.53992,0.044718,-0.19153
-0.1896,0.18624,-0.0097208
-0.10816,-0.038561,0.22373
-0.059284,-0.21373,-0.38733
-0.21626,-0.19045,-0.16199
-0.27705,-0.00015582,-0.38363
-0.34243,0.027935,0.35302
-0.22502,-0.16262,0.35994
-0.23601,-0.21455,-0.11438
-0.14915,-0.062824,-0.26257
-0.12341,0.19461,-0.055183
-0.30666,-0.19252,-0.039985
-0.25912,-0.054213,-0.22477
0.30118,-0.27492,-0.085306
-0.13363,0.19494,-0.013128
-0.0077699,0.27365,-0.11551
0.15201,0.18713,0.096182
0.20762,0.13444,-0.37834
-0.29058,-0.18607,0.067321
0.4834,-0.054857,-0.14522
-0.2093,-0.088258,-0.36562
-0.28344,-0.20795,-0.0054413
0.017685,0.21813,-0.38812
0.15738,-0.2248,-0.38811
-0.28645,0.35157,0.46594
-0.22939,-0.16635,-0.34259
-0.01805,-0.18622,-0.2862
0.06507,-0.309,-0.063725
0.54628,-0.060743,-0.29513
-0.18744,0.10769,-0.20518
-0.19128,-0.048327,-0.24804
0.12932,0.097766,0.18897
0.33854,-0.19721,-0.34573
-0.080117,0.23167,-0.38124
0.10725,-0.25359,-0.31417
0.066972,-0.2786,-0.20836
0.026165,-0.26954,-0.31748
0.28219,-0.28606,-0.10692
0.060855,0.020348,-0.37477
0.23354,-0.19127,0.12688
0.10303,0.17659,0.48037
-0.06188,0.043181,0.3481
0.018632,-0.21,0.061756
0.38856,-0.1774,0.035659
0.22444,-0.2485,-0.33125
0.38236,-0.070892,0.13779
-0.22332,0.2631,0.36039
0.069382,-0.1001,0.18657
0.22811,0.042783,0.21485
0.30156,0.024275,0.19491
0.44967,-0.13779,-0.12471
0.21419,-0.25253,0.017299
0.04026,0.10658,0.43126
-0.2589,0.04248,-0.38812
0.039536,0.12621,0.14599
-0.18242,0.17949,-0.12163
0.042894,-0.17318,0.12661
0.048417,0.28707,-0.20034
0.08831,0.2486,-0.31032
-0.15613,-0.19805,-0.16517
0.4615,0.059579,-0.19714
-0.052407,0.045228,0.40577
0.11026,0.049432,0.20212
0.2194,0.167,0.12711
-0.091388,0.1789,0.07252
-0.14525,-0.23243,-0.041609
0.43736,-0.15079,-0.30526
0.18683,-0.21429,0.10223
-0.31836,-0.18373,-0.053913
-0.044699,-0.24912,-0.37312
0.017326,0.0057703,-0.37677
-0.2765,0.11622,0.41372
-0.38003,-0.19981,0.27938
0.13517,0.26439,-0.008731
-0.059977,0.18305,-0.11445
-0.096521,-0.20138,-0.30706
-0.26796,0.36656,0.38997
0.24668,0.074308,0.19885
0.11859,-0.28394,-0.25674
0.075683,0.21852,0.51633
0.35772,0.17704,0.0027769
0.001137,0.26616,-0.16712
-0.14713,-0.15883,-0.29364
0.32398,0.1445,-0.34534
-0.14825,-0.18196,0.093772
-0.25321,0.11057,0.1837
0.2868,0.16079,0.096381
-0.4046,-0.083616,0.32186
0.34988,-0.2259,-0.23737
0.47886,0.014692,-0.10013
-0.15155,-0.059264,0.33652
0.40607,0.15458,-0.18699
0.40685,-0.18525,-0.23822
0.034239,0.14181,-0.37235
-0.24751,0.41789,0.41925
-0.019573,-0.21084,-0.10688
-0.059644,0.20038,-0.06368
-0.2834,-0.28426,0.18608
0.33718,0.1711,0.04257
0.29946,0.22933,-0.27682
-0.032871,-0.22908,-0.031077
-0.21329,-0.1848,0.090776
0.096599,0.22804,0.55899
-0.11964,0.19283,-0.0798
0.43027,-0.14939,-0.28511
-0.10583,0.13566,-0.38786
-0.15311,0.1759,0.0717
-0.21968,0.13465,0.35496
0.37798,0.05862,-0.37641
-0.28025,0.29334,0.33697
0.27278,0.16437,-0.38811
-0.12328,0.022771,0.43435
0.082599,0.191,0.071314
-0.38262,-0.01748,0.34547
0.17969,0.26146,-0.011522
0.39461,0.11142,-0.28242
0.033181,-0.29784,-0.077042
-0.069215,0.10339,-0.38079
0.51015,0.080795,-0.23578
0.29406,-0.26225,-0.038961
-0.34591,-0.1206,0.36011
-0.099233,0.15296,0.12409
0.35489,-0.22172,0.0063858
0.24156,-0.1251,-0.38643
-0.23176,-0.010693,0.37818
0.043463,0.10159,0.39239
0.37878,-0.12192,0.12132
-0.0055582,-0.20892,-0.1414
-0.0026326,0.20379,0.027804
-0.049374,0.15094,0.12338
0.15376,-0.22807,0.037954
0.28585,0.18807,-0.37201
-0.10869,0.14498,-0.20685
0.066834,-0.30528,-0.048947
-0.22665,-0.15772,-0.33992
0.23334,-0.24222,-0.33416
-0.13558,0.0085888,0.2847
0.054372,-0.24839,-0.0019123
-0.34345,-0.14588,0.086226
0.1256,-0.27987,-0.28271
0.29378,-0.11495,0.1854
0.36498,-0.17608,-0.31822
-0.24251,-0.19857,0.32744
-0.25563,0.16267,-0.1049
-0.22721,0.26217,0.4409
-0.21291,0.17521,-0.0033384
0.1405,0.2793,-0.22469
-0.34572,0.061578,0.10624
-0.0076746,-0.18385,-0.24532
-0.17125,-0.2382,-0.38756
-0.22794,0.042152,0.36846
0.39391,0.011159,-0.38758
-0.26493,0.065063,-0.37118
0.057523,0.28888,-0.20626
-0.12356,0.11487,-0.30212
0.090893,-0.2647,-0.33038
-0.2751,0.34273,0.42916
-0.26582,-0.19649,-0.1195
-0.03931,0.051545,-0.38106
-0.074079,-0.2223,-0.061893
0.15124,0.075567,0.20153
-0.17131,-0.15815,-0.30843
-0.19716,-0.16059,0.35179
0.45775,-0.01898,-0.36371
-0.17705,0.0033156,-0.27222
-0.10626,0.17544,-0.38751
0.32042,0.16019,-0.34551
-0.18312,-0.24427,-0.38247
-0.078327,0.094807,-0.38719
-0.01327,-0.23023,0.0055732
0.49056,-0.14142,-0.27964
0.44067,-0.044125,-0.3702
-0.088708,0.14688,0.13588
-0.30672,0.12059,0.39543
0.44586,0.065575,-0.34316
-0.29411,0.39793,0.52449
0.11052,0.20653,0.036598
0.070599,0.19599,0.57685
-0.16647,0.12426,-0.37543
-0.1383,-0.11409,0.23975
-0.039411,-0.13301,0.14991
-0.066026,0.033322,0.39843
-0.12333,-0.18905,-0.30205
0.21685,0.26229,-0.032873
-0.33814,-0.14198,0.077778
0.19328,-0.29012,-0.28592
0.22233,-0.0068848,-0.38782
-0.21346,0.21639,0.39352
0.34777,0.20036,-0.25145
0.38261,-0.21426,-0.14907
-0.39711,0.018931,0.18545
-0.27692,-0.27636,0.12398
-0.35535,0.057728,-0.091625
-0.35573,-0.058037,-0.12358
-0.18323,-0.19465,0.19371
0.26466,-0.15916,0.16712
-0.31632,0.087509,0.26399
0.075889,-0.30795,-0.12398
0.25636,-0.29159,-0.1905
0.51447,0.058944,-0.2022
-0.043503,-0.18255,0.084253
0.44241,-0.12382,0.0044044
-0.29121,0.10319,0.14498
-0.19321,-0.065292,-0.38776
-0.27094,0.4026,0.53954
-0.03338,0.14368,0.41653
-0.004996,-0.21797,-0.29911
-0.030779,-0.2139,-0.10107
0.05532,-0.25424,-0.24617
-0.39916,-0.08576,0.28426
0.29687,0.20324,-0.0036029
-0.13476,0.0086425,0.27485
-0.41362,-0.1703,0.15169
0.29689,0.20221,-0.3177
0.0052277,0.065698,0.17292
0.46069,0.021596,0.013374
0.40426,0.0062699,0.11426
-0.29844,0.29786,0.43907
0.18402,-0.071418,-0.38153
-0.33572,-0.15058,0.079215
0.28806,0.24107,-0.1092
-0.31889,0.10511,-0.11221
-0.19115,-0.1678,-0.31505
0.005828,-0.21915,0.035356
0.098094,-0.21053,0.095951
-0.029159,0.12397,-0.37374
0.19093,0.13779,0.15349
0.21362,-0.097803,0.21438
-0.30199,0.31361,0.45125
0.33257,0.080421,0.15256
-0.14309,0.12206,-0.38745
-0.25838,0.4147,0.54085
0.20816,-0.10158,-0.37979
-0.25343,0.4042,0.41862
0.39134,-0.12566,0.10246
-0.20032,-0.23331,-0.35965
-0.15348,-0.14834,-0.29502
-0.24566,-0.25892,0.12254
-0.070738,0.15925,-0.38833
-0.34105,-0.049191,-0.14452
-0.20568,-0.12421,-0.21594
0.068572,-0.27964,-0.38762
-0.30179,-0.021703,-0.19003
0.046572,0.20736,0.029148
0.27917,0.20372,-0.34401
0.10322,0.21591,0.54385
0.2844,0.23939,-0.22253
-0.18873,-0.17967,0.11603
-0.32637,0.052452,0.35053
0.011309,0.27788,-0.055258
-0.22964,-0.0029383,0.37736
-0.031403,0.10908,0.15542
0.21452,-0.21366,0.069723
0.48293,-0.044178,-0.34842
-0.065699,-0.17616,0.095896
-0.13718,-0.049096,-0.29528
0.16579,-0.18553,0.15197
0.21166,-0.29254,-0.020995
-0.11149,0.10738,0.40153
-0.018927,0.14488,-0.28411
-0.2164,0.23762,0.3686
0.22686,-0.11926,-0.38262
0.45401,0.09765,-0.077806
0.24298,-0.30118,-0.064939
-0.30716,-0.18076,0.067428
-0.39117,-0.025176,-0.028867
0.014134,0.23092,-0.2735
-0.16514,-0.17415,0.10268
-0.34327,-0.24732,0.1119
-0.27446,0.027724,0.37858
-0.29224,-0.18638,0.067904
-0.035723,0.19061,-0.38839
-0.22237,0.29371,0.37925
-0.29162,0.05821,-0.17956
-0.036709,0.21295,-0.11917
-0.064692,-0.21604,-0.14101
0.07001,-0.27836,-0.33977
0.54632,0.041899,-0.2123
0.25716,0.19781,-0.37785
0.24469,0.16268,0.12339
-0.24024,-0.22683,-0.036847
-0.030934,0.083734,0.44828
-0.22541,0.021302,0.37465
0.23053,-0.30417,-0.078088
-0.0016581,0.22744,-0.22501
-0.15918,-0.24388,-0.37985
0.41628,-0.020695,0.097976
0.037879,-0.25689,-0.17727
0.47132,-0.085231,-0.076321
-0.29042,-0.20218,-0.063967
0.0035038,0.14697,0.41364
0.09244,-0.065615,0.20502
-0.33983,-0.25652,0.25764
0.099516,0.14115,0.42837
-0.29722,-0.10729,-0.17545
-0.37239,-0.18928,0.093925
-0.12155,-0.18764,0.08597
-0.0097639,-0.20542,-0.38765
0.28195,0.13861,0.13678
-0.29786,0.14645,-0.036582
-0.093912,-0.049561,0.19971
0.18274,0.21108,-0.38654
0.30664,0.19698,-0.31496
0.22784,0.26967,-0.16327
0.38035,0.046448,0.13415
-0.35453,0.0054323,-0.12862
-0.03731,-0.055309,0.18995
-0.35473,0.025159,0.34405
-0.056025,0.18452,0.060194
-0.32377,0.33129,0.48658
-0.34104,0.080751,0.046982
0.36975,-0.23299,-0.11915
0.44799,0.096167,-0.29412
-0.26413,0.42364,0.53944
-0.24685,0.41915,0.44075
0.053826,-0.26466,-0.008834
-0.028685,0.12798,-0.28153
0.23403,0.128,0.16539
0.20683,0.17997,0.098112
-0.047803,0.13002,-0.29665
-0.39526,-0.11234,0.28737
0.37882,-0.20786,-0.22438
-0.060841,0.23764,-0.38758
-0.17938,0.17239,0.064728
-0.01922,-0.21022,-0.10994
-0.011894,-0.13437,-0.37967
-0.13373,-0.16681,-0.26206
-0.21481,0.11139,0.15267
0.2938,-0.28385,-0.12223
0.0969,-0.20069,0.11155
0.55789,-0.0079589,-0.27026
-0.13358,0.0053202,0.41033
0.18785,-0.077556,-0.38024
0.20065,0.22923,-0.32583
-0.16303,0.070308,0.39416
-0.29212,0.29909,0.43141
0.14933,0.21837,-0.36522
0.4054,-0.19459,-0.088205
-0.017531,-0.0075547,0.18999
-0.246,0.25672,0.33293
-0.21305,0.083239,0.32035
0.24596,-0.18199,0.13704
0.019024,-0.22727,0.022966
0.13693,-0.064348,0.21446
0.11497,-0.31163,-0.13684
-0.19435,-0.15217,0.35838
0.41122,-0.18759,-0.18376
-0.051359,0.13601,0.48107
0.018616,0.22992,-0.015537
-0.1515,-0.17703,0.09928
-0.23582,-0.11841,-0.38468
0.070948,-0.01432,0.20202
-0.091212,-0.21942,-0.13085
-0.36562,-0.0013635,0.35078
0.25581,0.1984,-0.37755
0.45686,-0.12253,-0.15138
-0.41865,-0.037361,0.1799
-0.26891,0.35197,0.40568
-0.21095,0.081925,-0.21923
0.28265,-0.19731,0.092774
0.29109,-0.12639,0.17902
0.079606,0.127,0.14952
0.36884,-0.23052,-0.097947
-0.39324,0.025028,0.20807
0.017228,-0.17866,0.10302
-0.075162,-0.01355,0.20455
-0.15428,-0.11787,-0.24775
0.23212,0.26929,-0.15697
0.25638,-0.28213,-0.028953
-0.18565,-0.12571,-0.32237
0.32698,0.1545,0.069975
-0.3584,0.062589,0.23305
-0.14887,0.18271,0.047584
0.23554,0.15538,0.13729
0.12966,0.22356,0.013571
0.11814,0.23679,0.52412
0.41877,-0.12565,0.060536
-0.38453,-0.0011362,-0.061839
0.16377,-0.31576,-0.1177
0.10237,0.22615,0.0092367
0.22013,-0.30762,-0.12678
0.060587,0.18944,0.076591
0.00043377,0.1631,0.44983
-0.27669,-0.18593,0.069969
0.40223,0.046606,0.10837
-0.033539,0.094304,-0.37461
-0.26569,0.16118,-0.041856
0.1258,0.26557,-0.27888
-0.33443,0.061109,0.31197
-0.37637,-0.252,0.1901
0.26742,0.22039,-0.013628
0.55923,0.027385,-0.24144
0.12935,0.2107,0.018688
-0.013084,-0.21304,-0.11996
-0.2373,-0.19183,0.33177
0.32073,0.095861,-0.37659
0.078965,-0.27475,-0.24658
0.16632,-0.3141,-0.16597
-0.1794,0.094667,0.19902
0.4656,0.05508,-0.19624
-0.38467,-0.046998,0.35305
-0.097272,0.053294,-0.38637
-0.14649,0.12819,-0.37231
-0.097459,0.19853,-0.025922
-0.21779,0.39644,0.42896
0.14677,0.23375,0.009088
-0.28905,0.24159,0.37122
-0.18369,0.0008647,-0.30368
-0.23173,-0.14868,-0.34938
0.16546,0.25827,-0.27701
0.47389,-0.096472,-0.17302
0.3064,-0.13679,0.16782
-0.35465,-0.084398,0.36787
0.095625,-0.19419,0.12165
0.45218,-0.11565,-0.34006
0.39617,0.14183,-0.24935
0.05292,0.13162,0.40512
-0.27124,0.076438,0.39109
0.31499,0.19115,-0.31479
0.54999,0.038944,-0.2221
0.53423,0.0484,-0.27375
0.29157,-0.10677,0.18991
0.29372,-0.27668,-0.16563
0.049973,-0.30481,-0.10454
-0.18328,0.025112,-0.28391
-0.37105,-0.017243,-0.098518
-0.25882,0.39337,0.41133
0.23126,0.099976,-0.37761
0.17146,-0.26258,-0.31478
-0.33567,0.073079,0.26337
-0.18482,0.189,-0.0042969
-0.13375,0.035371,0.25232
-0.38995,-0.18368,0.2653
-0.25271,-0.26995,0.1258
-0.39186,-0.13794,0.26059
-0.13819,0.028159,0.27742
-0.16855,-0.054628,0.36807
-0.24941,-0.27827,0.15397
0.040476,-0.20208,-0.37661
0.34729,-0.042205,0.17006
0.3453,0.18879,-0.0096397
-0.22391,0.31612,0.38959
-0.16022,-0.23367,-0.048412
-0.27406,0.1086,0.15957
0.33237,0.1275,0.11658
0.19123,-0.17578,0.16058
0.18147,-0.15372,0.18053
0.51225,-0.13338,-0.23664
-0.14939,-0.0056984,-0.38802
0.39412,-0.078756,0.12416
-0.22162,0.41849,0.51264
-0.38748,0.035328,0.20615
0.052942,0.29541,-0.18439
-0.12911,0.016206,0.4252
-0.17458,0.13067,0.14479
-0.10172,0.0089926,0.3753
0.084341,-0.31107,-0.08355
0.31746,0.13414,-0.35902
0.024313,0.28203,-0.048314
0.039666,0.1438,-0.3722
0.054847,0.1539,0.49205
-0.32254,-0.27316,0.15289
0.20273,0.27968,-0.1197
0.23324,-0.28238,-0.27881
-0.14474,-0.16318,0.15791
-0.35021,-0.13227,0.035537
0.28585,0.23626,-0.2406
0.23729,0.25178,-0.22462
0.29093,0.23038,-0.27737
-0.23746,0.43813,0.46399
-0.28866,0.28143,0.35093
0.054431,-0.2897,-0.15147
0.10328,0.24288,-0.3216
-0.23286,0.18022,0.42131
0.342,0.17795,0.022431
-0.22423,0.34153,0.39842
0.15747,-0.32226,-0.13282
-0.17848,0.061815,-0.25843
-0.21917,0.22377,0.35731
0.10952,0.28527,-0.21962
0.32035,0.22001,-0.069268
0.18535,0.14911,0.14179
-0.21899,0.11685,0.14067
0.28775,-0.13908,0.17111
0.30538,0.22838,-0.27707
-0.19315,-0.17447,0.24268
0.051302,0.16052,0.43037
-0.27937,0.016727,-0.37503
0.073155,0.19653,0.47626
-0.15337,-0.20626,0.045274
-0.19064,-0.15378,0.27442
-0.26939,0.18437,0.44679
-0.30181,0.13698,0.0031422
-0.31834,0.084143,0.29232
-0.31635,-0.15972,0.063312
-0.057983,0.24018,-0.38749
0.13639,0.15108,-0.37516
0.48875,-0.12761,-0.20407
-0.35062,0.081288,0.18302
-0.043294,-0.24206,-0.38749
-0.26264,0.048956,0.38034
0.23179,-0.24926,-0.3292
-0.07965,0.11165,0.48226
-0.24262,-0.07674,0.38111
0.226,-0.19582,-0.38772
0.47016,0.051626,-0.064427
-0.0093068,-0.23589,-0.31026
-0.28472,-0.22965,0.090435
0.11841,-0.023034,0.2137
0.46757,-0.094207,-0.055321
0.088023,-0.25888,0.0076323
-0.27597,-0.17964,0.35002
0.43497,0.097009,-0.2754
0.16709,-0.30361,-0.029654
0.45473,0.084967,-0.15684
-0.331,-0.095658,-0.14185
-0.20304,0.18167,-0.058127
0.28348,0.23241,-0.27543
0.083436,0.29024,-0.21891
-0.21917,0.078046,0.33701
-0.19081,-0.20378,0.15706
0.17166,-0.14097,0.19203
0.28095,0.16082,0.10251
-0.3284,0.11244,-0.075084
-0.2774,0.32017,0.40567
-0.18848,-0.22017,0.013616
-0.14916,0.10305,-0.3056
-0.38635,0.036561,0.214
0.2855,0.19329,-0.36408
-0.28787,-0.11231,0.37717
-0.087513,-0.20217,-0.23593
-0.15525,-0.073927,0.33168
0.39568,0.16881,-0.13933
0.055948,-0.29143,-0.034014
-0.21409,0.4458,0.45997
-0.13905,-0.17929,0.096582
-0.41614,-0.096246,0.14393
0.0099092,0.068424,0.41203
0.27383,0.073542,0.18919
0.33858,0.21039,-0.19928
-0.092503,0.18399,-0.099429
-0.046814,-0.13965,0.14325
0.31564,-0.21186,-0.32838
-0.21772,0.027463,-0.23486
0.30156,0.2323,-0.067673
-0.35771,-0.09735,0.072542
-0.03106,0.23484,-0.38783
-0.17116,-0.11029,-0.2332
-0.30076,0.37898,0.52905
0.22094,-0.053545,0.22157
-0.096174,0.013713,0.20925
0.24035,-0.30044,-0.082749
0.014349,-0.18552,0.094082
-0.24462,-0.19962,0.32841
0.19362,0.23314,-0.32365
-0.14838,-0.20568,-0.31731
-0.21262,-0.22065,-0.36074
0.33091,0.21342,-0.067917
0.3838,-0.087847,0.13406
0.29592,-0.22598,-0.35862
0.12541,-0.30139,-0.196
-0.2378,0.11407,0.13283
0.06431,0.15428,0.42239
-0.13892,0.029711,0.27942
-0.073434,-0.22183,-0.033916
-0.19225,0.08311,0.28205
0.24876,-0.25165,0.01959
0.18203,-0.31298,-0.16211
0.15373,0.18197,0.10138
-0.099932,0.039264,0.20624
-0.18848,-0.16862,-0.38817
0.35544,-0.24318,-0.092166
0.11682,0.15551,0.12763
0.088594,0.22431,-0.38041
0.44162,-0.076019,0.045586
-0.14633,-0.234,-0.089596
-0.10795,0.067954,0.32395
0.09344,0.30292,-0.072101
-0.23969,0.065711,-0.34455
0.38135,-0.11709,0.12119
0.18362,0.17533,-0.38764
0.33205,-0.235,-0.25766
0.037897,-0.17157,0.12482
0.33925,-0.25039,-0.052959
0.256,0.26026,-0.14035
0.47668,0.093521,-0.26767
-0.05539,-0.11942,0.16583
0.3057,0.13833,0.12252
0.11113,0.20083,0.062202
-0.28335,0.24486,0.32978
-0.397,-0.030219,0.24763
-0.19156,-0.20487,0.16503
-0.36812,-0.08437,0.060504
-0.209,0.074753,0.32348
-0.00063618,-0.18209,-0.26484
-0.26023,-0.011019,-0.22851
0.014859,-0.28041,-0.33881
0.26421,-0.20467,-0.38828
0.17593,0.28249,-0.14891
-0.30843,-0.159,-0.12478
0.22402,0.22895,-0.00054028
-0.31282,0.10209,-0.13183
-0.39192,-0.18439,0.25501
-0.2182,0.1481,0.36685
-0.20016,-0.13538,-0.21177
-0.17692,0.063772,0.35688
-0.20587,0.10292,-0.20428
-0.34549,0.081089,0.20753
0.11694,0.23967,0.51993
-0.23019,0.4105,0.52053
0.39478,0.16921,-0.1443
0.26251,-0.22407,0.057546
-0.091074,0.12032,0.41063
-0.23485,-0.21586,0.10937
0.067521,-0.31151,-0.06971
0.0080604,-0.24103,-0.3881
0.19344,0.26498,-0.23568
-0.079881,0.19841,-0.051449
-0.37397,0.052793,0.22055
0.19042,-0.11829,0.20546
-0.15305,0.054742,0.28915
-0.40857,-0.088266,0.22789
-0.23023,0.4445,0.49241
-0.22399,-0.027564,-0.38754
0.24421,0.25171,-0.21973
-0.27416,0.34185,0.35576
-0.35514,-0.11775,0.3576
0.12167,-0.19803,-0.37812
0.19715,-0.26599,0.01211
-0.10688,-0.19599,-0.23983
0.088309,0.05054,-0.37354
0.27391,-0.11513,-0.38805
0.32485,0.12976,-0.34952
-0.073807,-0.0045816,0.20535
-0.30582,0.11364,0.056246
-0.25068,-0.26591,0.12364
0.37231,0.14136,-0.29966
0.24855,0.26483,-0.15079
-0.13552,0.0089335,0.28375
0.12002,-0.001903,0.21264
-0.38518,0.044418,0.16085
-0.31141,0.11892,0.36969
0.27422,-0.12034,-0.3876
-0.013117,0.15421,0.43522
-0.36798,0.057839,-0.032253
0.22292,-0.25562,-0.32455
-0.30898,-0.18848,-0.022777
0.2134,-0.17394,-0.37974
0.35647,0.18766,-0.26482
0.16633,0.2893,-0.10573
-0.15782,0.05589,0.27637
-0.21691,0.10325,0.32533
-0.09253,-0.017845,0.20923
-0.016419,0.23705,-0.38786
-0.0015328,-0.24205,-0.081126
0.41608,-0.18832,-0.11611
-0.15317,-0.065573,0.33317
-0.35635,-0.032585,-0.12395
0.43959,0.096554,-0.2736
0.57034,-0.028637,-0.19982
-0.27607,-0.025316,-0.21514
0.41045,0.077299,-0.34734
-0.14848,0.10714,-0.32493
0.042008,-0.2231,0.043819
-0.23255,-0.00020304,-0.23595
-0.21226,-0.20514,0.055322
0.17215,0.20222,0.031498
0.099569,-0.15237,0.17071
0.37323,0.1226,-0.30786
-0.096429,0.080892,0.47586
-0.32247,-0.16774,0.014594
0.29435,-0.25234,-0.010227
0.104,-0.25141,0.016171
0.055658,0.24193,-0.3067
-0.18401,0.06605,-0.23946
-0.38546,-0.034074,0.092473
0.13602,-0.29574,-0.009406
0.097153,-0.29972,-0.16159
-0.098686,-0.073185,0.18684
-0.39458,-0.10748,0.32937
-0.21129,-0.15439,-0.32668
-0.28304,0.1042,0.13039
-0.30496,0.18326,0.37807
0.32146,0.19532,-0.0020644
-0.3221,0.11588,0.011652
-0.019544,0.087778,0.4753
0.1839,0.22685,-0.33073
-0.27952,0.31597,0.34116
-0.12075,-0.18456,-0.21198
-0.26154,0.12939,-0.15246
-0.014964,-0.16867,0.10792
-0.15735,-0.057438,0.35259
-0.22514,-0.017744,0.37949
0.52437,-0.072286,-0.3153
-0.038075,-0.18446,0.082671
-0.33349,0.089169,0.1696
0.0081028,0.28698,-0.11879
0.39951,0.056398,0.10744
0.3661,0.18714,-0.20823
0.12106,-0.13375,0.18867
0.059714,-0.066255,0.19493
0.18129,-0.29713,-0.24112
-0.15899,-0.23574,-0.069239
-0.049763,0.15594,-0.18541
0.13099,-0.15132,0.17866
0.043689,-0.29371,-0.12612
-0.22387,-0.23741,0.14132
-0.23887,0.16238,0.026121
-0.25318,-0.19925,0.33378
-0.1503,-0.037142,-0.30501
-0.30202,0.17221,0.33848
0.31782,-0.15531,0.148
0.075631,0.27618,-0.021432
-0.096901,0.19886,-0.36335
0.15819,-0.11273,0.20686
0.30528,0.12527,-0.38146
-0.27758,-0.1888,-0.12163
-0.16975,0.10042,0.1791
-0.0013218,0.0030106,-0.37975
0.4304,0.057801,-0.35826
-0.35424,-0.1399,-0.024182
-0.1452,0.12993,-0.20084
-0.14299,0.077221,0.34484
0.029658,0.16967,0.1009
-0.099315,-0.21445,-0.33491
-0.39961,0.014498,0.1671
-0.020473,0.003819,0.19061
0.2401,0.12594,-0.38599
-0.39642,-0.11777,0.29158
-0.14977,-0.14925,-0.38815
0.07282,0.24375,-0.0025717
0.51367,-0.037438,-0.14979
0.44403,0.095288,-0.19792
0.1005,0.23802,0.54344
0.19869,0.19908,0.026317
-0.14555,0.032302,0.43039
0.28937,-0.28185,-0.095456
-0.37424,-0.22804,0.25091
0.30274,-0.25878,-0.24252
-0.012769,0.17176,-0.26088
0.41739,0.116,0.030115
-0.096421,0.16224,-0.17673
-0.25542,-0.22217,-0.066289
-0.17683,-0.15962,-0.38811
0.29321,-0.25997,-0.24286
0.40048,-0.20259,-0.14317
0.35884,-0.19767,-0.28332
-0.34141,-0.2081,0.3109
0.24012,-0.20022,0.10336
-0.26464,0.3802,0.52809
0.4873,-0.11249,-0.18389
-0.28891,-0.04567,0.38137
0.3015,-0.00080792,0.19822
0.42386,-0.17951,-0.063067
0.37565,0.16409,-0.0031945
-0.24714,0.41212,0.4036
-0.021422,0.21279,-0.038788
-0.035303,-0.26015,-0.37495
