83.25,-32.362,-15.612,73.7,9.3632,65.165
97.29,4.3671,-16.76,63.365,-0.84578,64.855
73.16,-31.302,-13.773,83.082,15.366,65.778
63.265,0.014088,1.3721,63.26,0.97056,99.902
73.556,-31.429,-14.274,82.497,15.44,65.889
63.722,9.2154,1.2716,98.641,8.0139,63.609
64.092,6.739,-10.345,75.543,-34.659,82.579
64.945,8.1076,15.181,72.217,31.48,85.247
67.273,-19.323,16.102,82.764,-28.681,71.81
63.317,-2.8383,-1.8872,90.206,30.485,70.002
75.048,1.1797,-35.484,63.282,-1.6228,84.187
67.027,24.307,-3.148,93.874,-6.6375,63.544
84.863,8.6327,-34.094,63.987,-5.7504,73.63
63.276,0.044174,-2.0063,63.278,-2.0787,99.855
67.145,13.751,20.666,74.113,30.246,80.345
74.145,-34.636,-4.6646,84.906,5.0882,63.51
81.034,21.188,29.775,68.567,14.351,71.959
94.951,5.0935,22.654,63.418,1.4518,66.397
72.007,-31.232,-10.978,85.428,13.565,64.996
63.863,8.5762,6.2,88.356,31.137,70.856
64.463,13.453,5.9545,93.246,22.279,66.516
98.351,-13.372,-2.0365,64.244,0.29903,63.277
77.036,25.041,-26.315,72.794,-18.735,71.298
64.964,-13.284,11.084,84.991,-31.633,72.413
94.271,-20.113,-14.11,65.822,3.5309,64.434
84.483,-4.6512,35.066,63.473,-3.2782,74.56
65.087,-10.428,14.505,76.494,-33.642,80.304
76.783,-31.575,17.806,78.146,-15.195,66.633
83.764,-34.846,-7.8413,74.917,4.8399,63.713
65.196,2.6508,18.148,64.14,12.037,95.612
78.273,25.555,26.181,72.323,17.416,70.628
86.881,-17.29,-29.089,65.867,8.6132,69.868
65.002,-14.361,-9.9603,87.659,29.138,70.169
72.228,-2.682,-33.225,63.442,4.6232,87.254
72.61,-33.565,-3.0863,86.878,3.7536,63.381
63.322,-0.17236,-3.5449,63.366,4.5646,99.645
71.343,12.228,-29.958,67.459,-19.959,83.075
67.084,23.059,-8.7502,90.906,-17.794,65.562
76.351,35.683,-5.4792,82.387,-5.1934,63.56
66.696,-22.416,-7.3547,92.181,16.003,65.032
63.313,2.7363,-1.8781,89.757,-31.009,70.356
69.93,-12.655,27.678,68.717,-22.941,83.203
94.662,-7.3173,22.656,63.596,-2.103,66.414
63.296,-2.6627,0.83469,97.148,-17.543,65.021
98.857,10.548,3.765,63.862,0.43111,63.331
92.06,0.014391,28.233,63.255,0.0057447,68.659
63.648,-7.119,-4.7229,89.839,30.054,69.923
68.801,-6.3923,-27.779,64.996,14.925,89.41
74.837,17.547,-30.728,69.076,-19.527,77.343
66.449,-18.272,13.736,85.005,-28.518,70.783
87.264,-14.353,30.31,65.033,-7.4064,70.452
66.575,-20.31,-11.289,88.493,24.055,67.866
63.265,0.048077,-1.3902,63.311,-3.2629,99.82
87.271,-6.7106,-32.853,63.648,3.8337,71.98
68.927,28.597,-2.8552,91.465,-4.7644,63.419
66.41,9.2288,-20.783,69.528,-26.981,86.59
93.917,-24.644,5.3829,67.123,-1.6409,63.424
88.796,-32.107,-1.9066,71.157,0.88636,63.278
63.271,1.7391,-0.21867,99.433,-7.4427,63.552
65.436,4.8276,-18.723,65.829,-19.573,92.818
69.65,-8.3997,28.791,65.828,-17.295,87.203
63.851,-10.467,0.38398,98.954,-2.1467,63.28
63.476,6.4336,-0.098988,99.57,-0.91371,63.26
75.04,1.6656,-35.46,63.309,-2.2904,84.16
89.761,-23.237,20.75,67.334,-7.0643,66.152
66.315,-8.9614,-20.578,69.366,26.828,86.917
63.693,6.9188,-5.7739,86.301,-33.329,72.738
63.73,-4.5859,-8.1766,73.469,33.889,85.393
63.271,-1.5672,0.70729,94.701,-23.672,66.728
77.618,-21.795,29.242,70.289,-17.931,73.285
63.871,-10.385,-2.3474,97.528,12.772,64.184
63.737,-2.1364,9.2054,65.569,-19.591,95.669
95.197,21.474,-7.3572,66.074,-1.8903,63.564
95.807,18.347,10.868,65.279,2.3605,63.929
67.378,-25.4,0.9645,93.773,-1.9406,63.28
63.451,1.503,5.8741,66.069,21.526,95.374
70.599,-28.579,13.02,85.591,-17.696,66.167
66.01,-9.1671,19.388,70.323,-28.397,86.13
92.17,9.3219,-26.479,63.864,-3.4412,67.924
89.833,-2.9697,30.931,63.324,-1.4265,70.285
64.132,11.936,-4.135,95.402,-18.521,65.348
64.247,3.4758,12.94,66.206,21.485,93.996
97.079,12.581,-12.822,64.171,-1.8546,64.18
73.579,9.1499,-33.302,65.103,-13.257,83.467
63.26,-0.9027,-0.1748,98.83,11.298,63.951
74.896,-34.746,6.87,83.696,-7.0961,63.783
72.616,30.66,14.018,83.417,16.209,66.005
63.265,-1.3356,0.15635,99.505,-6.9409,63.513
88.61,32.343,-0.38114,71.331,-0.17957,63.256
66.074,-1.863,-21.582,63.555,6.9428,95.21
64.262,-0.68005,-13.478,63.369,4.5058,98.182
72.009,-32.131,7.9752,86.545,-10.006,64.156
63.381,-1.1609,4.7262,65.875,-20.904,95.761
76.277,21.008,29.325,70.52,19.238,74.33
69.811,-3.0248,-30.097,63.586,6.5664,90.07
73.482,4.4297,34.175,63.697,6.7998,85.42
80.237,-34.303,-12.879,77.028,9.4177,64.691
64.772,-3.6433,15.961,65.381,-18.323,94.412
64.322,0.74951,-13.852,63.385,-4.8134,98.065
63.395,0.40901,-5.1225,63.552,-7.4152,99.238
65.542,3.7227,19.396,64.726,15.156,94.247
63.913,-10.654,-2.7078,97.107,14.208,64.42
81.942,-18.225,31.456,67.015,-12.615,72.809
94.184,-23.451,7.8595,66.731,-2.2695,63.615
64.686,-9.3951,12.867,77.007,-34.305,80.264
68.693,-27.402,7.0671,90.488,-11.933,64.322
65.572,-19.827,1.2749,96.281,-3.5188,63.329
63.343,-3.066,2.6788,85.901,-34.355,73.48
68.289,-17.756,20.986,76.851,-29.296,76.184
80.121,33.333,-15.233,76.418,-10.995,65.301
67.355,-25.216,2.7024,93.551,-5.4421,63.452
63.255,0.11402,-0.14119,79.769,-36.666,79.238
63.556,-0.27959,-7.4911,63.32,3.4667,99.35
81.912,-35.097,9.5071,76.295,-6.4609,63.976
65.16,-1.1966,-18.147,63.44,5.5971,96.721
75.603,11.621,-33.847,65.699,-13.971,80.495
67.669,25.298,-6.503,91.826,-12.404,64.344
76.275,-36.058,-1.0268,82.855,0.9842,63.266
69.43,25.679,14.779,84.978,21.809,67.766
86.351,-28.66,18.716,70.373,-8.8268,65.795
63.284,-0.081755,2.3328,63.313,-3.3032,99.788
88.043,22.672,-23.802,67.451,-8.5356,67.326
64.542,-8.1548,12.779,74.959,-33.815,82.642
74.846,-32.17,-14.748,81.168,14.611,65.813
96.424,4.2206,-19.334,63.361,-0.97292,65.442
63.846,-10.413,0.66162,98.882,-3.7117,63.33
63.65,-8.3988,1.6855,98.156,-11.518,63.996
63.255,-0.0038756,0.13183,63.296,-2.7768,99.861
70.327,24.435,-19.116,80.809,-24.483,70.353
83.925,-32.139,15.416,73.21,-8.9007,65.073
63.258,-0.003341,0.72653,63.256,-0.43493,99.919
99.259,-1.4461,-8.7612,63.266,0.13694,63.668
77.473,-3.7712,-36.243,63.479,4.3057,81.299
64.662,-15.058,4.8039,95.09,-16.912,65.025
73.381,-34.027,-4.9166,85.729,5.6433,63.555
78.137,-27.787,23.769,73.956,-16.983,69.189
84.776,-3.4638,35.047,63.374,-2.4059,74.419
84.498,34.894,-5.7526,74.521,-3.4338,63.495
63.322,-2.1448,-2.8486,78.476,36.51,80.458
64.132,9.8106,7.951,86.308,32.377,72.233
63.464,-6.2482,-0.39159,99.48,3.7138,63.329
63.671,5.756,-6.645,80.688,-35.903,77.824
66.427,-19.031,12.542,86.742,-26.765,69.389
80.361,-11.657,34.726,64.981,-10.146,76.566
92.062,-2.7004,28.101,63.307,-1.0719,68.602
73.237,-31.52,13.43,83.18,-14.946,65.632
63.255,0.0008539,-0.17127,63.256,-0.47162,99.923
89.337,26.374,17.427,68.56,6.7401,65.277
89.409,23.024,21.549,67.323,7.3851,66.423
67.046,10.23,-22.329,69.634,-26.573,85.639
65.387,-16.092,10.358,88.2,-27.571,69.327
65.043,17.544,-2.0427,96.803,-6.4585,63.5
64.061,-11.811,-2.7498,97.162,13.034,64.235
68.045,-6.3155,-26.22,65.23,16.151,90.079
89.218,31.249,-5.5382,70.627,-2.4767,63.451
94.667,-11.751,20.695,64.129,-3.0587,65.858
74.041,-34.138,-7.1416,84.558,7.7902,63.862
80.945,36.553,0.63464,78.083,0.46601,63.258
90.806,-29.064,-7.1147,69.264,2.8142,63.569
63.404,-3.6534,-3.8305,82.639,35.88,76.306
63.258,-0.65595,0.32488,93.838,-25.358,67.355
65.191,-3.7299,17.936,65,-16.559,94.354
63.854,6.9396,7.8881,80.811,35.577,77.482
74.964,-11.604,33.504,65.834,-14.601,81.015
66.518,10.285,-20.65,70.715,-28.376,84.999
63.542,-0.98021,-7.2592,64.084,12.196,98.187
79.318,4.4493,-36.397,63.528,-4.4537,79.346
78.498,-5.2114,-36.241,63.651,5.4947,80.02
65.992,-3.6441,-21.072,64.431,13.481,94.032
64.374,-12.823,6.0658,92.789,-23.495,66.936
72.715,24.84,22.93,76.945,23.026,71.46
64.067,-2.6713,-11.873,65.402,18.77,95.42
76.144,-20.193,-29.829,70.066,19.145,74.941
65.711,20.359,-1.1117,96.109,-2.9748,63.308
74.24,-8.3902,33.992,64.712,-11.676,83.223
64.258,-9.1999,-9.8352,81.543,34.717,76.305
81.76,1.2993,-36.376,63.275,-1.1137,77.284
66.589,13.003,-19.309,74.592,-31.112,80.495
65.347,-18.15,5.5351,94.341,-15.837,64.854
66.905,1.9471,-24.101,63.507,-6.2235,94.099
92.541,-14.076,23.644,64.614,-4.5172,66.866
93.86,25.224,-2.3009,67.31,-0.7175,63.286
68.803,-7.1733,-27.59,65.439,16.518,88.802
65.292,-18.138,4.7468,95.012,-13.844,64.45
63.603,5.0523,6.2678,79.467,36.122,79.104
66.203,-19.219,10.886,88.731,-24.717,68.063
71.235,30.607,10.091,86.565,13.302,64.838
80.237,15.079,33.394,66.14,12.501,75.339
87.109,6.3749,-33.052,63.612,-3.6951,72.154
94.945,-16.441,16.414,64.938,-3.3169,64.848
64.663,12.842,9.2269,87.544,30.061,70.628
75.303,-32.135,-15.41,80.476,14.749,65.976
65.879,17.41,11.734,87.062,27.703,69.709
67.021,4.1152,24.147,64.337,12.596,92.724
63.255,-0.058224,-0.024466,95.326,22.419,66.307
63.261,1.0618,-0.090316,99.7,-5.0667,63.392
71.176,-27.647,16.417,82.907,-20.573,67.755
84.6,31.35,-16.252,72.438,-8.9174,65.242
99.357,6.6313,-4.8309,63.492,-0.34389,63.38
63.271,-0.081619,-1.7294,63.36,4.4436,99.735
63.632,-7.5779,3.5613,93.84,-24.063,66.958
63.264,-1.1725,-0.4984,95.221,22.614,66.371
72.503,33.544,2.0163,87.105,2.4747,63.309
70.643,-27.096,15.995,83.492,-20.997,67.788
65.791,17.362,-11.236,87.674,-27.203,69.315
95.244,-7.3248,-21.378,63.589,1.9434,66.016
65.785,16.062,12.994,84.632,30.22,71.812
96.788,-5.198,-18.07,63.414,1.1044,65.142
69.445,-4.4087,-29.323,63.999,9.8399,89.961
90.839,-19.389,22.736,65.993,-6.2882,66.695
84.133,-27.237,-22.842,70.469,11.48,67.438
65.387,18.953,2.6594,96.132,7.6485,63.607
67.857,-3.6915,26.295,63.965,-10.063,92.114
68.369,27.498,-2.9252,92.176,-5.1878,63.444
67.626,19.598,17.113,81.778,28.685,72.296
76.324,-23.971,-26.981,72.537,19.558,72.218
74.283,32.081,14.096,81.953,14.557,65.677
66.922,-22.342,9.3679,90.472,-19.39,66.036
70.184,29.223,9.7825,87.73,14.1,64.934
83.025,-15.791,-32.37,65.926,10.727,73.047
81.598,-34.024,-13.036,75.793,8.8125,64.649
63.862,1.781,10.417,64.543,14.915,97.001
64.62,14.566,-5.5391,94.151,-19.643,65.716
93.505,-25.949,0.38403,67.597,-0.12439,63.256
92.12,-28.144,-0.29829,68.614,0.10916,63.256
68.795,-21.347,18.872,80.583,-27.344,72.121
68.174,-27.186,-1.8273,92.604,3.3201,63.331
63.452,-4.794,-3.7278,87.702,32.722,71.847
83.374,-28.699,21.538,71.542,-11.719,67.03
63.322,3.542,0.34436,99.539,5.7692,63.433
69.346,24.391,-16.566,83.357,-24.014,69.167
71.795,32.448,5.2837,87.488,6.7989,63.654
72.91,14.722,30.627,68.27,20.101,80.324
99.777,2.8269,3.108,63.297,0.093272,63.306
64.857,-10.834,12.827,79.308,-34.166,77.73
76.822,-36.261,0.15131,82.278,-0.1404,63.255
63.273,-1.0513,-1.5054,77.208,36.347,81.844
98.07,7.1531,-12.778,63.543,-1.0247,64.16
66.627,18.224,-14.666,83.876,-29.108,71.545
82.737,-32.273,-16.215,73.935,9.9573,65.36
81.672,-15.694,32.864,66.109,-11.696,74.051
84.336,19.206,-29.794,66.9,-11,70.865
92.286,-25.919,-10.33,67.797,3.4992,63.902
68.844,2.7589,-28.452,63.58,-6.691,91.343
88.482,-1.3861,32.437,63.271,-0.74277,71.417
74.601,9.7235,-33.876,65.139,-12.936,82.277
96.138,-16.166,12.637,64.813,-2.4063,64.166
64.75,-10.827,12.133,80.323,-34.189,76.874
67.147,-23.032,9.2678,90.465,-18.605,65.82
64.69,10.428,-12.072,79.818,-34.371,77.433
63.482,4.3231,4.8784,81.252,36.12,77.514
64.289,-9.2963,-10.017,81.38,34.71,76.42
69.462,-26.07,14.19,85.453,-21.026,67.358
63.84,-3.8627,-9.6365,69.313,28.907,90.356
67.229,22.952,-10.013,89.81,-19.744,66.219
63.621,5.3888,-6.2435,80.666,-35.991,77.907
69.977,-12.584,-27.789,68.62,22.768,83.265
64.647,-14.397,6.3312,93.053,-22.012,66.464
84.596,34.855,5.6755,74.443,3.3698,63.488
63.413,-0.21223,5.4379,63.326,-3.6517,99.564
73.351,3.3906,34.188,63.518,5.2947,85.815
72.068,-8.5573,32.046,65.168,-14.117,85.131
74.729,-1.2758,35.298,63.288,-1.7983,84.539
65.302,-16.753,8.5083,90.93,-23.833,67.334
67.152,-23.213,8.8474,90.793,-17.809,65.577
71.211,32.122,2.1979,88.66,2.9784,63.328
71.033,-21.103,24.024,75.546,-25.707,74.506
63.736,-9.4281,0.45754,99.102,-2.85,63.299
81.286,-19.396,-30.92,67.666,13.606,72.69
82.99,-35.925,2.7399,76.095,-1.7933,63.312
68.446,23.219,15.308,84.596,24.59,69.05
72.41,0.13179,-33.515,63.255,-0.22495,87.291
63.733,-5.1556,-7.8716,75.847,35.258,82.711
96.566,-19.266,-2.382,65.423,0.5272,63.287
64.534,13.251,-7.2662,91.107,-25.876,68.002
98.999,-9.2916,4.7637,63.724,-0.47921,63.377
63.269,-1.4274,0.73344,93.444,-26.012,67.628
83.68,-34.108,10.724,74.513,-6.5444,64.122
86.42,31.217,-13.924,71.595,-7.0064,64.621
63.255,-0.066036,0.075777,81.142,-36.526,77.898
72.824,-33.895,0.80874,86.784,-0.9706,63.263
63.388,2.8356,-4.1272,76.855,-36.085,82.07
72.804,-33.885,-0.29583,86.818,0.35559,63.256
63.301,-0.14896,-2.941,63.376,4.7585,99.663
75.139,35.538,1.0368,84.106,1.0658,63.267
63.258,-0.66238,0.32799,93.84,-25.354,67.354
67.651,-20.251,-16.43,82.78,27.946,71.394
64.579,-15.347,0.59789,97.834,-2.218,63.283
67.302,-25.222,0.45346,93.908,-0.92232,63.261
82.537,-31.433,-17.922,73.535,10.904,65.875
79.455,36.382,-4.5864,79.322,-3.6406,63.438
64.009,-11.66,1.3961,98.336,-6.9023,63.52
68.405,-11.824,25.079,69.472,-25.191,84.134
64.411,13.541,4.9332,94.711,19.114,65.539
94.646,-16.776,16.939,65.026,-3.5276,64.964
63.592,6.919,3.8682,92.085,27.19,68.277
85.07,15.878,31.251,65.673,9.3431,71.565
64.307,13.692,1.5412,97.929,6.4242,63.488
63.425,2.9644,-4.814,75.044,-35.283,84.001
66.16,21.355,5.0686,94.095,12.241,64.224
63.761,9.3389,-2.5386,97.089,-15.189,64.586
65.422,-19.06,-2.9077,95.985,8.2838,63.67
88.478,2.9162,32.34,63.325,1.557,71.36
73.874,10.998,32.972,65.83,15.137,82.215
92.692,-26.75,-5.3736,68.006,1.8423,63.427
63.26,-0.73745,0.66707,85.389,-34.853,74.017
97.98,-13.825,5.7731,64.326,-0.88668,63.437
71.313,-30.831,-9.7032,86.652,12.739,64.702
92.84,-16.965,-21.071,65.196,4.7506,66.056
99.463,2.7214,-6.8888,63.295,-0.20115,63.509
65.947,21.026,-2.9462,95.323,-7.4753,63.602
68.934,12.574,25.857,69.598,24.9,83.336
67.566,-3.7524,25.601,64.04,-10.644,92.404
72.215,-26.682,19.958,79.674,-22.031,69.489
65.255,15.093,-10.853,86.882,-29.358,70.522
85.874,-28.821,19.066,70.615,-9.2302,65.933
99.759,-1.4026,-4.224,63.265,0.062965,63.35
69.925,-15.307,26.295,71.11,-25.495,80.409
95.199,13.637,-18.141,64.406,-3.0363,65.208
73.855,-33.598,8.8487,84.315,-9.7078,64.207
81.696,23.085,-28.161,69.274,-14.047,70.647
65.966,21.208,-1.9398,95.594,-4.9151,63.404
63.299,-0.10438,2.8758,63.317,-3.4178,99.758
98.921,-8.8248,6.3348,63.679,-0.60728,63.471
75.638,-31.357,-17.279,79.301,15.895,66.657
64.006,-11.448,-2.5053,97.413,12.329,64.125
82.684,-32.447,-15.905,74.074,9.8313,65.28
65.684,-18.782,7.6696,92.242,-19.955,65.99
78.622,36.056,6.4424,79.919,5.3343,63.631
66.402,22.177,-4.9118,93.939,-11.372,64.097
63.258,0.0021394,-0.75337,63.255,-0.26859,99.92
90.87,-11.882,27.373,64.296,-4.7557,68.432
68.068,15.14,22.38,73.839,29.048,79.549
89.486,-5.7456,-30.924,63.515,2.7938,70.345
63.268,1.0449,-1.1677,81.611,-36.411,77.434
73.122,-32.574,-10.308,84.594,11.802,64.636
70.832,31.588,2.8565,89.056,3.9905,63.383
73.116,-33.976,-3.5384,86.233,4.1484,63.413
68.04,20.807,17.143,82.21,27.632,71.479
68.244,-22.057,-16.247,83.478,26.184,70.183
73.301,28.285,19.429,79.59,20.139,68.532
86.007,32.66,11.016,72.512,5.8462,64.109
66.715,-1.7153,23.584,63.462,-5.6716,94.434
72.691,31.095,13.202,83.77,15.287,65.66
63.549,-2.4991,6.9769,68.346,-27.366,92.054
64.82,16.208,3.6311,96.153,12.219,64.149
94.785,-17.709,15.539,65.215,-3.3882,64.681
71.315,-22.766,22.946,76.898,-25.061,72.908
63.264,-0.046241,-1.2947,63.315,3.3695,99.816
64.024,-9.6037,6.9475,88.164,-30.948,70.833
63.653,6.2951,5.8531,84.521,34.571,74.316
63.256,-0.47651,-0.0058062,99.919,0.72955,63.258
84.038,-33.02,-13.285,73.664,7.7839,64.586
70.247,22.301,-21.402,78.313,-26.123,72.678
98.944,-4.2076,9.8799,63.352,-0.45356,63.785
63.29,0.96146,-2.3689,69.613,-29.899,90.749
69.469,13.298,26.549,69.707,24.571,82.565
63.256,-0.0048404,0.40834,63.262,-1.121,99.913
68.428,-23.81,14.298,85.625,-23.357,68.239
69.346,25.468,14.857,84.938,22.069,67.88
85.363,-18.046,29.849,66.316,-9.8916,70.628
78.348,6.7411,35.97,63.924,7.1013,79.831
66.019,10.881,-18.516,72.987,-30.913,82.976
85.256,34.016,-7.9995,73.608,-4.527,63.711
69.55,-25.527,-15.43,84.379,22.341,68.129
63.463,5.6669,2.6378,94.157,24.047,66.909
67.116,20.649,13.638,85.969,26.041,69.295
73.694,33.829,-7.3822,84.876,-8.2346,63.921
87.111,-21.401,25.98,67.172,-9.2326,68.329
64.455,-14.57,1.6879,97.684,-6.5712,63.501
68.319,-26.387,-7.9252,90.457,13.883,64.697
86.778,16.524,-29.62,65.656,-8.4511,70.174
97.883,-3.3088,-14.977,63.317,0.56122,64.511
63.34,-2.2454,3.3254,76.594,-36.069,82.411
64.482,13.692,-5.6707,93.743,-21.147,66.144
64.575,-12.327,9.1274,87.207,-30.6,70.998
87.671,-10.904,-31.357,64.267,5.7765,70.961
63.28,-0.20583,2.1472,63.684,-8.9135,99.214
77.736,-14.79,-33.364,66.557,14.529,77.276
94.32,-19.902,14.247,65.764,-3.5242,64.457
82.033,-17.074,-32.068,66.549,12.066,73.238
89.026,28.328,-14.739,69.422,-6.132,64.692
93.856,-21.819,-12.879,66.313,3.5268,64.24
63.263,-1.2348,0.069262,99.818,-3.3506,63.315
64.26,13.076,-3.2653,96.655,-13.799,64.373
66.682,-20.878,10.896,88.985,-22.973,67.381
63.968,-9.4612,6.4123,89.162,-30.015,70.101
71.303,26.576,-18.376,81.305,-22.191,68.966
70.308,-30.885,-2.6333,89.737,3.8495,63.371
77.159,21.814,29.09,70.544,18.435,73.455
95.246,-21.402,7.2388,66.05,-1.8509,63.554
64.097,-12.201,-2.1412,97.741,9.9689,63.819
83.903,-2.8708,35.539,63.341,-2.1211,75.233
92.582,-14.911,23.052,64.776,-4.6459,66.67
66.086,18.832,10.784,88.753,25.007,68.167
99.581,-6.1789,-1.6808,63.459,0.11071,63.27
63.28,0.18954,2.1678,63.612,8.1517,99.324
63.299,0.56883,-2.8329,65.058,-17.711,97.088
72.181,-17.92,28.051,71.162,-23.378,77.838
64.099,1.7479,-12.275,64.148,-12.451,97.237
63.28,1.4856,1.5899,82.381,36.187,76.696
72.066,33.033,2.972,87.539,3.7636,63.377
97.871,-5.3629,-14.417,63.418,0.87462,64.417
97.575,0.50835,-16.394,63.257,-0.095505,64.777
85.209,-34.959,0.97853,74.172,-0.56618,63.262
63.397,-0.40237,-5.1509,63.539,7.2574,99.256
63.286,-1.3098,2.0124,76.02,-35.93,83.107
63.684,6.4905,-6.1158,84.261,-34.652,74.51
70.774,-3.178,-31.48,63.571,6.2486,88.865
64.181,12.966,0.013152,98.483,0.058684,63.255
81.942,-33.114,-15.002,74.955,9.7739,65.097
63.476,6.4347,-0.15693,99.559,-1.4479,63.266
65.008,17.275,2.8371,96.491,9.0369,63.74
63.401,-1.638,4.9708,67.697,-26.073,93.154
94.089,13.587,20.878,64.447,3.6301,65.936
66.175,19.115,10.884,88.708,24.828,68.109
88.385,-13.286,29.724,64.703,-6.4084,69.913
86.406,-7.9099,33.264,63.824,-4.7608,72.501
65.697,-20.158,-2.7063,95.725,7.2398,63.575
64.161,12.819,-0.51922,98.466,-2.3424,63.286
66.415,10.788,-20.035,71.678,-29.447,83.988
63.409,4.1533,3.427,86.789,33.572,72.652
64.688,-11.283,-11.265,82.333,33.682,75.07
69.994,21.638,21.54,78.022,26.618,73.212
65.82,20.367,4.141,94.946,10.736,63.978
65.29,-13.229,13.272,81.718,-32.863,74.938
78.554,-23.678,-27.936,70.959,17.192,71.728
69.078,29.014,-0.054498,91.502,-0.089734,63.255
73.59,-33.858,-6.8544,85.115,7.7142,63.833
81.543,-32.314,16.86,74.693,-11.022,65.645
63.257,0.0022229,-0.5714,63.256,-0.36797,99.921
63.264,-1.2762,0.27536,98.571,-12.509,64.115
64.071,10.19,-6.702,89.453,-29.415,69.761
63.255,0.0013591,-0.28708,63.256,-0.44783,99.923
68.491,-23.331,15.301,84.61,-24.474,68.994
64.602,15.444,-1.1543,97.683,-4.2397,63.358
76.773,-33.375,14.14,79.723,-12.513,65.324
63.261,-0.002675,1.0668,63.255,-0.23712,99.915
74.107,32.953,-11.562,83.162,-12.298,64.875
88.561,-32.37,1.1902,71.362,-0.56226,63.264
91.999,-7.4522,27.323,63.647,-2.8683,68.281
78.729,-22.789,28.687,70.335,-16.927,72.203
63.574,-7.572,-1.4873,98.318,11.318,63.966
86.893,9.8931,32.351,64.121,5.6269,71.759
98.19,-9.7454,-10.302,63.785,1.1166,63.838
64.691,-9.4213,12.879,77.034,-34.303,80.231
91.498,6.6347,28.252,63.573,2.6993,68.736
67.235,3.5178,-24.808,64.004,-10.505,92.91
63.292,-2.3924,-1.1133,94.395,24.2,66.922
99.004,2.9876,9.9772,63.304,0.3248,63.795
92.524,3.5662,-27.311,63.343,-1.3493,68.22
98.591,12.214,2.5815,64.075,0.34428,63.291
65.27,-4.4253,18.123,65.603,-18.886,93.374
91.43,-10.41,27.187,64.037,-4.0576,68.289
87.26,-23.617,-23.815,67.962,9.1648,67.419
91.804,-26.327,-11.168,68.027,3.9065,64.021
76.746,21.707,29.017,70.706,18.872,73.68
65.162,-9.1161,15.744,73.206,-32.035,83.815
63.86,9.135,5.281,91.351,27.49,68.537
84.801,-31.56,-15.597,72.461,8.521,65.067
67.422,-5.6183,24.899,65.063,-15.8,91.145
65.605,-19.96,1.1363,96.257,-3.1135,63.313
69.167,27.938,-8.4004,89.389,-13.418,64.667
91.756,19.928,-20.605,66.037,-5.6316,65.985
63.797,9.9956,-0.33724,99.043,-1.9786,63.276
64.135,4.9293,11.653,69.771,29.371,89.349
71.47,20.386,25.321,74.187,25.155,75.408
68.969,27.646,-8.1301,89.717,-13.269,64.616
67.983,-23.08,-13.687,86.235,23.623,68.2
63.265,-0.23586,-1.3696,64.602,15.483,97.826
63.878,10.709,0.034181,98.95,0.18676,63.255
71.923,13.997,-29.901,68.339,-20.914,81.344
69.889,-28.65,10.073,87.863,-14.88,65.111
64.763,-16.223,-1.8384,97.239,6.3562,63.489
98.38,6.8471,-11.528,63.516,-0.87587,63.985
69.387,17.846,-23.558,74.619,-27.718,77.222
65.837,-1.686,20.776,63.524,-6.6199,95.6
65.297,-16.733,8.5034,90.93,-23.847,67.338
63.365,0.11762,-4.5533,63.286,-2.4267,99.702
67.113,-23.526,7.6551,91.672,-15.627,64.986
70.689,-0.42226,-31.525,63.261,0.84552,89.408
67.236,-23.374,9.0315,90.606,-17.946,65.631
93.962,-20.237,14.923,65.883,-3.7993,64.586
63.449,-2.384,-5.5342,70.202,30.656,89.763
63.359,-0.71338,4.3597,64.47,-14.711,97.882
63.372,-4.5449,-1.1614,97.896,14.571,64.447
63.535,-7.2058,0.58344,99.292,-4.7767,63.378
64.022,7.7352,-8.9655,80.332,-35.378,77.741
93.243,-26.353,-1.4962,67.774,0.49602,63.268
63.358,-3.6146,-2.5183,89.486,31.194,70.519
69.637,13.914,-26.545,70.104,-24.855,81.899
67.644,23.296,-11.682,88.21,-21.487,67.007
86.245,-30.175,16.319,71.142,-8.0576,65.163
65.044,-17.333,-3.4352,96.112,10.798,63.955
64.025,-9.5037,-7.0967,87.691,31.409,71.214
64.962,16.793,-4.1163,95.695,-13.208,64.316
63.255,5.3292e-05,0.064555,63.255,0.078094,99.925
63.386,3.8238,3.1713,86.729,33.668,72.728
63.263,-0.0074805,-1.2062,63.257,0.58639,99.91
63.971,10.546,-4.4642,94.272,-21.94,66.298
64.961,1.8526,-17.185,63.749,-9.1375,96.547
63.989,-10.704,4.4474,94.392,-21.607,66.195
63.285,-2.2761,-0.73038,97.045,17.911,65.101
81.837,-7.443,35.611,63.902,-6.1558,76.455
99.762,1.0254,4.2874,63.261,0.046724,63.353
66.684,23.111,-4.5562,93.799,-10.082,63.922
94.109,4.1915,24.518,63.369,1.3364,67.043
69.37,-28.255,8.571,89.105,-13.408,64.683
82.809,34.402,-10.919,75.227,-6.9951,64.182
76.125,22.497,-28.123,71.625,-19.703,73.329
63.482,-6.1817,-2.0578,96.561,18.35,65.225
63.397,0.24929,-5.1644,63.364,-4.5139,99.529
85.33,23.145,26.121,68.225,10.81,68.678
80.679,-33.475,-14.788,76.085,10.38,65.133
63.587,6.7461,-4.0431,91.253,-28.412,68.905
64.787,15.301,-6.0218,93.694,-20.067,65.867
63.261,-0.55948,0.88198,75.615,-35.784,83.584
63.308,2.6174,-1.7965,89.763,-31.015,70.357
86.371,33.745,5.66,72.928,3.0297,63.475
66.149,-20.993,6.2778,93.324,-15.086,64.766
66.268,-6.2256,-21.407,66.322,20.606,90.971
75.275,11.628,-33.673,65.773,-14.305,80.754
84.229,-32.509,14.264,73.268,-8.1867,64.787
66.895,-22.158,-9.6114,90.265,19.926,66.214
65.21,-2.607,18.216,64.105,-11.801,95.644
91.966,-25.874,11.63,67.84,-3.9824,64.084
89.75,18.826,-24.837,65.962,-6.9968,67.536
66.852,-22.556,8.2949,91.385,-17.505,65.445
94.963,-19.808,12.068,65.682,-2.9026,64.101
64.046,-10.24,-6.2963,90.363,28.336,69.085
75.638,24.303,-26.291,73.316,-20.274,72.099
66.028,20.513,6.4659,93.26,15.873,64.93
96.98,-11.579,14.113,64.035,-1.8896,64.383
97.2,15.185,8.8918,64.58,1.5359,63.694
63.346,-3.9932,-1.0553,97.815,15.04,64.527
73.836,-31.337,-14.972,81.915,15.799,66.105
88.345,-9.3074,31.239,63.971,-4.7813,70.746
63.958,-10.598,4.0647,95.013,-20.288,65.794
70.356,-11.977,-28.664,67.869,21.333,83.732
64.955,-15.483,7.628,91.658,-23.65,67.155
66.637,3.3468,-23.18,64.056,-11.031,93.667
65.323,16.104,-9.8498,88.899,-26.845,68.849
65.421,10.676,16.048,75.084,32.759,81.395
64.234,13.114,-2.2957,97.54,-9.8935,63.814
68.541,10.843,-25.817,68.384,-23.509,85.302
68.851,-28.029,-5.6821,90.846,9.488,63.921
64.917,-15.309,7.5696,91.673,-23.747,67.184
80.679,-35.487,-8.9418,77.527,6.5302,63.923
63.378,4.7743,-0.5778,99.3,-7.1411,63.53
65.608,18.137,-8.4342,91.34,-22.104,66.719
74.936,35.128,4.7037,84.023,4.8744,63.5
63.26,0.063543,0.99531,63.447,5.995,99.615
92.261,-27.81,-2.6786,68.463,0.96515,63.298
84.197,33.866,-10.7,74.076,-6.3387,64.104
65.247,18.286,-3.1727,96.058,-9.4393,63.792
77.409,-34.065,-12.895,79.581,11.093,64.902
64.224,-12.925,2.8933,97.03,-12.49,64.16
74.798,13.29,32.77,66.669,16.402,80.177
91.005,-28.774,-7.2373,69.102,2.8169,63.578
94.596,-17.326,16.519,65.146,-3.5532,64.879
63.716,6.7959,6.2703,84.591,34.406,74.181
63.257,0.01877,-0.55127,63.31,-3.2142,99.836
63.315,-0.19474,-3.3706,63.412,5.4166,99.583
83.179,-35.948,0.85656,75.983,-0.55576,63.261
68.312,26.864,6.0515,91.33,10.704,64.085
78.863,-19.43,-31.073,68.427,15.916,74.091
64.769,15.101,-6.287,93.316,-20.998,66.152
68.89,-17.123,22.997,74.677,-28.333,77.718
66.552,-15.459,-17.26,78.964,31.588,76.08
63.284,-0.046152,-2.3555,63.273,1.8494,99.85
89.124,28.718,13.733,69.558,5.7552,64.494
92.496,-27.239,-4.3583,68.213,1.529,63.368
79.645,29.624,21.611,74.165,14.747,67.687
96.537,-9.8439,-16.822,63.829,1.9519,64.887
82.225,-18.227,31.366,66.954,-12.38,72.624
65.851,-20.178,5.4229,94.14,-13.878,64.496
78.088,-31.575,-18.427,76.837,14.451,66.636
80.51,31.817,-18.122,75.06,-12.39,66.162
63.999,-11.537,-1.7447,98.11,8.6695,63.676
82.254,30.496,-19.632,73.125,-11.85,66.472
95.649,-21.016,-5.3693,65.913,1.3307,63.418
83.096,-7.364,35.229,63.843,-5.5993,75.366
63.268,0.4888,-1.4581,67.862,-26.555,93.122
76.942,-18.428,-31.272,68.625,17.511,75.722
85.902,32.677,11.185,72.567,5.9658,64.139
63.255,-8.6135e-05,0.085696,63.255,-0.095083,99.925
64.193,-13.034,0.4133,98.437,-1.8325,63.274
67.58,25.626,3.8154,92.979,7.4363,63.631
85.726,13.713,-31.825,65.007,-8.0236,71.745
66.985,-10.764,21.894,70.396,-27.576,84.789
98.176,-1.0785,-14.194,63.262,0.17175,64.375
93.664,13.563,-21.801,64.463,-3.8464,66.219
98.293,-12.13,6.5106,64.072,-0.87131,63.485
63.492,-0.74181,-6.6224,63.831,10.242,98.653
71.215,5.9236,31.653,64.283,10.903,87.336
72.98,-33.151,-7.7443,85.557,9.0618,64.033
67.261,-24.785,4.1055,93.285,-8.3472,63.722
64.817,1.506,16.529,63.613,7.8247,96.969
69.839,6.8212,-29.515,64.913,-14.161,88.193
63.642,-0.0073347,8.4787,63.255,-0.080181,99.318
70.894,-27.951,15.161,83.975,-19.703,67.16
76.639,-36.202,0.27371,82.474,-0.25675,63.256
97.499,11.082,-12.433,63.957,-1.5659,64.118
63.489,5.1755,4.1182,87.294,32.989,72.141
69.87,-12.528,-27.633,68.661,22.91,83.342
82.732,22.099,-28.57,68.472,-12.976,70.579
66.738,1.8097,23.644,63.483,5.9557,94.369
88.261,-0.13627,32.674,63.255,-0.074339,71.615
89.336,30.751,7.3331,70.37,3.2218,63.599
65.922,11.764,-17.57,74.889,-32.052,80.987
82.759,26.418,24.618,70.582,12.946,68.448
82.709,-28.87,21.719,71.942,-12.281,67.194
63.863,-10.348,-2.2207,97.676,12.171,64.095
65.716,-11.713,-16.713,75.699,32.594,80.371
82.753,36.055,2.0287,76.343,1.3466,63.286
63.31,-1.7322,-2.728,75.601,35.712,83.534
63.734,-7.7817,5.3098,89.342,-30.403,70.216
81.578,-33.349,-14.689,75.352,9.8018,65.042
89.691,24.315,-19.598,67.722,-6.9633,65.824
73.893,-25.079,24.085,75.671,-21.891,71.504
65.263,2.8891,18.399,64.27,12.825,95.322
91.264,-28.867,5.2048,69.077,-2.0109,63.421
95.09,-6.1871,22.077,63.495,-1.7075,66.22
88.613,-31.287,-8.1928,70.839,3.7594,63.693
64.369,-13.316,4.808,94.825,-19.003,65.504
78.27,-13.657,-33.941,65.973,13.23,77.429
89.072,30.098,-10.529,70.163,-4.5955,63.976
85.847,-18.956,-28.915,66.543,9.7839,69.99
71.068,17.191,-27.014,71.609,-24.725,78.564
63.387,1.7021,-4.6807,68.522,-27.853,92.053
95.787,19.866,-7.8736,65.623,-1.8433,63.606
86.104,33.566,7.5374,72.953,4.0661,63.65
78.602,35.696,8.1964,79.644,6.7518,63.868
68.496,9.4725,-26.254,67.24,-21.434,86.811
71.298,-7.8802,-31.327,65.045,14.033,86.214
69.8,30.052,3.2812,90.282,5.0183,63.447
72.599,-20.68,-26.605,73.137,23.71,75.3
66.69,-23.254,-3.8701,94.068,8.5765,63.733
69.565,17.185,-24.41,73.561,-27.225,78.132
79.325,-24.368,-27.4,70.98,16.427,71.01
64.301,9.6422,-9.7849,82.404,-34.35,75.457
67.793,-22.858,13.225,86.697,-23.458,68.026
80.155,-33.657,-14.498,76.625,10.514,65.097
63.719,8.789,-2.9394,96.192,-18.259,65.232
83.719,20.738,29.105,67.626,11.873,70.62
74.153,-20.538,-28.284,71.612,21.674,75.292
71.784,-25.11,-21.201,78.688,23.505,70.784
63.311,0.03386,-3.2451,63.26,-0.98396,99.829
71.14,-31.142,-7.8251,87.539,10.511,64.202
63.271,0.0014362,-1.7123,63.255,-0.079281,99.901
70.813,14.214,-28.326,69.275,-22.95,81.503
63.383,4.2523,-2.43,92.096,-27.802,68.494
63.454,5.9257,-1.4822,97.846,-14.246,64.397
86.368,-6.8826,33.519,63.687,-4.1911,72.688
84.079,-29.73,19.533,71.791,-10.549,66.238
80.039,-24.706,-27.077,70.829,15.713,70.527
74.406,35.053,2.2021,84.875,2.3705,63.311
80.492,-36.356,-4.3633,78.33,3.2703,63.413
67.178,-4.1001,24.569,64.286,-12.253,92.581
71.444,-29.59,13.388,84.717,-16.961,66.058
85.733,12.641,32.261,64.746,7.5251,72.028
97.935,-14.931,2.5677,64.504,-0.42542,63.291
99.546,-4.2579,5.1953,63.352,-0.23647,63.399
93.722,1.4206,-25.534,63.268,-0.47964,67.427
99.572,-5.2442,-3.8067,63.402,0.21305,63.332
87.437,-4.187,-33.132,63.407,2.4022,72.116
97.131,-17.758,-1.3189,65.065,0.2651,63.265
68.84,-5.7073,28.003,64.636,-13.41,89.856
68.758,-22.425,17.464,82.285,-26.213,70.667
63.313,-0.080218,3.3046,63.283,-2.287,99.79
64.739,14.494,-7.2408,91.804,-24.088,67.273
63.594,7.7221,-1.8994,97.691,-13.954,64.357
94.025,24.977,-1.6145,67.208,-0.49608,63.27
75.458,-35.066,-6.7853,83.114,6.7672,63.751
66.328,17.058,-14.65,83.215,-30.173,72.438
70.193,-21.427,22.167,77.364,-26.531,73.626
78.445,-9.4907,-35.356,64.565,9.6614,78.941
69.056,27.526,9.0511,89.167,14.565,64.932
66.605,-22.88,4.5458,93.892,-10.188,63.933
73.952,-32.318,12.946,82.755,-13.782,65.331
66.643,23.293,2.5908,94.523,5.8052,63.471
71.457,-16.351,-28.078,70.494,23.585,79.372
82.401,6.2068,-35.69,63.69,-4.9902,76.183
97.422,-2.3625,16.739,63.287,-0.45543,64.848
66.776,11.241,21.002,71.452,28.872,83.797
92.546,17.521,21.207,65.348,4.9852,66.111
73.091,8.1339,-33.156,64.796,-12.417,84.42
73.939,-27.656,21.13,78.033,-20.443,69.297
64.779,-14.396,7.8635,90.843,-25.562,67.942
95.116,14.748,17.482,64.604,3.1647,65.066
75.529,-34.411,-9.699,82.356,9.5188,64.277
94.23,-24.313,-4.0427,66.978,1.2037,63.349
65.903,21,-1.8113,95.71,-4.6495,63.387
69.938,-11.37,-28.244,67.692,21.323,84.452
64.695,-10.452,12.088,79.831,-34.361,77.414
65.531,-19.531,2.6273,95.965,-7.3005,63.578
99.608,4.001,4.661,63.34,0.19897,63.371
63.857,10.454,-1.2805,98.549,-7.0982,63.533
90.176,26.582,15.324,68.452,5.7642,64.772
94.786,-11.617,20.495,64.106,-2.9819,65.799
82.975,-27.158,-23.684,70.884,12.591,67.978
65.517,-19,-5.0306,94.656,13.87,64.47
86.789,-32.358,10.139,72.025,-5.1613,63.961
63.716,5.8662,7.1422,79.71,35.934,78.723
63.4,4.8818,1.8559,95.862,20.576,65.785
83.104,-33.815,-12.313,74.673,7.68,64.429
82.967,-28.995,-21.4,71.891,11.982,67.033
65.048,-17.236,3.9739,95.747,-12.441,64.196
72.266,31.307,11.555,84.928,13.957,65.145
63.391,3.6067,-3.5317,83.87,-35.411,75.203
84.476,-26.513,23.422,69.988,-11.324,67.625
94.713,-14.74,18.568,64.623,-3.4101,65.324
67.152,-14.142,-20.422,74.672,30.454,79.735
85.747,-33.899,7.1262,73.302,-3.9346,63.611
88.338,-10.572,30.841,64.178,-5.3457,70.523
78.275,-36.465,2.9776,80.647,-2.5341,63.336
66.564,22.675,4.9341,93.756,11.115,64.066
88.904,32.05,0.65515,71.094,0.3028,63.258
74.574,33.555,10.726,82.999,11.121,64.595
98.092,12.394,-7.6443,64.114,-1.0519,63.574
70.613,-26.716,16.547,83.068,-21.616,68.162
63.524,-5.3364,-4.6689,85.69,34.118,73.451
72.619,-11.856,-31.562,66.658,17.655,82.597
63.392,4.7413,-1.8345,95.751,-20.88,65.87
63.257,-0.00084323,0.62436,63.255,-0.12775,99.922
73.36,-29.22,-18.083,80.473,19.031,67.726
94.433,19.134,14.913,65.568,3.5418,64.573
83.318,-33.995,-11.553,74.657,7.1577,64.277
73.353,29.848,17.015,81.15,18.153,67.167
63.856,8.3527,-6.394,87.5,-31.976,71.558
75.13,19.538,29.698,70.219,20.12,75.788
91.738,-28.688,0.35157,68.899,-0.13267,63.256
71.086,18.161,-26.399,72.496,-25.153,77.583
63.569,5.5708,-5.2482,84.376,-34.814,74.542
80.39,-35.109,-10.439,77.492,7.6882,64.181
88.093,14.662,29.371,65.039,7.0476,69.784
63.257,0.2969,-0.47997,75.214,-35.59,84.035
77.076,-2.0396,36.28,63.323,-2.4107,81.919
68.249,-20.763,17.89,81.409,-27.796,71.96
68.939,-28.385,-4.6368,91.06,7.6972,63.69
64.746,-9.0195,13.507,75.54,-33.803,81.747
63.343,3.7018,-1.7106,94.388,-24.029,66.872
66.849,9.087,22.239,68.614,25.205,87.169
63.489,5.9441,-2.9248,93.592,-25.016,67.286
63.314,-3.2635,0.67822,98.588,-12.054,64.054
63.364,0.34323,-4.5076,63.526,-7.0903,99.329
71.046,-31.814,3.3752,88.722,-4.628,63.43
63.355,-1.911,3.9038,71.777,-32.748,87.922
74.208,18.77,29.531,70.267,20.963,76.677
66.153,-12.338,-18.123,75.002,31.807,80.583
87.588,31.635,-10.297,71.36,-4.9762,63.969
70.429,-31.141,-1.3308,89.705,1.9274,63.284
65.576,-15.449,-12.517,84.82,30.502,71.882
65.377,7.1252,-17.717,68.888,-26.867,88.777
63.329,-3.7256,-0.33656,99.566,5.3642,63.409
63.652,-8.4654,1.4519,98.455,-9.9156,63.799
86.047,33.573,7.6843,72.983,4.1563,63.666
98.827,7.166,-8.8022,63.536,-0.68896,63.675
77.999,-18.933,-31.257,68.483,16.602,74.85
93.8,-21.083,14.23,66.121,-3.7845,64.465
89.77,-13.965,-27.837,64.757,5.92,68.777
65.65,-20.105,1.508,96.127,-4.0882,63.356
63.588,7.8527,-0.61843,99.22,-4.638,63.371
71.678,-30.653,-11.52,85.493,14.54,65.245
93.209,-2.6609,26.318,63.303,-0.94443,67.761
65.494,-17.696,8.3464,91.363,-22.435,66.818
63.303,1.8194,-2.3881,78.698,-36.562,80.256
98.433,-9.6463,8.9863,63.77,-0.95625,63.695
74.547,-32.739,12.959,82.203,-13.272,65.245
84.429,3.3155,35.245,63.366,2.3596,74.733
85.352,-34.807,2.3518,74.01,-1.3477,63.294
67.723,-8.1062,24.963,66.712,-20.738,88.496
63.381,-4.719,-1.2304,97.81,14.836,64.494
69.297,18.517,22.838,75.592,27.948,76.326
91.513,-17.687,-22.983,65.478,5.6798,66.725
97.486,-15.609,5.9256,64.64,-1.0405,63.448
76.405,-30.755,18.943,77.858,-16.302,67.21
64.344,0.014254,-14.005,63.255,-0.090889,98.234
75.446,34.241,10.141,82.313,9.9814,64.381
63.271,-1.7172,-0.27875,99.129,9.539,63.747
81.567,26.772,-24.725,71.292,-14.008,68.755
65.89,-20.987,1.3769,95.813,-3.5463,63.332
64.006,11.605,-1.6639,98.164,-8.2307,63.634
63.654,-8.1332,-2.8218,96.077,18.885,65.376
65.256,17.906,5.0131,94.821,14.733,64.616
63.99,-10.565,-4.7802,93.697,23.071,66.685
63.925,10.865,-2.2439,97.675,-11.712,64.034
65.574,-1.5385,19.816,63.505,-6.4289,96.011
66.855,-6.7453,23.077,66.256,-20.067,90.262
94.358,-13.807,20.123,64.473,-3.5173,65.722
65.711,-19.297,6.5775,93.306,-17.187,65.211
64.718,15.867,2.7175,96.855,9.5131,63.785
66.074,20.276,-7.6261,92.266,-18.392,65.583
65.554,16.495,10.947,87.623,27.846,69.606
69.855,-30.312,-0.58755,90.475,0.89648,63.261
64.908,13.96,9.7692,87.64,29.382,70.285
83.265,34.077,-11.373,74.739,-7.0766,64.247
67.41,15.621,20.152,76.154,30.461,77.884
71.652,-31.653,8.275,86.833,-10.654,64.262
63.985,-11.049,3.389,96.247,-16.77,64.923
90.014,-30.498,-4.7708,70.061,2.026,63.398
84.267,-28.933,20.539,71.287,-10.761,66.558
75.128,32.834,13.62,81.405,13.378,65.375
86.864,23.415,-24.448,67.972,-9.508,67.717
70.384,-19.061,24.581,74.344,-26.469,76.409
63.372,4.6828,0.32501,99.597,4.1244,63.346
63.316,3.2633,0.91207,97.641,15.837,64.673
79.218,-22.504,28.947,69.944,-16.386,72.159
68.241,-0.44457,27.385,63.265,-1.1745,92.611
64.52,-10.345,-10.909,81.553,34.262,75.985
70.253,-30.917,0.26212,89.969,-0.38573,63.256
93.547,19.129,-17.431,65.646,-4.2787,65.106
66.157,-1.552,21.882,63.458,-5.7016,95.237
63.367,0.11203,-4.584,63.283,-2.2959,99.705
66.314,20.904,8.1587,91.723,18.774,65.733
71.537,24.106,-21.924,78,-24.286,71.654
63.746,9.5018,-0.728,98.984,-4.4868,63.365
81.056,-21.89,29.259,68.902,-14.478,71.589
73.569,-34.353,3.4792,85.716,-3.9536,63.403
72.784,26.821,20.68,78.878,21.705,69.643
75.959,-32.024,-16.327,79.507,14.878,66.204
67.962,8.8002,-25.3,67.104,-21.496,87.67
63.334,0.011153,-3.8484,63.255,-0.27301,99.801
82.514,28.598,22.179,71.881,12.576,67.41
88.529,22.37,23.468,67.254,8.1417,67.152
95.934,20.114,6.1051,65.669,1.4383,63.465
65.47,-16.897,9.6715,89.488,-25.629,68.243
94.92,-22.235,-6.9095,66.304,1.8511,63.529
99.735,1.6048,-4.4895,63.269,-0.076633,63.362
63.268,1.2979,0.91739,89.379,31.533,70.703
96.377,13.109,-14.986,64.275,-2.3129,64.543
73.504,-34.439,-1.6359,85.948,1.8713,63.288
63.964,9.8123,-5.8046,90.943,-27.772,68.732
92.872,-26.271,6.2349,67.812,-2.0901,63.486
75.215,19.703,-29.642,70.279,-20.078,75.637
93.374,-3.0064,-26.002,63.316,1.0472,67.628
81.331,29.499,21.481,73.03,13.283,67.314
65.979,-1.5689,-21.284,63.476,5.9786,95.466
64.907,-16.45,4.4205,95.467,-14.391,64.524
68.446,25.877,10.192,88.994,17.343,65.638
86.066,34.427,0.28995,73.44,0.15966,63.256
63.363,-0.38548,-4.4848,63.599,7.9823,99.216
80.199,10.882,-34.991,64.778,-9.6761,76.961
90.994,-18.192,-23.456,65.656,6.0777,66.923
78.443,11.332,34.81,65.115,11.263,78.276
65.234,-18.117,3.7605,95.738,-11.197,64.018
63.375,4.2879,2.0603,93.978,24.698,67.13
86.481,-30.583,-15.167,71.255,7.4895,64.883
80.408,26.69,-25.081,71.819,-15.135,69.236
63.758,8.5455,-4.4711,92.606,-25.846,67.716
63.397,1.8946,-4.8104,69.273,-29.233,91.039
64.991,-17.37,1.4059,97.073,-4.5207,63.374
65.46,16.16,-10.785,87.656,-28.037,69.68
66.588,17.627,-15.2,82.911,-29.881,72.42
65.613,13.487,14.797,79.98,32.862,76.19
64.813,-16.575,0.20049,97.519,-0.68328,63.258
65.974,-18.491,10.618,88.855,-25.164,68.205
72.817,33.897,0.29619,86.801,0.35568,63.256
63.808,-10.093,-0.47043,98.995,2.7302,63.296
77.843,24.64,26.95,71.982,17.933,71.355
91.797,18.291,-21.997,65.602,-5.5448,66.392
80.219,-15.531,-33.188,66.315,12.777,75.157
79.017,-36.612,1.823,79.955,-1.4894,63.284
64.58,2.8567,15.101,64.761,15.732,95.599
70.654,23.155,21.326,78.527,25.397,72.063
89.717,30.888,4.42,70.315,1.9192,63.378
67.662,25.22,6.7284,91.721,12.832,64.425
78.635,-26.802,-24.966,72.927,16.823,69.721
97.429,-10.936,12.86,63.94,-1.6028,64.181
67.163,-13.199,21.077,73.274,-29.809,81.244
64.643,-7.947,13.547,73.652,-32.945,83.976
70.31,30.983,-1.0255,89.873,-1.5012,63.273
71.045,-2.5498,-31.889,63.451,4.9011,88.694
66.577,22.429,-6.0941,93.107,-13.621,64.5
64.867,-9.1231,14.156,74.922,-33.388,82.267
75.704,25.584,-25.09,74.264,-19.992,71.116
64.133,-10.523,-6.9949,89.236,29.511,69.862
66.959,24.328,0.18353,94.395,0.39235,63.256
71.384,-18.903,-26.321,72.853,24.969,76.881
79.615,-30.183,20.824,74.57,-14.429,67.345
85.049,-8.8149,33.939,64.011,-5.7858,73.442
68.955,27.345,9.0099,89.283,14.652,64.943
64.451,-13.956,4.4361,95.406,-16.996,65.021
72.764,-24.202,-23.665,76.245,23.239,72.067
63.262,0.91706,-0.63544,89.68,-31.226,70.474
87.678,-22.29,24.594,67.383,-8.831,67.674
63.726,-7.8214,-5.1047,89.969,29.693,69.736
93.782,17.419,18.579,65.226,4.1412,65.362
74.408,9.0312,33.942,64.913,12.306,82.777
65.313,-6.3471,-17.733,67.9,25.067,90.156
63.3,2.8963,-0.2631,99.609,-5.3995,63.411
80.671,-36.284,4.7717,78.12,-3.5378,63.443
72.182,-31.409,11.019,85.243,-13.437,64.98
64.27,-11.326,-7.4311,89.25,29.143,69.703
72.268,-29.724,15.175,83.038,-17.794,66.625
99.757,4.0682,-1.8889,63.343,-0.081579,63.274
92.589,-3.7137,-27.191,63.35,1.3951,68.164
95.707,5.8205,-20.758,63.462,-1.4767,65.827
63.581,4.0589,-6.6517,74.813,-34.957,84.054
63.547,-3.1071,6.6917,71.037,-31.684,88.57
97.857,3.6885,14.986,63.332,0.62644,64.514
96.556,2.8068,-19.236,63.302,-0.64125,65.414
75.068,-35.478,1.6217,84.162,-1.674,63.284
63.933,-8.2385,7.5176,84.566,-33.992,73.951
65.146,-16.184,8.1543,91.203,-23.848,67.293
63.761,8.4352,4.7306,91.833,27.066,68.283
79.528,22.23,-29.164,69.658,-16.027,72.173
82.592,-28.17,22.68,71.603,-12.659,67.607
74.321,-34.933,-3.049,84.904,3.2972,63.362
82.724,33.833,12.653,74.918,8.0444,64.513
84.096,22.397,-27.627,68.226,-11.817,69.685
77.613,-28.927,-22.21,75.21,16.899,68.495
77.481,36.415,-1.3756,81.555,-1.2274,63.273
63.255,-0.20446,-0.021178,99.606,6.1564,63.457
95.465,21.896,-3.0692,66.154,-0.79503,63.308
63.804,-9.8651,-2.0004,97.9,11.564,64.008
93.301,-25.996,-3.9835,67.646,1.3021,63.348
78.188,-29.585,-21.503,75.229,16.02,67.974
68.301,27.132,4.5719,91.859,8.1389,63.725
73.592,34.542,0.57856,85.883,0.65816,63.259
66.726,-16.966,16.516,80.957,-30.697,74.014
81.941,34.694,-10.861,76.002,-7.3119,64.201
81.35,36.249,-4.1676,77.527,-2.9797,63.395
64.919,14.667,-8.765,89.656,-26.908,68.694
63.268,-1.5598,0.24415,99.186,-9.2109,63.713
94.938,-22.587,-5.4974,66.396,1.493,63.428
84.046,-32.825,13.749,73.546,-8.0177,64.683
63.256,0.35374,-0.019275,99.835,-3.2562,63.311
88.411,-28.654,-15.409,69.73,6.6406,64.855
87.593,-21.638,-25.266,67.167,8.8706,67.958
74.358,35.055,1.5898,84.965,1.7176,63.284
92.497,27.583,-0.32352,68.334,-0.11472,63.256
93.784,-24.734,-6.0535,67.17,1.8604,63.469
63.656,7.8743,-3.5395,94.207,-23.254,66.672
77.759,-35.735,7.4313,80.62,-6.4442,63.779
64.511,-13.657,-6.1637,93.02,22.568,66.628
63.325,2.8148,-2.315,86.933,-33.644,72.627
72.191,29.765,14.922,83.247,17.638,66.53
82.673,-35.676,-5.7659,76.147,3.8144,63.511
63.268,-1.4485,0.63663,94.936,-23.201,66.566
84.051,19.235,-29.94,66.966,-11.233,71.035
66.399,22.534,-2.7775,94.796,-6.4818,63.521
67.512,19.54,-16.764,82.131,-28.667,72.107
85.298,9.9534,33.47,64.205,6.34,73.006
63.257,-0.26978,0.61597,70.457,-31.206,89.708
65.657,10.963,16.952,74.527,32.224,81.709
71.415,-29.939,-12.499,85.233,15.985,65.685
68.598,26.809,-8.4655,89.906,-14.336,64.828
63.302,-0.15787,2.9724,63.388,-4.9873,99.642
63.271,0.0011318,-1.7135,63.255,-0.062433,99.901
64.977,15.298,-8.2064,90.788,-25.06,67.777
65.756,16.744,-11.921,86.474,-28.623,70.314
80.024,-31.752,18.315,75.367,-12.85,66.293
77.752,-36.483,1.0655,81.281,-0.93614,63.266
98.524,7.7863,-10.141,63.59,-0.87079,63.817
83.056,-24.609,-26.282,69.553,12.843,69.211
67.666,-23.682,11.004,88.807,-20.33,66.534
77.625,14.419,-33.501,66.424,-14.373,77.543
69.131,26.643,-11.726,87.479,-18.37,66.114
66.188,21.155,-6.1738,93.37,-14.743,64.696
97.495,16.664,-0.41478,64.831,-0.077502,63.256
73.572,-21.082,-27.348,72.533,22.531,74.924
64.731,16.133,-1.0238,97.532,-3.5861,63.329
82.366,15.73,32.644,66.007,11.185,73.54
67.461,7.3893,-24.532,66.322,-19.894,89.363
94.111,20.172,14.546,65.852,3.6717,64.514
88.323,31.975,6.4389,71.259,3.0424,63.526
68.481,18.481,20.878,77.37,28.981,75.461
64.166,12.251,3.9114,95.792,17.248,65.048
92.845,-10.575,-24.89,64.016,3.5618,67.269
96.953,-2.3985,18.174,63.289,-0.51047,65.159
78.994,-2.5007,36.57,63.343,-2.5803,79.904
63.654,-5.6641,-6.4795,80.865,35.903,77.675
84.556,-19.275,29.615,66.883,-10.846,70.697
79.562,-28.138,-23.515,73.222,15.525,68.631
70.065,-30.639,-0.14022,90.212,0.20989,63.255
88.375,-8.0753,31.551,63.794,-4.1953,70.917
91.315,25.613,-14.157,67.87,-4.9285,64.512
78.35,-1.984,36.543,63.313,-2.1435,80.6
81.077,-33.003,-15.678,75.468,10.665,65.344
71.279,30.294,11.149,86.04,14.55,65.194
65.354,18.022,6.0289,93.889,17.152,65.159
67.537,-22.339,-12.921,86.984,23.706,68.058
72.093,-13.118,30.493,67.652,-19.777,81.977
63.303,2.5437,-1.611,90.891,-29.684,69.49
64.674,9.6979,-12.56,77.937,-34.45,79.321
70.063,30.159,5.3881,89.503,8.0034,63.758
82.643,-4.5369,35.863,63.485,-3.6254,76.206
63.274,1.9089,-0.16796,99.664,-5.2368,63.401
85.939,-32.591,11.359,72.505,-6.0366,64.166
89.346,-26.874,16.628,68.753,-6.5317,65.088
66.934,24.049,-3.1914,93.981,-6.8219,63.559
72.918,-33.985,-0.51572,86.678,0.61485,63.258
82.422,-11.486,34.35,64.732,-8.7339,74.938
63.55,6.1769,-4.1045,89.934,-30.197,69.957
67.931,-26.106,5.6903,91.905,-10.543,64.041
72.723,16.239,-29.657,69.432,-21.557,79.183
68.047,-25.691,8.2232,90.544,-14.837,64.893
74.459,-33.092,11.866,82.711,-12.312,64.921
96.118,4.4957,20.072,63.377,1.0878,65.634
73.486,-25.521,23.161,76.577,-22.076,71.05
67.206,-24.375,5.4707,92.807,-11.153,64.102
63.927,11.1,0.4153,98.834,2.1831,63.281
65.269,0.4283,-18.646,63.277,-1.9509,96.807
64.047,8.7899,8.2067,84.066,34.05,74.259
79.842,-34.689,11.872,77.65,-8.9401,64.489
80.058,-36.644,0.84637,78.944,-0.65274,63.261
71.718,-31.511,9.0697,86.484,-11.576,64.462
72.517,32.033,10.201,85.242,12.198,64.68
89.814,-9.0902,29.736,63.895,-4.1638,69.672
67.906,24.852,-9.658,89.734,-17.544,65.614
85.229,-26.787,22.465,69.865,-10.563,67.146
63.286,2.2721,-0.86735,95.996,-20.735,65.811
64.339,7.5622,-11.751,75.206,-34.19,82.631
67.637,12.5,22.849,71.352,27.923,82.846
65.954,-19.357,8.7757,91.109,-21.395,66.537
72.73,-33.76,1.9807,86.838,-2.3914,63.306
73.351,14.962,30.927,68.196,19.686,79.928
99.44,-3.8275,6.5494,63.334,-0.26901,63.484
74.239,-28.423,-20.444,78.368,19.645,68.721
77.893,36.383,3.2202,81.023,2.8004,63.352
67.776,16.267,-20.753,76.082,-29.969,77.536
64.81,-8.8388,-14.007,74.636,33.321,82.655
77.09,-21.201,29.516,70.196,-18.37,73.885
87.843,5.3123,-32.62,63.495,-2.9393,71.684
64.978,9.9032,-14.268,76.005,-33.657,80.957
63.879,8.5851,-6.4164,87.84,-31.606,71.255
71.859,-32.386,-6.0435,87.244,7.722,63.775
90.043,-22.833,-20.725,67.15,6.8664,66.125
64.393,-10.691,9.5016,84.551,-33.087,73.436
65.902,8.4381,-19.309,69.532,-27.43,87.254
93.287,21.105,15.73,66.184,4.2691,64.758
64.47,-14.483,-2.8096,96.998,10.815,63.935
67.837,24.527,-10.053,89.49,-18.354,65.86
66.434,-22.633,-2.8526,94.728,6.6156,63.533
69.431,-27.04,-12.113,87.013,18.379,66.18
81.317,3.8037,36.295,63.43,3.335,77.515
90.592,-9.126,28.773,63.878,-3.9108,69.091
64.505,-11.872,9.0882,86.79,-31.147,71.417
77.018,32.806,15.586,78.942,13.424,65.761
63.385,4.0026,2.894,88.904,31.74,70.951
63.372,4.0088,-2.4449,91.301,-28.955,69.102
63.397,-2.8851,4.2854,76.509,-35.962,82.43
64.395,13.056,5.8642,93.215,22.588,66.608
89.056,27.623,15.962,69.124,6.4946,64.949
79.551,7.7272,-35.847,64.061,-7.4342,78.455
63.255,0.057213,0.014008,98.217,14.073,64.355
78.886,19.646,-30.938,68.53,-15.973,73.958
73.414,-2.1641,34.338,63.362,-3.38,85.953
63.255,-0.0063864,0.22584,63.293,-2.6714,99.865
69.142,-0.77543,-29.118,63.279,1.8318,91.382
63.499,4.2322,5.2731,79.47,36.285,79.23
73.976,-34.788,1.7182,85.397,-1.9036,63.29
65.515,18.895,-5.384,94.39,-14.817,64.654
63.801,8.0572,-5.9905,88.007,-31.63,71.207
74.031,-34.018,7.6604,84.446,-8.3464,63.955
63.511,-2.7932,6.3336,70.444,-30.94,89.365
73.614,34.456,-2.7319,85.74,-3.098,63.346
63.404,-5.249,0.68134,99.196,-7.6401,63.57
74.323,34.983,-2.4301,84.954,-2.6296,63.323
67.416,-24.185,-8.1133,91.138,15.846,65.074
92.201,21.712,17.723,66.486,5.1464,65.223
67.456,24.79,-6.4249,92.083,-12.604,64.367
81.647,1.4273,-36.397,63.279,-1.2325,77.386
63.572,-6.4059,-4.2557,89.91,30.166,69.95
93.608,3.6498,25.515,63.343,1.2355,67.43
63.463,-5.7976,2.3143,95.427,-21.355,66.02
63.779,0.26407,-9.8337,63.288,-2.4679,99.053
67.527,24.726,7.3043,91.54,14.129,64.681
94.445,-24.166,1.8322,66.905,-0.53833,63.274
64.746,15.518,-4.7948,95.123,-16.395,64.918
66.374,4.1105,-22.251,64.563,-14.021,93.3
65.589,-19.917,-0.70154,96.336,1.9303,63.277
87.453,-25.362,21.706,68.607,-8.8035,66.638
64.881,-16.402,4.105,95.746,-13.504,64.362
90.357,-21.663,21.426,66.725,-6.6857,66.315
75.906,-35.923,0.0586,83.271,-0.057454,63.255
69.349,-28.499,7.5845,89.568,-11.948,64.368
89.113,-27.872,-15.401,69.211,6.2986,64.826
73.872,28.877,-19.342,79.329,-19.35,68.227
86.512,31.748,-12.486,71.827,-6.3398,64.344
63.892,-2.1212,10.615,64.987,-17.107,96.291
72.843,18.979,-28.115,71.454,-22.898,76.816
83.473,-35.377,5.7532,75.427,-3.6395,63.503
69.065,28.875,-2.5995,91.327,-4.2775,63.388
63.26,-0.016237,1.0074,63.267,-1.5235,99.897
86.022,31.181,-14.666,71.735,-7.5055,64.793
63.257,-0.001936,-0.67044,63.255,0.27313,99.921
63.255,4.5419e-05,0.047261,63.255,0.090911,99.925
67.574,-0.59183,25.887,63.275,-1.7147,93.51
63.677,6.465,6.0412,84.411,34.584,74.385
64.294,8.439,-10.79,78.427,-35.044,79.291
67.367,25.213,-2.9936,93.469,-6.015,63.496
64.809,-14.834,7.349,91.793,-23.881,67.208
68.586,26.673,-8.812,89.727,-14.911,64.968
63.274,1.6519,0.88119,93.032,26.684,67.922
82.14,-19.569,30.575,67.522,-12.913,72.089
97.861,-13.244,7.8945,64.242,-1.168,63.597
63.725,-3.1669,8.7794,68.361,-27.254,91.779
69.935,29.621,7.0215,89.145,10.492,64.131
85.013,-30.958,16.512,72.041,-8.801,65.283
98.881,-9.0828,-6.3364,63.705,0.6258,63.471
63.549,-4.953,5.5059,81.465,-35.96,77.231
92.249,-27.462,5.2316,68.341,-1.8656,63.419
65.203,16.205,-8.6529,90.555,-24.759,67.715
91.502,6.3267,-28.317,63.544,-2.5806,68.764
98.502,0.21848,-12.879,63.255,-0.031217,64.169
63.281,0.83901,-2.0618,69.643,-29.955,90.722
80.113,3.4789,36.484,63.413,3.3135,78.701
67.191,-24.94,-0.29811,94.069,0.61599,63.258
63.294,-0.10116,-2.7124,63.321,3.5123,99.76
93.204,-25.917,5.3341,67.637,-1.7453,63.423
91.492,-23.171,17.485,67.028,-5.5348,65.196
64.97,-16.204,6.1417,93.694,-19.326,65.681
63.256,0.0031144,0.45647,63.257,0.64535,99.92
77.223,-36.083,-4.6151,81.585,4.1621,63.461
85,3.1316,-34.953,63.351,-2.1445,74.249
63.309,0.077653,-3.1903,63.283,-2.2936,99.796
85.261,11.278,-33.071,64.474,-7.0825,72.733
71.839,32.034,7.6004,86.846,9.6737,64.085
65.61,-18.541,7.5315,92.376,-19.929,65.968
84.842,34.626,6.2279,74.174,3.6387,63.533
66.228,-6.4128,-21.221,66.548,21.252,90.717
68.769,0.71816,-28.435,63.277,-1.7737,91.88
69.759,-29.852,4.3435,90.126,-6.6538,63.594
67.092,-23.93,6.0509,92.643,-12.505,64.325
63.314,-3.0785,-1.3151,95.109,22.657,66.396
97.041,-8.3074,16.054,63.657,-1.5479,64.724
73.802,30.04,-17.379,80.616,-17.925,67.2
90.352,24.875,17.605,67.794,6.2097,65.273
95.914,-18.55,-9.9876,65.315,2.1833,63.822
99.516,-2.422,6.5371,63.286,-0.16959,63.483
89.12,31.787,-1.784,70.902,-0.812,63.275
63.343,-1.1166,3.9074,66.715,-23.586,94.612
66.883,19.463,14.244,84.922,27.668,70.393
63.449,-4.7445,3.7279,87.54,-32.869,71.984
63.278,0.047138,-2.0674,63.28,-2.1524,99.851
63.497,4.4923,-5.015,81.432,-36.056,77.324
69.711,29.506,-5.8989,89.772,-9.0366,63.888
95.116,0.038576,22.872,63.255,0.011061,66.453
68.68,-25.618,11.963,87.578,-19.561,66.472
80.904,31.649,18.311,74.676,12.205,66.178
65.162,-3.1772,17.913,64.546,-14.407,95.061
66.727,20.089,12.537,87.06,25.65,68.825
72.202,-31.451,-10.963,85.246,13.353,64.959
65.457,-10.853,-16.102,75.261,32.782,81.159
77.879,-35.911,-6.6547,80.631,5.746,63.671
63.313,3.0103,-1.3734,94.546,-23.828,66.793
63.374,4.3139,1.9592,94.503,23.69,66.759
63.786,-9.6217,2.3514,97.425,-13.772,64.338
63.359,3.954,1.9867,93.556,25.518,67.45
63.828,-3.471,-9.6727,68.29,27.026,91.727
68.077,2.6136,26.913,63.595,6.9883,92.351
75.018,29.324,19.986,78.208,18.434,68.147
70.264,29.975,7.6399,88.559,11.056,64.254
64.733,-16.009,-2.3115,97.063,8.0628,63.633
72.207,-30.637,-13.078,84.252,15.692,65.722
88.944,-31.819,3.5489,70.974,-1.6282,63.336
96.183,18.004,9.6075,65.179,2.0226,63.777
85.61,-33.395,-9.5277,73.09,5.2341,63.898
85.74,-34.483,3.3344,73.63,-1.8651,63.332
77.696,-20.95,29.873,69.742,-17.64,73.786
63.263,-1.0107,-0.63413,91.067,29.569,69.4
64.101,0.92552,12.381,63.506,6.698,98.216
63.919,4.8617,-9.9126,71.565,-31.918,87.405
79.979,36.63,1.4305,79.009,1.1078,63.272
99.713,-4.9258,-1.0412,63.384,0.054494,63.261
69.664,7.2939,29.114,65.2,15.298,88.025
92.401,27.667,1.853,68.383,0.66119,63.276
80.102,10.167,-35.212,64.595,-9.1822,77.273
64.556,14.936,-3.0135,96.789,-11.187,63.988
63.27,-1.655,-0.12502,99.732,4.5031,63.363
76.973,-36.168,-3.1761,81.989,2.9143,63.354
87.899,-31.688,-9.2148,71.272,4.4006,63.82
71.585,31.759,7.5333,87.146,9.7804,64.091
73.78,33.649,-8.431,84.511,-9.3122,64.122
67.307,23.622,8.89,90.671,17.516,65.514
80.231,-3.6859,36.456,63.431,-3.4796,78.563
99.321,-0.31759,8.4527,63.256,-0.02896,63.639
68.897,-25.409,13.308,86.407,-21.003,67.161
85.862,-33.78,-7.3212,73.182,4.0111,63.63
63.277,1.1517,1.6885,76.805,36.226,82.268
88.302,-30.75,10.936,70.695,-5.014,64.048
63.768,8.955,3.8194,94.492,22.242,66.354
79.761,35.667,8.503,78.469,6.551,63.881
63.305,-0.70128,2.9927,65.665,-20.189,96.182
72.452,-32.901,-6.5951,86.438,8.0479,63.843
65.119,-11.585,13.784,79.025,-33.783,77.694
98.294,-7.9704,-11.221,63.609,0.99388,63.947
68.607,-26.038,10.649,88.572,-17.749,65.796
63.282,0.062009,2.2508,63.291,2.5991,99.826
84.318,-3.4285,35.291,63.375,-2.4577,74.822
73.026,-11.099,-32.225,66.116,16.256,82.809
71.444,-16.014,-28.254,70.225,23.373,79.691
64.505,-14.72,2.605,97.118,-9.8957,63.823
80.497,33.198,-15.45,76.029,-10.891,65.329
95.299,3.205,22.248,63.319,0.88687,66.259
64.71,-15.077,-5.5262,94.259,18.99,65.549
69.562,-12.147,-27.264,68.6,23.059,83.786
84.276,-33.419,-11.909,73.771,6.9604,64.31
67.862,24.433,-10.425,89.193,-18.917,66.055
90.087,-30.78,0.5724,70.161,-0.24421,63.257
63.297,0.074106,-2.8038,63.288,-2.4918,99.807
64.894,-10.245,-13.531,77.46,34.082,79.539
86.069,28.132,-19.843,70.219,-9.337,66.155
64.327,-13.657,2.6077,97.242,-10.711,63.917
95.086,-19.809,11.562,65.671,-2.7686,64.029
63.409,5.2623,1.0984,98.432,12.061,64.059
81.678,-1.7748,36.375,63.292,-1.5285,77.341
73.768,-34.679,0.20101,85.684,-0.22597,63.256
76.765,0.055812,-36.244,63.255,-0.067641,82.339
63.538,-7.2675,0.23527,99.449,-1.917,63.275
78.315,-22.555,-28.814,70.398,17.325,72.52
66.102,21.609,2.5229,95.259,6.2178,63.496
78.869,-29.05,-22.343,74.315,15.748,68.215
80.055,10.773,35.035,64.762,9.6858,77.119
97.387,12.438,11.612,64.141,1.6433,64.007
89.367,-31.258,4.5016,70.584,-2.0015,63.384
64.923,-14.458,-9.1468,88.954,27.821,69.231
72.088,-26.168,20.416,79.328,-22.54,69.916
91.304,10.899,27.177,64.116,4.2638,68.299
71.72,1.8502,32.741,63.35,3.3485,87.999
63.267,-0.020638,-1.4849,63.264,1.3135,99.892
95.444,-8.3853,-20.51,63.689,2.1151,65.774
75.965,-33.54,12.935,80.901,-12.127,65.058
69.934,-28.789,9.8914,87.913,-14.568,65.031
64.614,-15.457,1.7012,97.482,-6.2112,63.476
64.223,6.2495,-11.676,72.576,-32.591,85.779
66.384,-22.379,-3.5498,94.561,8.2874,63.693
66.085,-18.624,11.133,88.279,-25.678,68.534
97.591,4.7053,-15.659,63.382,-0.84221,64.639
64.173,9.8108,8.3904,85.402,32.969,72.953
63.393,3.6322,3.5669,83.817,35.431,75.248
64.854,13.22,-10.327,86.114,-30.971,71.591
89.828,17.261,25.845,65.531,6.6963,67.922
97.316,-14.362,9.5339,64.437,-1.5545,63.76
93.131,6.8967,25.671,63.576,2.3849,67.527
83.02,-33.931,12.082,74.797,-7.5856,64.387
69.182,-29.2,-0.12649,91.364,0.20606,63.255
92.657,-12.621,-24.25,64.345,4.1518,67.062
65.562,-19.487,-3.6646,95.466,10.071,63.879
63.461,-0.76154,-6.171,63.953,11.25,98.513
89.47,-27.746,-14.852,69.069,5.9627,64.7
64.405,-8.2626,11.759,76.565,-34.593,81.08
93.665,3.3592,-25.453,63.33,-1.132,67.403
88.903,-31.58,-5.5055,70.878,2.515,63.45
70.603,-30.782,6.2562,88.632,-8.8387,63.893
63.332,-3.7272,-0.8145,98.433,12.627,64.136
64.335,-12.488,6.2206,92.353,-24.423,67.293
64.079,12.146,1.6642,98.103,7.8535,63.601
66.852,-19.608,-13.896,85.372,27.289,70.054
77.934,-31.291,18.856,76.756,-14.84,66.838
66.206,-16.116,15.116,81.985,-31.122,73.66
83.397,-34.857,8.4766,75.146,-5.3259,63.798
75.027,-34.307,9.0963,83.031,-9.2382,64.181
95.088,0.056339,22.932,63.255,0.016213,66.473
91.401,-24.006,-16.537,67.312,5.4212,64.986
65.519,19.583,-1.7545,96.253,-4.8993,63.399
66.119,20.726,-6.7941,92.953,-16.361,65.054
99.266,7.9938,3.7558,63.599,0.32274,63.33
87.53,-33.102,3.7836,72.104,-1.8988,63.35
83.183,-16.731,31.827,66.219,-11.026,72.585
69.333,29.401,1.8985,91.067,3.0434,63.323
64.245,11.666,-6.5566,91.195,-26.596,68.242
93.751,-24.781,-6.1056,67.189,1.8818,63.473
89.121,-24.232,20.649,67.803,-7.4914,66.166
80.827,5.2642,-36.195,63.6,-4.7347,77.777
63.549,7.4023,-0.40297,99.375,-3.2179,63.311
84.702,-13.045,32.756,64.929,-8.2977,72.699
68.594,-18.79,-20.901,77.512,28.8,75.199
63.26,-0.92144,0.30738,96.873,-18.537,65.243
69.829,16.427,-25.433,72.355,-26.407,79.133
75.285,22.916,-27.282,72.539,-20.692,73.212
72.105,6.796,32.505,64.463,11.445,86.018
63.255,5.5748e-06,0.010536,63.255,0.050055,99.925
63.388,-2.3132,4.4288,72.628,-33.574,86.847
65.107,-10.09,-14.848,75.595,33.354,81.235
65.615,-5.8494,19.159,66.718,-22.095,91.331
97.55,-15.9,4.3527,64.689,-0.77624,63.359
81.253,-34.053,-13.157,76.06,9.062,64.695
82.514,-36.189,-0.35751,76.602,0.24073,63.256
84.73,-4.5013,34.954,63.456,-3.1218,74.362
75.867,-31.724,16.816,79.35,-15.332,66.416
69.423,-28.143,9.2227,88.734,-14.302,64.904
94.306,-19.922,14.266,65.771,-3.5341,64.461
98.383,-13.388,-0.42472,64.246,0.062369,63.256
63.256,-0.00074068,-0.46427,63.255,0.15091,99.923
75.355,-35.483,3.6043,83.694,-3.6454,63.395
64.795,16.407,-1.6325,97.272,-5.5858,63.435
63.262,-1.1192,0.35446,97.147,-17.722,65.057
88.233,-29.506,14.096,70.155,-6.269,64.591
63.256,-0.00018577,-0.39528,63.255,0.044455,99.924
78.883,28.138,23.482,73.67,16.155,68.8
63.581,-0.0076856,-7.8015,63.255,0.091601,99.412
86.747,24.471,23.519,68.419,9.5517,67.365
66.26,-18.733,-12.045,87.226,26.592,69.178
91.46,28.498,5.7488,68.89,2.1806,63.457
65.092,-16.539,6.8103,92.964,-20.557,66.072
63.286,0.90461,-2.234,69.59,-29.865,90.784
74.991,35.343,3.0286,84.153,3.1369,63.356
69.695,29.445,6.0652,89.74,9.3009,63.927
68.969,25.825,-12.786,86.795,-20.148,66.791
63.317,-3.19,1.209,96.003,-20.588,65.775
66.869,22.086,-9.596,90.285,-19.973,66.225
63.315,3.3231,0.4815,99.215,8.5322,63.648
64.255,-1.3836,-13.376,63.728,9.1148,97.64
86.745,3.9982,33.706,63.398,2.4138,72.701
63.413,-5.4227,-0.57576,99.343,6.2715,63.467
98.803,-8.6948,-7.4854,63.669,0.70999,63.558
63.305,2.8334,1.213,95.104,22.703,66.409
64.052,11.459,3.7544,95.823,17.714,65.142
85.105,-25.067,-24.474,69.114,10.956,67.974
72.518,-18.15,28.299,71.058,-22.996,77.59
64.371,14.169,-0.097861,98.192,-0.39674,63.256
88.676,-20.823,-24.667,66.711,7.9766,67.587
74.597,34.952,-4.5129,84.424,-4.7813,63.486
63.256,0.00014017,0.35278,63.255,0.037585,99.924
66.506,-20.905,9.6672,90.257,-21.237,66.608
72.813,-30.829,14.086,83.217,-16.054,65.984
72.461,-21.818,25.505,74.335,-23.975,74.228
80.82,34.78,-11.324,76.901,-8.0975,64.33
67.905,12.723,23.43,71.156,27.483,82.747
92.849,-26.83,3.3321,68.005,-1.1386,63.321
65.548,-9.6807,17.243,72.6,-31.148,84.017
67.044,-20.327,13.776,85.733,-26.474,69.56
74.345,32.718,12.66,82.511,13.163,65.178
65.498,19.236,3.6469,95.544,10.174,63.89
98.219,-13.993,-1.4436,64.343,0.22251,63.266
94.537,-11.852,20.934,64.149,-3.1352,65.929
63.311,3.2429,-0.27597,99.621,-5.0598,63.392
79.21,27.84,-23.86,73.25,-15.963,68.91
66.095,5.6772,-20.977,65.972,-19.663,91.694
63.256,-0.0011841,0.40526,63.255,-0.27637,99.923
71.437,-32.045,-5.2283,87.917,6.9187,63.66
68.671,7.0545,-27.361,65.421,-16.522,88.997
80.735,-14.99,33.377,66.018,-12.048,75.013
66.824,-23.929,1.1042,94.533,-2.4091,63.292
73.716,-19.633,28.541,71.257,-21.958,76.116
83.851,-30.793,18.021,72.481,-10.111,65.786
98.291,-7.9738,-11.231,63.609,0.99524,63.948
84.639,33.236,11.869,73.476,6.7923,64.291
64.36,-13.812,2.8538,97.026,-11.526,64.027
92.254,27.209,-6.3876,68.25,-2.2594,63.5
63.67,6.676,5.7038,85.937,33.643,73.072
94.265,-15.697,-18.915,64.831,3.7514,65.423
83.692,35.685,-2.1469,75.484,-1.3522,63.289
63.323,1.6292,-3.1915,72.344,-33.375,87.277
63.38,-0.82561,4.7744,64.605,-15.449,97.645
65.716,-6.0895,19.478,66.848,-22.367,91.013
96.379,-14.206,-13.943,64.451,2.3256,64.365
63.259,0.88787,0.026574,99.892,1.7909,63.272
84.158,-34.211,-9.6111,74.303,5.746,63.938
71.11,-31.918,-3.1484,88.675,4.2961,63.406
88.378,-21.408,24.539,66.952,-8.2413,67.57
63.368,-4.5968,-0.3932,99.53,5.0748,63.393
99.533,-5.401,-4.1706,63.411,0.24067,63.348
70.256,25.61,-17.329,82.515,-23.022,68.968
85.379,34.625,4.1281,73.891,2.3537,63.375
67.19,-24.938,-0.29613,94.069,0.61195,63.257
67.614,9.5175,-24.186,68.092,-23.709,86.842
94.899,23.027,-3.729,66.522,-1.032,63.334
86.547,19.314,28.089,66.55,9.348,69.416
66.312,22.396,1.3321,95.224,3.1647,63.318
64.065,12.138,0.66266,98.575,3.1656,63.31
75.152,-32.858,13.596,81.392,-13.337,65.364
63.961,7.9409,-8.1463,82.522,-34.916,75.749
63.265,-1.3962,-0.00099191,99.909,0.042529,63.255
63.293,-0.00299,-2.6924,63.255,0.10484,99.864
63.258,0.0082009,0.79048,63.26,0.98106,99.912
65.251,-6.0471,-17.563,67.614,24.504,90.624
85.79,-19.419,28.651,66.711,-9.9352,69.86
63.258,-0.031858,0.79132,63.332,-3.797,99.799
84.767,25.53,-24.267,69.427,-11.212,67.937
92.93,26.767,-2.7426,67.968,-0.93241,63.299
83.373,30.168,-19.427,72.358,-10.986,66.275
63.306,2.3009,-2.0593,85.527,-34.675,73.845
82.717,-27.911,22.934,71.403,-12.626,67.695
76.743,-36.104,3.1018,82.239,-2.8854,63.35
63.261,0.044092,1.0898,63.332,3.8151,99.793
64.293,13.484,2.3818,97.436,9.9571,63.823
80.308,-25.08,-26.704,70.917,15.435,70.203
83.105,35.463,-6.116,75.718,-3.945,63.539
64.909,-16.889,-2.2682,96.879,7.4643,63.581
64.196,13.066,-0.080186,98.459,-0.35485,63.256
89.854,-28.145,-13.113,69.134,5.2451,64.363
71.977,18.989,-27.078,72.28,-24.132,76.852
67.997,-3.8605,26.586,64.008,-10.308,91.863
63.266,0.061963,1.4142,63.346,4.1287,99.766
87.378,-32.685,7.0844,71.955,-3.5434,63.592
63.998,-11.629,-0.80849,98.625,4.0361,63.345
93.12,-25.409,7.8685,67.486,-2.5382,63.622
82.899,35.683,-5.2102,75.998,-3.4093,63.462
66.977,-11.469,21.509,71.324,-28.552,83.696
82.51,-34.092,12.149,75.22,-7.8498,64.421
65.215,18.045,-3.7172,95.782,-11.126,64.007
67.038,5.8816,-23.824,65.437,-17.384,91.142
63.26,-0.95923,0.083936,99.69,-5.2111,63.4
71.88,-32.856,2.7269,87.789,-3.5034,63.36
67.452,-23.434,-10.303,89.481,19.682,66.243
68.721,-23.858,15.317,84.608,-23.958,68.765
91.474,24.308,-15.913,67.399,-5.2591,64.85
93.381,2.8273,-26.011,63.309,-0.98493,67.631
73.026,23.81,-24.388,75.528,-23.1,72.489
74.383,15.226,-31.633,67.874,-18.538,79.193
70.722,-31.431,2.9719,89.178,-4.1896,63.395
90.887,12.635,-27.01,64.43,-4.9759,68.277
69.514,26.662,13.24,86.161,19.726,66.754
63.384,4.471,2.0813,94.264,24.122,66.917
63.998,5.9987,-9.9963,74.327,-34.152,84.053
64.952,-15.583,7.3888,92.012,-23.009,66.9
81.812,2.0081,-36.331,63.302,-1.713,77.202
78.885,35.013,10.829,78.798,8.6664,64.322
74.477,-34.323,7.6579,83.97,-8.1034,63.932
66.533,3.9467,-22.774,64.402,-13.125,93.309
96.95,14.448,-11.297,64.466,-1.8766,63.971
91.891,-22.907,16.914,66.886,-5.2168,65.051
63.682,-8.8,-1.3282,98.597,8.7566,63.678
63.471,5.7385,-2.7327,93.935,-24.448,67.06
69.644,-28.607,8.973,88.644,-13.646,64.764
93.864,25.299,-1.0418,67.333,-0.32567,63.261
64.525,-15.052,-0.52082,97.925,1.9745,63.277
90.997,-28.999,-6.3212,69.192,2.4771,63.501
74.811,28.571,-20.85,77.771,-19.21,68.72
85.823,33.969,6.5254,73.304,3.5962,63.552
78.783,-33.266,-15.361,77.516,11.959,65.469
80.566,-26.556,-25.2,71.656,15.009,69.257
88.293,-25.901,19.87,68.619,-7.9088,65.992
89.778,-4.8381,-30.757,63.437,2.3124,70.203
72.552,-33.105,-6.0423,86.454,7.3324,63.743
99.495,1.6759,6.9523,63.27,0.12493,63.514
75.764,-24.494,26.192,73.359,-20.122,71.936
73.937,-32.121,-13.398,82.573,14.23,65.489
96.399,-3.6961,-19.507,63.337,0.86076,65.484
68.698,-15.854,-23.451,73.495,28.184,79.189
75.197,-33.162,12.904,81.624,-12.687,65.14
64.031,5.2601,10.68,71.571,31.807,87.245
67.846,3.9878,-26.226,64.085,-10.85,91.957
99.76,-3.608,2.5986,63.324,-0.099552,63.291
66.683,-22.337,7.4778,92.1,-16.289,65.101
70.765,31.013,6.2096,88.458,8.6548,63.872
97.701,-6.519,-14.586,63.497,1.0807,64.448
97.798,-8.7636,12.955,63.69,-1.2821,64.189
63.276,1.9863,0.12979,99.765,3.8981,63.336
63.584,7.3079,-2.8208,95.495,-20.688,65.847
63.582,3.2129,-7.121,70.682,-31.192,88.965
63.256,0.37661,0.0039532,99.921,0.62851,63.257
95.056,12.142,-19.532,64.175,-2.9371,65.542
67.772,-24.35,-10.09,89.499,18.561,65.917
71.455,-29.952,-12.588,85.151,16.039,65.711
77.672,29.466,-21.511,75.571,-16.517,68.115
73.117,11.283,-32.245,66.181,-16.354,82.625
64.435,-14.041,-3.82,96.1,14.818,64.568
63.255,0.00031341,0.26374,63.255,0.11241,99.924
63.649,-0.3162,-8.5528,63.318,3.4172,99.207
67.953,24.423,10.955,88.73,19.574,66.311
64.969,-17.097,-2.8028,96.551,9.0339,63.738
88.885,30.867,8.7201,70.561,3.9143,63.749
75.218,-34.166,-9.9859,82.587,9.9781,64.362
63.26,-0.8765,0.38048,95.053,-22.988,66.493
64.795,-14.284,8.2331,90.226,-26.445,68.39
63.558,-3.7666,-6.5081,74.019,34.492,84.987
72.991,-2.1807,-33.983,63.368,3.5275,86.442
95.038,-7.1871,-21.888,63.579,1.9678,66.169
91.571,15.493,24.421,64.964,5.3155,67.211
76.473,3.3039,-35.994,63.442,-4.0609,82.41
69.179,-28.191,-7.591,89.745,12.161,64.399
70.114,28.914,10.355,87.511,14.965,65.163
88.02,-10.661,31.117,64.207,-5.5183,70.745
65.843,-20.856,-0.66475,95.97,1.73,63.273
70.071,-25.922,-16.35,83.427,22.37,68.395
66.633,-20.49,-11.32,88.486,23.903,67.811
63.259,-0.016381,-0.85758,63.272,1.8055,99.892
76.258,34.338,-11.029,81.253,-10.28,64.527
73.058,-9.574,32.74,65.389,-14.353,83.694
98.392,-5.5888,12.13,63.429,-0.75292,64.065
76.978,33.516,13.965,79.604,12.225,65.247
99.121,8.3205,-5.0688,63.63,-0.45539,63.393
76.333,-33.693,12.945,80.557,-11.867,65.021
77.77,11.152,34.757,65.148,11.63,78.913
64.563,-5.8304,-14.118,69.388,28.389,89.247
84.047,-34.02,-10.448,74.251,6.2537,64.068
66.831,-10.824,-21.391,70.774,28.141,84.531
89.356,11.035,-29.602,64.215,-5.1096,69.68
85.878,26.319,-22.39,69.445,-10.063,67.041
66.026,-19.579,-8.8861,91.009,21.352,66.538
63.305,-2.6703,1.5014,92.389,-27.597,68.361
77.505,-11.354,-34.632,65.256,12.02,79.053
67.866,-9.7238,24.731,68.021,-23.395,86.61
63.449,5.7619,1.7767,97.004,17.193,64.961
85.014,-10.232,33.56,64.273,-6.6261,73.172
64.482,-13.259,-6.6257,92.131,24.337,67.301
76.023,-3.8138,-35.77,63.513,4.8327,82.805
63.27,-0.079315,-1.6751,63.361,4.4583,99.735
66.796,18.846,-14.659,84.186,-28.514,71.101
89.716,-5.7678,-30.666,63.514,2.7528,70.166
83.9,16.977,31.355,66.188,10.593,71.999
74.364,-34.757,-4.8546,84.634,5.2177,63.527
63.723,-9.2787,-0.78258,98.983,4.9391,63.388
73.775,-31.327,14.89,82.006,-15.787,66.086
83.958,30.588,18.271,72.315,10.146,65.852
63.255,-0.0029269,0.26787,63.261,-1.0334,99.916
99.244,-8.9031,-1.128,63.682,0.1079,63.262
78.558,12.832,34.299,65.611,12.368,77.571
77.695,-27.397,-24.098,74.005,17.538,69.536
86.948,17.321,29.01,65.867,8.577,69.813
99.748,-4.0072,2.2658,63.34,-0.09642,63.282
85.867,29.099,18.647,70.753,9.1003,65.81
94.774,1.6879,-23.523,63.273,-0.50407,66.674
78.522,12.252,-34.506,65.412,-11.947,77.843
63.256,-0.013262,0.3189,63.337,-3.9219,99.796
79.336,-36.52,3.2922,79.552,-2.6373,63.349
71.244,-30.129,-11.468,85.916,14.976,65.32
89.794,-24.265,19.479,67.685,-6.8791,65.785
77.739,34.557,11.737,79.631,9.9802,64.587
63.259,0.68991,0.51912,88.437,32.501,71.468
89.056,-25.387,19.321,68.245,-7.3182,65.786
78.646,-36.514,-2.9126,80.273,2.4271,63.331
63.997,-10.605,-4.8309,93.627,23.183,66.727
63.258,-0.011786,0.72172,63.268,-1.5439,99.901
81.345,30.675,-19.76,73.76,-12.57,66.637
98.839,-10.617,-3.8348,63.87,0.4422,63.334
63.255,-9.2927e-06,-0.017785,63.255,0.049427,99.925
80.151,-33.258,15.393,76.34,-11.074,65.344
66.902,-22.78,8.0827,91.517,-16.959,65.302
63.938,5.0639,-9.9846,71.986,-32.344,86.867
66.539,22.408,5.7381,93.352,12.929,64.367
74.952,-12.433,33.199,66.21,-15.43,80.567
70.308,-30.984,-0.88083,89.883,1.2898,63.268
63.498,0.023742,6.7386,63.256,0.32904,99.542
69.165,-28.024,-8.0939,89.536,12.953,64.563
83.587,-15.638,32.198,65.795,-10.256,72.701
63.272,-0.011236,1.7642,63.257,-0.60194,99.896
81.593,-30.749,19.55,73.658,-12.294,66.527
86.537,29.65,-16.835,70.78,-8.091,65.276
63.279,1.0651,1.8315,74.241,34.984,85.107
69.86,-28.73,9.7091,88.075,-14.412,64.98
63.255,-1.205e-05,0.13355,63.255,-0.0085355,99.925
64.559,9.7002,-11.766,79.126,-34.642,78.269
90.675,-8.5902,28.832,63.806,-3.6797,69.106
90.551,17.007,25,65.398,6.1961,67.516
63.475,6.3654,0.87175,99.03,8.0289,63.605
89.861,-23.567,20.204,67.429,-6.9356,65.985
63.564,7.0861,-2.7273,95.544,-20.655,65.834
83.841,1.1866,35.663,63.27,0.88382,75.373
63.256,-9.5686e-05,-0.30088,63.255,0.030084,99.924
66.533,6.6434,-22.138,66.455,-20.813,90.427
63.417,-4.4206,-3.3021,88.37,32.189,71.343
70.377,-28.676,12.028,86.36,-16.789,65.783
67.143,-24.57,-3.4968,93.625,7.2424,63.602
68.084,-26.794,3.747,92.359,-6.8574,63.583
75.7,-34.422,9.9521,82.114,-9.6527,64.321
87.644,-10.596,-31.486,64.213,5.6487,71.043
78.954,-1.7655,36.611,63.299,-1.8301,80
67.806,22.959,13.108,86.816,23.253,67.92
99.712,4.6213,-2.0125,63.369,-0.098842,63.277
63.268,-0.44224,1.4822,67.008,-24.45,94.31
84.635,-17.752,-30.505,66.332,10.331,71.218
64.186,12.905,-1.5535,98.061,-6.8924,63.522
63.327,3.6003,0.83438,98.277,13.341,64.242
80.027,25.337,-26.489,71.204,-15.693,70.165
90.945,28.271,-9.2494,68.922,-3.5553,63.787
97.379,-14.332,9.2181,64.429,-1.4968,63.726
67.784,-6.1741,25.654,65.255,-16.365,90.391
67.467,23.432,10.397,89.396,19.806,66.291
63.256,-0.28802,-0.24335,86.56,34.078,73.021
88.747,-18.195,26.58,65.902,-7.578,68.362
83.133,-25.465,25.413,69.949,-12.721,68.756
64.205,11.7,-5.9421,92.331,-24.883,67.445
64.288,10.323,-8.9483,85.064,-32.964,73.111
63.729,-8.9474,-2.776,96.564,17.104,64.97
91.503,25.67,-13.522,67.855,-4.6821,64.394
63.276,1.9883,0.2151,99.545,6.4207,63.475
87.593,15.163,-29.608,65.206,-7.5038,70.002
83.506,21.696,-28.512,68.08,-12.232,70.328
78.859,36.368,4.5132,79.923,3.7055,63.437
92.886,-17.337,20.67,65.278,-4.7478,65.941
71.509,-25.065,-20.772,79.126,23.667,70.661
70.048,30.546,2.0383,90.133,3.0521,63.326
90.608,9.3831,-28.671,63.913,-4.0018,69.041
65.869,18.813,-9.2345,90.539,-22.749,67.042
64.656,6.1984,14.503,69.709,28.803,88.71
64.32,13.853,0.29417,98.258,1.2218,63.263
63.719,-6.9583,6.1231,85.393,-33.911,73.481
98.72,-5.2778,10.644,63.408,-0.61708,63.873
63.46,6.192,0.25659,99.552,2.4598,63.287
98.202,-8.7122,11.127,63.679,-1.0795,63.936
96.69,6.4481,-17.952,63.5,-1.3639,65.119
73.936,-32.949,-11.206,83.46,12.08,64.793
78.842,-16.978,32.476,67.245,-14.813,75.413
68.736,-28.253,2.6803,91.742,-4.5657,63.404
83.604,33.23,-13.284,74.025,-7.9843,64.604
63.267,-0.017421,-1.5139,63.261,1.0876,99.896
74.768,-25.28,24.701,74.903,-20.992,71.392
74.589,-32.945,-12.499,82.347,12.807,65.094
71.153,-32.047,2.2614,88.725,-3.0786,63.332
64.323,-12.359,6.3166,92.113,-24.878,67.48
78.928,-17.449,32.232,67.438,-14.974,75.115
63.802,-8.3336,5.6147,89.44,-30.119,70.064
71.327,-31.13,8.756,87.009,-11.538,64.424
86.788,-31.577,-12.358,71.632,6.1731,64.313
74.091,-14.154,-31.914,67.378,18.023,80.09
96.322,-16.555,11.317,64.877,-2.1897,63.981
83.563,31.359,17.279,72.944,9.9686,65.593
63.301,-0.078696,2.9464,63.289,-2.5174,99.799
64.852,-12.987,-10.605,85.439,31.526,72.158
76.393,-36.009,-2.7876,82.637,2.649,63.333
74.751,19.864,-29.222,70.685,-20.711,75.67
74.518,-19.094,29.563,70.294,-20.706,76.328
63.77,9.4616,2.3949,97.333,14.231,64.415
63.301,1.8061,2.335,78.967,36.583,79.985
96.695,18.098,-5.9837,65.163,-1.2432,63.454
91.742,24.029,15.665,67.264,5.071,64.791
63.818,-7.834,-6.5212,86.21,33.128,72.671
83.896,-35.655,0.45859,75.339,-0.2859,63.257
73.195,-12.124,32.008,66.594,-17.191,82.025
98.607,7.7403,9.6988,63.585,0.82555,63.767
82.061,-27.863,23.302,71.679,-13.262,67.973
71.491,28.278,16.085,82.97,19.764,67.404
97.041,-3.4388,17.745,63.324,-0.71195,65.064
64.12,-3.0039,-12.178,65.795,20.201,94.772
91.201,19.272,22.224,65.92,6.0228,66.504
96.493,-19.355,-3.1427,65.448,0.70036,63.31
68.164,27.148,2.0543,92.588,3.736,63.352
80.128,-28.64,-22.866,73.197,14.797,68.169
65.455,19.341,1.6176,96.375,4.5882,63.381
64.384,1.3633,-14.18,63.662,-8.4349,97.546
74.496,32.952,-12.317,82.505,-12.712,65.051
66.231,-21.471,-5.5539,93.742,13.207,64.397
70.908,30.708,-8.3225,87.614,-11.368,64.358
73.215,6.4927,33.623,64.228,10.005,85.023
75.332,-34.594,8.6278,82.838,-8.6135,64.07
69.689,29.239,6.9557,89.443,10.636,64.143
67.551,-5.7286,25.197,65.076,-15.793,90.952
75.766,-29.864,-19.854,77.8,17.532,67.828
80.895,30.893,19.563,74.182,12.819,66.626
82.222,-27.874,23.22,71.609,-13.106,67.906
68.515,26.728,8.1716,90.14,13.988,64.738
71.731,5.3179,-32.371,64.032,-9.402,87.049
63.262,-0.0021177,1.175,63.255,-0.17044,99.913
63.306,2.5834,1.6973,90.387,30.3,69.874
63.766,-5.7997,7.8029,77.935,-35.781,80.453
71.663,-27.092,18.363,81.179,-21.616,68.726
82.949,34.309,11.049,75.08,7.0165,64.2
66.743,22.156,8.4866,91.286,18.177,65.623
70.461,-30.873,-4.5966,89.216,6.6057,63.603
65.31,-10.081,15.893,74.436,-32.604,82.244
64.014,11.18,-3.7041,95.819,-17.91,65.184
78.224,36.42,-3.4099,80.668,-2.9086,63.362
72.222,3.9305,-33.095,63.656,-6.7305,86.967
74.442,-33.556,-10.446,83.223,10.94,64.536
66.109,15.02,-15.771,80.287,-31.974,75.328
99.618,-5.9458,1.1251,63.444,-0.071235,63.262
63.3,2.0513,2.0716,83.406,35.785,75.729
66.566,-22.439,5.9338,93.213,-13.298,64.437
63.296,-1.5571,2.324,76.492,-36.095,82.578
63.419,5.5464,0.22634,99.617,2.4261,63.286
82.487,-33.723,-13.157,74.998,8.4453,64.63
89.916,26.897,-15.373,68.63,-5.9031,64.791
66.19,14.712,-16.418,79.249,-32.096,76.221
63.423,2.9066,-4.8104,74.749,-35.12,84.336
74.79,34.686,6.8557,83.812,7.1295,63.785
64.921,11.272,-12.854,79.892,-33.991,77.087
64.943,-17.015,-2.5368,96.715,8.2515,63.656
97.51,4.3429,-16.04,63.363,-0.79874,64.711
90.228,-13.218,-27.622,64.576,5.4646,68.62
64.956,-14.662,9.114,89.135,-27.503,69.055
63.566,-0.95263,7.5617,63.978,-11.41,98.312
70.86,28.666,-13.66,84.998,-18.072,66.382
86.184,34.344,0.46894,73.339,0.25644,63.257
70.351,29.042,11.01,86.952,15.52,65.36
63.465,6.2434,0.62884,99.296,5.9425,63.445
66.881,-24.109,-0.45349,94.499,0.98109,63.261
64.514,-11.448,9.695,85.212,-32.398,72.729
63.256,0.00082817,-0.5193,63.255,-0.15085,99.923
85.268,-31.22,15.683,72.07,-8.3141,65.062
65.466,9.8109,-16.801,73.172,-31.664,83.464
91.798,-21.216,19.188,66.394,-5.5432,65.6
65.779,7.2048,-19.337,68.11,-25.134,89.241
81.752,-16.501,32.446,66.388,-12.031,73.668
86.871,-30.17,-15.34,70.912,7.3656,64.904
63.409,4.2681,-3.2597,88.034,-32.523,71.625
64.181,2.9451,-12.623,65.539,-19.236,95.052
75.072,-35.026,-5.8833,83.691,6.0272,63.636
96.159,13.813,15.105,64.395,2.4716,64.569
63.556,-0.012675,7.4998,63.255,-0.15735,99.451
63.26,0.00016383,0.95384,63.255,0.016244,99.918
67.068,-3.7954,-24.325,64.165,11.587,92.908
92.13,-0.11797,28.131,63.255,-0.046784,68.607
79.973,36.655,0.46482,79.034,0.36023,63.257
98.587,-10.117,-7.343,63.819,0.81453,63.547
63.662,8.6072,-1.2579,98.667,-8.493,63.652
69.497,-24.247,17.22,82.705,-24.378,69.561
68.192,27.284,0.29226,92.688,0.53045,63.257
66.243,9.6323,20.017,70.433,28.312,85.694
70.463,20.273,-23.738,75.548,-26.445,75.108
75.461,-15.865,32.001,67.794,-17.697,78.155
78.138,30.513,-20.151,75.97,-15.389,67.353
63.289,-0.07283,2.5325,63.294,-2.7117,99.81
63.259,6.7458e-05,0.87746,63.255,0.0072711,99.919
64.972,-17.02,-3.3119,96.254,10.641,63.932
79.633,-27.159,-24.637,72.543,15.771,69.212
87.936,-28.037,17.343,69.599,-7.491,65.327
74.736,13.195,32.769,66.64,16.387,80.278
63.76,9.6158,0.96103,98.843,5.8329,63.441
75.926,-29.04,21.16,76.906,-18.128,68.472
69.985,-24.914,17.625,82.285,-23.812,69.429
64.863,-12.95,10.732,85.199,-31.687,72.349
67.042,22.787,9.1383,90.618,18.633,65.811
84.765,-32.114,-14.47,72.782,8.0233,64.807
83.698,-29.568,20.088,71.872,-11.007,66.464
97.16,-1.6756,17.639,63.271,-0.34367,65.038
73.349,18.464,28.971,70.643,21.972,77.162
67.03,22.725,-9.2036,90.57,-18.789,65.859
77.213,-2.1085,36.313,63.327,-2.4675,81.769
93.272,-16.654,-20.416,65.095,4.4481,65.851
78.598,9.5465,-35.359,64.566,-9.611,78.786
68.18,25.065,-10.72,88.793,-18.703,66.043
64.356,-1.4331,-14.008,63.716,8.9699,97.505
85.644,-19.924,28.417,66.915,-10.155,69.766
65.925,8.638,-19.311,69.762,-27.737,86.935
97.488,-16.645,1.2412,64.828,-0.23173,63.263
64.552,-14.906,-3.0342,96.776,11.283,64.001
64.712,15.359,-4.7202,95.196,-16.339,64.902
72.894,27.63,19.757,79.554,20.922,68.947
63.328,-3.6392,0.76342,98.543,-12.154,64.068
63.266,0.04726,1.4241,63.307,3.1314,99.826
63.261,0.021046,-1.0906,63.273,-1.8236,99.887
92.493,26.866,-6.2793,68.084,-2.1772,63.491
63.257,0.013074,-0.55335,63.281,-2.2327,99.881
69.687,20.135,-22.309,76.799,-27.367,74.706
67.626,13.413,22.294,72.523,28.84,81.522
63.386,4.0604,2.8548,89.319,31.303,70.62
63.256,0.0043957,0.49235,63.259,0.8444,99.917
67.854,-26.436,-2.4052,92.947,4.5399,63.395
64.368,14.038,-1.7725,97.746,-7.1736,63.547
84.503,-0.41644,35.36,63.257,-0.29668,74.797
97.555,-14.285,8.1971,64.414,-1.3187,63.625
93.695,21.363,-14.146,66.208,-3.8228,64.453
89.557,14.88,-27.624,64.974,-6.2978,68.711
67.84,-26.513,-0.31521,93.168,0.59709,63.257
99.758,1.8555,-4.0581,63.273,-0.080021,63.342
72.796,22.643,-25.201,74.71,-23.543,73.516
98.768,10.656,4.6963,63.876,0.54481,63.374
95.03,15.104,-17.418,64.674,-3.2362,65.055
63.733,9.2952,-1.4294,98.494,-8.8995,63.693
97.263,14.522,9.5933,64.465,1.584,63.766
90.446,-25.305,-16.781,67.929,5.985,65.077
69.248,28.228,7.9127,89.532,12.57,64.488
65.3,-16.87,8.2569,91.279,-23.221,67.077
79.227,21.013,-30.047,69.12,-16.061,73.011
65.273,16.461,-8.8015,90.454,-24.714,67.718
87.025,-14.8,30.307,65.166,-7.7098,70.502
89.907,30.915,2.1586,70.271,0.93087,63.284
67.798,-18.03,19.308,78.652,-29.749,74.979
94.396,-23.881,4.6584,66.828,-1.3567,63.38
64.286,1.9632,13.502,64.176,12.572,96.913
99.547,-3.5692,5.6724,63.323,-0.21652,63.427
63.865,0.84534,10.56,63.546,7.2524,98.518
63.385,-4.7579,-1.3331,97.528,15.83,64.677
63.255,-0.12053,-0.23673,72.34,33.445,87.376
72.806,-0.014446,33.888,63.255,-0.023829,86.816
74.555,-32.939,-12.458,82.394,12.796,65.086
64.359,8.7282,-11.068,78.52,-34.951,79.119
85.355,24.382,24.95,68.742,10.781,68.142
65.076,14.605,10.201,87.48,29.153,70.232
69.204,-28.801,5.0402,90.627,-8.1335,63.75
63.791,0.75708,-9.9189,63.521,-6.9491,98.671
91.076,25.49,-15.004,67.873,-5.2509,64.679
65.626,20.055,0.78613,96.274,2.1447,63.283
95.475,1.2394,22.054,63.265,0.33803,66.194
67.067,4.1197,-24.27,64.327,-12.519,92.676
64.052,5.0884,10.937,70.866,30.961,88.083
65.652,-16.513,11.585,86.783,-28.54,70.174
64.77,16.061,-3.13,96.546,-10.738,63.937
69.239,28.96,-4.4558,90.738,-7.1766,63.639
95.48,-21.908,2.72,66.156,-0.70457,63.297
68.51,13.762,-24.314,71.384,-27.088,81.755
63.743,7.0725,6.3524,85.023,34.097,73.773
78.591,36.423,3.8328,80.258,3.1994,63.388
76.622,-0.85345,-36.187,63.267,1.0446,82.477
70.984,-31.765,-3.0741,88.84,4.239,63.401
73.917,-34.763,1.3357,85.483,-1.486,63.276
76.152,26.548,24.351,74.63,19.277,70.35
92.858,-0.97911,-27.005,63.262,0.36186,68.062
94.879,-23.124,-3.3742,66.551,0.93808,63.32
70.199,-1.1982,30.816,63.304,-2.5182,89.971
63.385,3.9302,-2.9992,88.074,-32.542,71.62
76.438,-12.741,33.812,65.984,-14.186,79.272
81.939,4.805,36.036,63.524,4.0202,76.813
91.058,16.172,-24.795,65.154,-5.7395,67.391
73.792,-16.633,30.451,69.049,-20.325,78.469
73.462,32.504,11.398,83.848,12.669,64.909
68.091,-20.444,-17.743,81.449,28.054,72.092
86.45,30.854,-14.659,71.401,-7.2988,64.773
73.514,13.992,-31.52,67.524,-18.625,80.545
98.175,8.701,11.272,63.678,1.0933,63.955
75.961,-35.006,8.17,82.298,-7.8607,63.956
91.269,-23.415,-17.657,67.141,5.6917,65.246
63.697,-8.8024,-2.1077,97.622,13.561,64.298
63.816,9.1411,4.4648,93.227,24.572,67.203
93.355,9.3328,-24.49,63.837,-3.0389,67.09
88.443,-9.0583,31.216,63.931,-4.6315,70.712
96.158,-14.532,14.417,64.516,-2.4771,64.449
97.201,-9.4159,-14.862,63.768,1.6121,64.505
97.083,-11.709,13.606,64.05,-1.8349,64.299
80.357,35.121,-10.407,77.529,-7.6803,64.177
66.217,4.0521,-21.757,64.595,-14.241,93.475
97.414,9.1266,-14.259,63.733,-1.4886,64.399
86.455,34.154,0.35878,73.11,0.19309,63.256
95.334,-10.814,19.618,63.978,-2.6082,65.552
63.307,3.008,0.84843,97.616,15.972,64.698
93.236,-26.365,-1.4837,67.779,0.49217,63.268
64.995,17.44,-0.26903,97.244,-0.86536,63.259
95.219,10.11,-20.27,63.89,-2.5335,65.721
91.786,-28.015,5.8695,68.637,-2.167,63.464
65.005,17.094,-3.711,95.964,-11.782,64.092
71.205,29.209,13.53,84.821,17.44,66.199
88.901,27.871,-15.842,69.265,-6.5362,64.929
88.818,-10.763,30.286,64.191,-5.2267,70.128
80.154,-34.345,-12.785,77.127,9.399,64.674
68.647,-24.417,14.126,85.764,-22.627,67.911
64.865,-14.518,-8.516,89.938,26.661,68.534
65.935,-16.757,-12.97,85.123,29.503,71.236
65.999,21.226,-2.7796,95.315,-6.9846,63.558
63.296,-2.3276,-1.5386,90.313,30.413,69.942
63.255,-1.8925e-05,0.11976,63.255,-0.014949,99.925
77.748,19.155,-31.067,68.7,-16.961,74.855
70.979,-30.968,-7.6852,87.762,10.465,64.184
65.014,-12.744,-12.037,82.959,32.8,74.13
77.442,-25.398,-26.119,72.762,18.276,70.956
93.723,-25.416,2.8259,67.392,-0.8916,63.302
66.591,-23.221,-1.7398,94.771,3.9373,63.353
66.072,-7.4168,-20.346,67.863,24.421,89.169
72.679,-11.972,-31.578,66.7,17.704,82.477
85.563,-34.706,-1.8714,73.844,1.06,63.28
67.077,11.063,-22.021,70.6,-27.719,84.429
72.055,8.2,-32.125,65.017,-13.615,85.345
67.433,8.6068,-24.059,67.41,-22.513,87.957
65.578,18.578,7.1039,92.819,19.009,65.685
80.18,-25.86,-25.964,71.438,15.491,69.802
94.997,-12.09,19.71,64.169,-2.9579,65.589
66.398,-22.601,-2.1511,94.956,5.0272,63.414
71.952,31.667,9.4474,86.101,11.823,64.538
93.879,-14.89,20.446,64.696,-3.9127,65.829
78.208,35.039,10.494,79.521,8.7465,64.288
68.769,-19.13,21.05,77.541,-28.543,74.979
74.318,20.464,28.473,71.43,21.446,75.317
65.789,20.671,0.23818,96.073,0.62714,63.257
99.546,1.9525,6.4269,63.275,0.1343,63.476
95.483,19.739,9.8728,65.62,2.3228,63.813
64.663,14.437,6.4415,92.914,22.243,66.548
64.694,-10.987,-11.591,81.395,34.012,75.929
69.027,28.921,-0.39835,91.565,-0.65931,63.258
94.783,-20.026,12.419,65.751,-3.0376,64.155
78.139,-33.383,-14.924,78.23,12.108,65.407
79.416,17.708,-32.111,67.419,-14.636,74.675
66.453,12.329,19.265,73.941,30.983,81.37
69.743,-25.684,15.773,84.024,-22.357,68.228
64.156,-3.1636,12.4,65.954,-20.721,94.49
65.852,16.019,-13.424,84.041,-30.529,72.244
65.58,-12.225,15.698,77.445,-33.103,78.723
89.724,6.3843,30.534,63.573,3.03,70.095
64.363,-4.1584,13.494,67.012,-23.699,92.7
63.589,1.2056,-7.7989,64.331,-13.798,97.738
63.447,3.6922,-4.7241,79.041,-36.362,79.727
72.156,-21.547,25.337,74.447,-24.344,74.429
67.755,-24.745,8.971,90.313,-16.68,65.338
66.122,-20.666,7.0116,92.777,-16.846,65.174
64.042,6.7451,9.9089,76.281,35.003,81.844
74.496,-33.806,9.7322,83.393,-10.195,64.359
65.262,5.6689,17.74,67.079,23.251,91.33
64.44,9.753,10.832,80.731,34.617,76.855
78.488,31.51,18.644,76.428,14.245,66.652
88.273,-26.371,19.272,68.813,-7.795,65.821
77.534,-4.6642,-36.153,63.596,5.2774,81.085
71.928,-21.567,25.005,74.756,-24.617,74.356
64.668,-14.071,-7.2695,91.563,24.728,67.524
97.694,0.29305,16.001,63.256,0.053512,64.699
67.263,4.8019,24.665,64.634,14.015,91.966
64.912,11.14,-12.915,79.619,-34.044,77.361
73.183,-33.852,-4.9881,85.943,5.8036,63.569
83.049,-32.449,-15.607,73.865,9.4733,65.177
71.408,-31.835,6.2073,87.72,-8.2101,63.83
75.824,-11.64,-33.947,65.661,13.775,80.307
94.462,-10.637,21.741,63.978,-2.9386,66.158
65.621,19.992,-1.5701,96.154,-4.2836,63.366
73.846,-26.961,-21.904,77.487,21.002,69.873
66.384,22.546,2.2794,94.945,5.3384,63.435
82.329,29.552,20.989,72.523,12.324,66.964
69.524,-29.681,2.4901,90.751,-3.9146,63.369
95.351,-18.181,13.023,65.276,-2.8509,64.237
63.258,-0.58365,0.38248,90.481,-30.315,69.855
65.196,16.218,-8.5643,90.677,-24.582,67.631
63.838,-9.6673,-3.7344,95.132,20.501,65.835
89.183,-17.452,-26.55,65.647,7.1456,68.292
84.435,24.36,25.682,68.995,11.598,68.632
96.326,-17.847,9.121,65.136,-1.8948,63.723
63.467,-0.92254,-6.2278,64.252,13.35,98.048
65.097,9.8795,14.932,75.19,33.214,81.686
63.489,6.5963,-0.52963,99.367,-4.7452,63.376
