1808,-1659.4,-800.48,110.91,24.489,85.91
2468.1,191.7,-735.67,81.916,-1.8872,85.204
1229.3,-2074.4,-912.71,160.45,52.309,87.331
89.848,11.046,1075.9,85.148,663.64,2251.7
1255.4,-2050.6,-931.32,156.66,51.815,87.589
269.66,2424.9,334.6,774.91,105.74,82.435
353.98,1358.7,-2085.7,332.36,-479.39,146.42
497.89,1177.6,2205.1,212.17,338.42,163.07
768.56,-1883.5,1569.5,217.22,-155.42,103.18
123.89,-1615.3,-1074,1418.5,939.99,98.025
1350.1,73.019,-2196.4,81.79,-7.2014,156
744.2,2437.8,-315.72,281.27,-33.357,82.295
1889.6,431.72,-1705,83.778,-16.444,108.81
98.346,31.649,-1437.4,94.316,-1071.7,1857.1
755.97,1360,2043.9,168.86,194.4,134.95
1293.4,-2211,-297.76,161.98,16.269,82.221
1692.1,1129.9,1587.8,98.239,42.642,103.63
2364.4,227.77,1013,82.049,3.3592,88.795
1151.1,-2175.6,-764.75,174.98,48.109,85.525
304.6,2002.3,1447.5,563.21,398.6,100.41
422.47,2285.9,1011.7,457.74,196.15,89.079
2514.5,-582.43,-88.7,83.835,0.65079,81.718
1469.5,1461.8,-1536.2,115.28,-60.347,101.68
500.69,-1919.4,1601.4,327.67,-256.41,105
2334,-904.65,-634.63,87.597,8.0349,84.257
1870.6,-233.92,1763.6,82.307,-9.5725,111.89
518.22,-1458.5,2028.6,246.67,-305.49,134.76
1454.7,-1855.8,1046.6,132.51,-46.341,89.361
1834.2,-1772.1,-398.76,113.61,12.355,82.663
533.2,360.93,2471,98.994,216.44,326.36
1540.6,1445.8,1481.2,112.08,53.851,99.766
1989.1,-840.94,-1414.8,88.68,22.656,97.658
506.16,-2053.8,-1424.4,345.57,226.28,98.484
1166.3,-184.95,-2291.2,82.696,25.249,178.6
1192.5,-2275.9,-209.26,176.29,12.731,81.941
126.81,-95.837,-1971,114.8,1166.1,1183.3
1104,879.88,-2155.7,104.55,-99.826,149.24
749.95,2296.8,-871.59,264.54,-90.82,86.827
1429.2,2122.7,-325.95,146.4,-15.484,82.331
710.36,-2343.6,-768.95,283.27,85.217,85.606
122.05,1580.6,-1084.9,1425.6,-975.25,99.005
998.33,-987.11,2158.9,115.04,-124.81,149.99
2351.5,-328.01,1015.6,82.462,-4.8788,88.836
111.72,-1679.9,526.62,1801.7,-563.64,85.581
2536.4,457.77,163.4,82.991,0.93543,81.834
2233.5,0.66052,1295.8,81.67,0.014032,94.436
249.31,-2023.9,-1342.7,706.45,462.41,97.808
906.78,-540.09,-2347,95.161,108.94,199.63
1337,1093.7,-1915.2,105.59,-74.291,122.02
684.11,-1976.4,1485.8,251.29,-168.95,100.21
2007.7,-694.67,1467,86.428,-19.543,99.273
697.55,-2158.5,-1199.8,267.26,134.68,92.403
90.064,37.607,-1087.4,114.95,-1646.1,1663.9
2008.1,-324.77,-1589.9,82.733,10.341,103.69
917.33,2392.7,-238.9,228.94,-19.949,82.025
679.88,1003.8,-2260.6,146.37,-227,173.11
2318,-1111.9,242.86,90.59,-3.7048,82.034
2081.2,-1525.5,-90.587,101.29,2.1042,81.72
94.655,1294.5,-162.77,2211,-277.62,82.312
565.02,622.59,-2414.6,122.23,-262.44,249.42
976.27,-667.31,2287.3,99.037,-108.61,178.16
301.62,-2467.5,90.518,698.85,-25.287,81.724
194.57,2337.2,-35.96,1083.9,-16.582,81.68
1349.6,103.13,-2195.5,81.909,-10.159,155.83
2126.8,-1092.1,975.22,91.823,-17.129,88.211
669.46,-988.49,-2269.8,146.39,231.54,175.77
261.82,1874.2,-1564.1,620.72,-509.04,105.99
271.61,-1198.2,-2136.4,386.5,658.35,164.1
94.197,-1172.2,529.03,2041.2,-919.77,89.59
1503.3,-1253.1,1681.3,106.39,-58.627,107.71
306.37,-2410.8,-544.95,671.76,149.61,83.701
273.64,-554.11,2387.6,191.56,-675.36,328.63
2375.4,958.31,-328.33,88.073,-4.2279,82.339
2402.6,814.7,482.6,86.243,5.274,83.136
778.78,-2447.1,92.923,270.66,-9.3421,81.724
185.28,573.16,2240.1,293.07,1056.4,317.24
1049.4,-2140.9,975.38,186.01,-68.409,88.247
635,-1061.2,2244.3,160.03,-250.31,169.52
2238.6,427.41,-1214.1,83.147,-8.3177,92.549
2130.1,-139.46,1452.6,81.845,-3.6438,98.807
362.12,2354,-815.5,551.03,-186.7,86.33
384.13,647.35,2410.1,162.82,453.66,275.43
2458.8,553.12,-563.72,83.713,-4.1139,83.69
1256.9,596.48,-2171,90.436,-60.715,151.55
85.438,-744.27,-144.12,2423.8,468.79,83.185
1340.7,-2161.4,427.36,155.15,-22.176,82.816
1192.9,2078.3,950.24,164.35,56.589,87.864
89.538,-1050.8,123.01,2339.7,-273.56,82.227
2072.3,1540,-18.148,101.78,-0.42714,81.672
642.39,-213.38,-2472,86.128,100.61,311.35
386.91,-125.78,-2492.8,86.068,169.88,517.29
1151.2,-2238.1,555.52,178.92,-35.155,83.638
156.28,-524.3,2134.4,331.58,-1268,332.43
1424.7,1252.4,1748.2,108.82,66.333,111.11
989.01,-237.75,-2365.7,84.013,45.966,207.32
1250.6,289.84,2236.1,83.844,33.109,164.29
1649.3,-1858.3,-697.72,123.12,25.886,84.832
472.18,-556.53,2438.1,127.36,-328.55,286.44
397.86,134.93,-2493.8,86.435,-171.27,500.93
162.73,177.44,-2222.3,131.42,-1010.3,805.51
578.47,469.68,2447.1,105.62,221.31,281.93
315.96,-2399.8,-609.93,647.3,161.89,84.226
1740.1,-955.65,1649.4,93.199,-37.336,106.22
2330,-1055.6,353.77,89.669,-5.1226,82.448
458.87,-1474.8,2019.8,278.97,-349.32,134.57
897.63,-2335.2,602.24,228.45,-51.386,84.006
582.32,-2486.1,159.86,361.5,-22.059,81.83
138.1,-1566.1,1368.3,1151.5,-1001,108.33
862.61,-1565.3,1850,169.8,-154.26,117.61
1643,1810.1,-827.21,121.6,-30.501,86.224
776.54,-2435.5,261.01,270.21,-26.313,82.095
81.82,98.157,-121.55,1620.9,-2002,129.89
221.77,-89.225,-2390.6,88.989,376.06,872.86
1738.6,-1841.3,498.79,119.03,-17.064,83.241
528.34,-164.33,-2492.2,85.622,117.09,380.8
1384.2,706.82,-2058.6,91.735,-55.41,135.66
806.37,2364,-607.69,254.15,-58.584,84.055
1424.6,-2149.7,-61.216,148.01,2.9316,81.693
958.69,2070.9,1191.9,194.99,92.536,92.151
1963.2,-1403.7,916.7,100.43,-22.212,87.369
103.6,-55.61,1586.8,108.38,-1336.5,1534.2
2045.2,1086.8,-1141,92.501,-21.411,91.054
435.71,-1345.2,2107.9,269.37,-383.3,146.77
1337.6,-2004.5,-918.96,147.33,46.787,87.413
2429.9,186.5,-854.32,81.911,-2.1999,86.548
300.51,-2463.6,156.53,700.5,-43.903,81.833
249.92,-2381.9,478.02,827.62,-164.48,83.283
81.749,-3.3393,113.59,111.41,-1753.3,1891.4
1028.9,1859.8,-1455,169.12,-101.45,98.997
1842.4,-1630.2,781.98,109.1,-23.006,85.701
84.042,-2.8003,608.95,82.481,-350.79,2485.1
2553.9,-62.585,-379.18,81.695,0.29738,82.566
1494.9,-217.63,-2091.6,82.534,16.511,139.62
455.07,-2382.6,760.1,442.26,-136.28,85.59
1244,-2235.2,-322.96,168.22,18.577,82.319
1532.9,-1577.2,1349.2,117.27,-51.658,95.83
1885.3,-173.45,1755,82.016,-6.9782,111.41
1871.3,1754.5,-289.25,112,-8.647,82.188
127.17,-1189.3,-1579.5,999.81,1319,135.49
362,1935.4,1568.6,455.58,357.36,104.45
190.2,-2321.5,-145.5,1106.8,68.987,81.829
255.93,1594.6,-1840.9,543.12,-612.84,123.93
681.71,-2065,1360.9,262.23,-156.05,96.363
1656,-629.92,1876.5,87.393,-32.979,119.03
2233.6,-123.94,1289.8,81.796,-2.6163,94.287
1234.4,-2082.4,887.26,160.42,-50.635,86.989
81.804,0.73526,-147.47,82.675,-400.52,2547.1
2106.8,1245.4,822.92,94.891,16.255,86.168
2110.2,1086.3,1016.7,91.871,18.035,88.857
746.12,1023.6,-2234.3,139.2,-199.25,165.86
558.63,-2097.5,1350.1,320.55,-192.94,96.198
511.93,2482.2,-289.01,409.36,-45.766,82.2
347.75,-2422.7,-564.08,591.02,134.98,83.813
840.83,-569.12,-2362.8,98.767,129.67,207.43
2101.2,1477.5,-261.86,99.866,-5.8621,82.094
2351.7,-526.75,927.66,83.696,-7.0496,87.518
1286.7,-2187.4,-457.6,161.32,25.098,82.988
1687.4,1952.6,33.901,124.99,1.2436,81.677
2175.6,-1350.8,-330.68,96.151,6.5559,82.349
166.43,-1549.9,-1625,876.7,911.22,118.06
84.078,-549.57,272.19,2248.4,-1112.1,91.126
532.54,-508.46,2444.9,113.56,-263.66,284.84
302.5,1631.2,1854.2,464.63,511.82,122.56
1344.9,-720.25,2079.5,92.682,-59.813,138.2
691.56,1101.6,-2211.8,154.38,-223.22,161.35
217.33,-319.13,-2363.4,153.02,810.46,517.97
1599,245.77,-2010.5,82.632,-15.639,130.37
1553.3,-293.27,-2039.5,83.117,19.949,133.43
632.91,-423.11,-2446.6,98.495,177.97,276.33
406.98,-2258.5,1068.4,469.79,-215.52,90.097
1199.6,1676.7,1547.7,140.57,85.965,102.15
348.98,-546.11,-2427.2,154.76,496.28,318.96
1416.8,-1208.5,-1785.1,107.42,66.953,113.19
599.48,2485,-135.69,351.35,-18.149,81.785
1299.4,-533.79,2162.6,88.318,-51.839,150.1
386.11,-1705,-1822.7,377.92,385.15,118.06
1730.6,68.355,-1913.7,81.734,-3.5723,121.79
699.08,1379.2,-2048.1,181.64,-215.19,135.66
553.41,-2386.5,727.81,365.34,-105.85,85.202
731.9,198.2,-2453.3,84.648,-72.427,278.05
2255.5,-643.11,1080.3,84.929,-10.739,89.926
2315.4,1138.6,-103.86,91.022,-1.6185,81.736
906.91,-606.01,-2330.8,98.349,117.42,193.13
546.18,-2414.5,631.88,374.17,-93.255,84.291
236.27,1514.5,1878.9,563.85,684.82,129.31
657.04,-2156.4,1221.4,282.21,-146.46,92.902
1096.3,2214.6,730.19,184.51,48.915,85.165
1649.3,816.88,1809.1,91.16,39.848,114.57
2000.2,309.16,-1602.9,82.642,-10.014,104.21
2364.2,-735.26,734.06,85.533,-7.5392,85.188
455.28,2031.1,1459.3,379.24,259.85,99.768
1365.9,-1972.9,-946.08,143.65,46.621,87.796
619.72,2060.9,1389,285.9,176.97,97.225
743.64,413,2423.4,93.555,130.61,247.61
81.688,-50.206,-21.097,2380.6,999.19,88.58
86.694,862.81,-73.388,2424.2,-205.96,81.965
1092,-2006.7,1191.6,171.24,-78.555,92.124
1876.4,1574,-815.92,106.64,-22.857,86.088
2558.1,286.81,-208.94,82.182,-0.74399,81.939
94.36,-60.942,-1291.3,133.27,1763.2,1369.9
244.79,-2193.5,1030.9,780.61,-362.84,90.15
88.765,-930.55,-395.55,2187.1,928.37,88.733
1185.2,2285,137.35,177.71,8.426,81.786
1052.7,-2024.8,1195.3,177.47,-82.576,92.207
609.17,2088,-1351.3,294.06,-175.62,96.166
2377.5,-326.76,-953.67,82.439,4.4656,87.889
608.5,1933.7,1564.3,274.34,202.27,103.19
2446,-229.04,-796.25,82.028,2.4815,85.857
959.85,-355.19,-2362.4,87.121,70.237,206
2177.1,-900.86,1056.4,88.395,-15.172,89.512
1852.9,-1377.2,-1154.9,101.79,30.416,91.331
558.67,2470.2,346.61,374.05,49.984,82.432
823.75,-338.62,2412,88.364,-91.758,236.65
869.58,2407.5,-256.11,241.35,-22.735,82.078
802.3,1839.5,1606.3,205.19,150.78,104.64
1427.6,-1427.1,-1606.3,115.58,65.131,104.41
1302.2,2037.9,895.44,151.89,47.446,87.095
733.66,-2269.4,951.54,267.01,-101.48,87.937
1018,2243.5,751.02,198.18,55.075,85.384
1796.4,-812.68,-1666,89.655,31.278,106.96
1722,-1795.3,-687.84,118.05,23.582,84.738
304.2,416.34,2435.2,141.9,555.01,399.08
448.39,2337.5,-888.93,440.64,-161.81,87.186
2299.4,-1175.1,17.39,91.728,-0.28139,81.672
2236.3,-1291,-13.683,94.319,0.25013,81.671
906.24,-1804.5,1595.3,182.57,-129.11,104.11
852.41,-2421.2,-162.74,246.95,14.783,81.834
185.52,-1825.9,-1419.8,898.93,693.24,103.3
1814.3,-1468.6,1102.2,105.11,-31.265,90.327
127.02,1966.3,191.17,1652.8,160.29,82.054
951.9,1978.7,-1343.9,188.96,-104.36,95.771
1136.2,2283.2,371.79,183.7,24,82.534
1212.7,985.63,2050.4,105.34,87.413,134.85
2576.3,121.92,134.04,81.762,0.20106,81.78
484.97,-1613.4,1910.3,287.49,-312.91,123.55
1457,-2129,8.8838,144.77,-0.41181,81.671
95.827,-773,-1106.9,1262,1799.6,142.44
2502.2,312.19,-557.69,82.304,-2.256,83.646
703.15,1922.9,-1547.4,239.24,-170.09,102.4
1781.5,-1669,-838.57,111.97,26.325,86.359
1726,-826.99,1731.7,90.58,-35.481,110.19
1863.1,968.08,-1501.8,92.056,-30.404,100.44
2243.9,-1187,-473.08,92.407,8.0612,83.078
910.38,232.32,-2395.9,84.308,-53.564,224.44
2066.2,-66.098,1546.8,81.712,-1.9579,102.03
1322.3,610.88,-2128.3,89.995,-55.324,144.76
2417.3,-715.96,559.67,85.181,-5.3759,83.66
468.84,-1665.1,1865.9,305.68,-318.09,120.2
756.15,-2277.5,916.44,260.57,-94.549,87.429
459.47,1634.9,-1892.6,306.38,-329.49,122.37
196.69,1553.7,1753.3,713.83,794.99,122.69
391.86,-1698.4,-1830,371.01,380.4,118.49
961.27,-2097.8,1141.8,196.64,-88.569,91.133
299.07,-918.17,-2290.6,273.14,620.48,210.88
764.29,2248.2,-980.81,255.05,-99.86,88.37
241.47,1581.1,-1831.8,574.08,-651.68,124.27
1001.9,-978.65,-2161.2,114.35,123.71,150.35
452.71,-2289.3,1006.8,427.76,-181.25,88.954
1876.2,1750,284.96,111.73,8.4729,82.173
170.02,-88.145,2258.5,94.871,-629.44,1068
1241.9,223,2248.5,82.982,26.243,167.15
1155.3,-594.42,2226,91.894,-72.317,162.26
1330.3,-79.807,2208.1,81.817,-8.1486,158.27
547.47,-2225.2,1130.1,345.49,-165.66,91.073
756.69,-2293.9,874.31,262.08,-90.193,86.861
1094.5,2327.3,159.24,192.35,10.788,81.827
1081.6,-1543.4,1757,142.58,-109.06,111.7
273.35,-2447.9,118.8,770.73,-36.983,81.765
1705.6,-1029.4,-1641,95.421,40.684,105.85
1794.6,-1850,141.1,117.36,-4.616,81.792
876.36,2019.5,1331.4,205.91,114.4,95.462
1178.9,9.0142,-2292.3,81.672,-1.2202,178.92
272.55,-1342.5,-2049.7,429.48,632.03,147.16
2436.2,-850.39,-105.14,86.508,1.1628,81.738
434.34,2192.5,-1202.2,427.62,-225.92,92.749
2542.6,-402.86,206.54,82.69,-1.0393,81.933
92.677,-1085.1,557.56,2024.7,-1038.6,91.805
1829.9,-1736.8,546.07,112.65,-16.803,83.563
1966.6,1527.5,-681.36,103.45,-17.382,84.675
81.716,-56.922,65.319,1696.9,-1942.7,124.23
1206.9,-2277.4,54.34,174.72,-3.2581,81.688
159.6,1254.1,-1825.3,751.41,-1080.7,143.64
1205.6,-2278.7,-19.894,174.95,1.1946,81.673
114.64,-91.592,-1808.3,123.75,1379.2,1214.2
1355.7,2193.2,63.988,155.53,3.2864,81.695
84.124,-554.64,274.65,2247.2,-1111.3,91.123
804.68,-1895.9,-1538.2,209.96,144.57,101.96
441.68,-2498.8,97.346,477.2,-18.046,81.73
771.38,-2450.5,44.057,273.4,-4.4767,81.682
1771.2,-1631.1,-930.02,111.08,29.098,87.557
1606.6,2003.6,-252.58,130.65,-10.035,82.065
336.94,-2466.6,295.34,621.64,-73.148,82.243
872.73,-1032,2188.9,126.81,-157.39,155.66
413.61,2348.1,855.47,479.96,169.8,86.774
2350.8,-752.13,759.41,85.753,-8.049,85.452
233.02,2102.7,1175.5,791.1,437.56,93.448
1899.9,791.66,1558.1,88.488,25.805,102.46
395.11,2481.4,279.32,530.56,58.307,82.174
175.17,1195.2,-1941,635.19,-1014.5,154.82
652.2,2412.2,572.55,315.23,69.798,83.789
279.82,2369.7,-644.14,727.7,-195.32,84.597
563.22,-2465.3,-376.1,370.42,53.763,82.569
2066,139.07,1542.2,81.855,4.1008,101.86
1276,709.06,2125.7,93.478,66.326,144.42
2262.4,-1220.4,-245.16,92.808,4.2064,82.041
86.061,-603.63,546.02,1818.4,-1641.5,110.08
2498.3,-603.77,252.13,84.024,-1.9382,82.062
1101.9,-2221.9,-699.29,184.23,46.587,84.858
2269.2,-772.91,-960,86.284,11.154,87.983
2562.7,117.61,-297.73,81.756,-0.43545,82.219
627.71,2459.9,-344.68,332.96,-43.849,82.42
917.93,1051.5,2162.3,124.47,145.76,150.77
796.62,-354.4,2417.9,89.466,-101.74,241.7
1165.5,-1841,1377,152.95,-81.787,96.632
541.11,2026.8,-1457.4,320.05,-215.15,99.469
1939.8,-1420.8,939.87,101.26,-23.415,87.694
2575.5,-60.496,-182.19,81.693,0.13581,81.874
997.92,-1194.4,2051.7,127.63,-129.47,135.25
2375.5,608.54,-809.57,84.31,-6.9149,86.01
1274.8,-2167.6,570.88,161.35,-31.608,83.75
1727.2,1215.9,-1483.3,99.915,-40.448,99.819
629.92,2473.2,-226.21,333.53,-28.678,81.991
113.36,-64.904,1788.2,105.91,-1182.7,1434.9
2539.2,-382.83,274.81,82.594,-1.319,82.137
1386.3,-1905.1,-1049.8,138.96,50.123,89.419
336.27,-2426.6,-531.01,613,131.76,83.569
1778.8,-1679.5,-823.25,112.38,25.992,86.175
596.12,-2304.5,941.04,329.02,-126.08,87.828
1560.3,2023.2,361.5,133.85,15.012,82.484
678.98,2415.2,-534.91,303.81,-62.426,83.508
84.218,1.7894,-630.13,81.979,-217.04,2495.1
2178.6,-551.9,1271.4,84.254,-11.721,93.849
842.93,1361.4,2012.5,155.67,166.78,131.28
2113.8,-270.86,-1457.8,82.339,7.1696,98.974
92.193,798.51,-892.31,1526.9,-1701.4,122.37
1226.8,-2161.9,-684.14,165.76,39.72,84.71
1066.7,2335.6,211.21,197.06,14.759,81.946
1226.4,-2255.6,-234.91,171.27,13.781,82.012
840.4,1875.9,1545.5,200.55,137.83,102.21
858.6,-1952.2,-1438,203.64,125.87,98.524
1238.7,1863.9,1280.4,147.78,70.51,94.107
1946.4,1607.1,542.08,105.95,14.503,83.534
712.34,-178.89,2459.6,84.239,-69.57,287.07
1197.9,2101.1,892.1,165.18,52.989,87.054
219.56,-805.49,2248.7,332.96,-873.6,235.64
479.45,2440.2,546.66,429.66,92.777,83.622
2357,-793.03,695.84,86.174,-7.6973,84.81
1102,-1640.6,1653.5,146.74,-102.09,106.52
88.996,-36.603,-1024.9,117.55,1702.5,1646.7
340.04,-2013.6,1456.7,504.85,-355.66,100.35
250.71,1779.8,1654.8,618.64,565.18,111.07
82.699,-405.87,-4.9454,2550.3,31.043,81.676
1848.1,-1672,-672.71,110.18,19.975,84.596
1022.8,1705.6,-1636.8,159.17,-112.54,105.81
2540.2,-182.5,428.53,81.881,-0.9883,82.819
107.45,630.62,-1553.7,742.1,-1806.3,216.03
961.82,1069.6,2135.3,122.38,135.53,146.34
82.427,-4.1364,348.95,87.115,-889.97,2399
874.73,-2074.1,1245.5,210.96,-107.69,93.353
951.88,2066.1,1205.3,195.77,94.33,92.438
1914.5,-895.98,1482,90.186,-26.842,99.768
1544.9,380.7,2031.4,84.12,25.765,132.56
636.04,1257.7,-2140.2,182.17,-247.7,148.67
1909.2,1691.5,-397.78,109.16,-11.3,82.658
968.32,-2041.7,-1234.2,191.14,94.447,93.071
189.96,2108.2,981.31,1007.2,465.75,90.031
753.09,2049.2,1353.5,238,138.68,96.11
1264.4,2195.6,-479.13,163.91,-26.889,83.119
2000.3,-1037.8,1259.9,92.024,-23.726,93.582
421.15,-2483.1,287.66,497.59,-56.09,82.202
865.22,-2320.1,-696.84,234.66,61.941,84.846
1984.1,804.75,-1442.6,88.143,-22.353,98.5
2494,-144.61,-654.53,81.807,1.242,84.43
136.79,-1157.8,1714.6,865.53,-1270.4,145.49
425.66,2309.7,-956.58,458.88,-184.03,88.192
441.05,-2009.7,1488.1,387.4,-274.1,100.82
2027.3,-525.06,-1510,84.369,15.275,100.71
100.69,-144.04,1502.6,215.78,-1928.6,792.81
1510.1,-847.82,-1912.6,93.695,50.772,121.75
2336.2,-894.76,640.53,87.462,-8.0182,84.307
1744.9,-893.84,-1678.8,91.783,35.896,107.56
2092.1,1342.4,-698.42,97.059,-14.743,84.836
2315.2,-984.93,-581.39,88.762,8.0377,83.824
88.37,-984.34,55.214,2383.1,-133.52,81.798
386.4,2421.5,-604.7,529.98,-129.2,84.119
708.87,-2187,1141.3,266.48,-126.01,91.191
328.14,-2053.8,1392,534.07,-353.5,98.296
1101.2,1916.2,-1325,164.25,-85.492,95.239
1027.5,-2353.4,-200.66,204.66,14.671,81.919
1476.7,1269.2,1692.5,107.76,61.162,108.25
2377.6,-954.72,322.91,88.016,-4.1377,82.317
355.14,-2452.1,-430.33,585.15,100.69,82.894
1841.2,-145.67,1803.4,81.926,-6.3213,114.2
2257.4,-681.01,1052.8,85.31,-11.014,89.45
643.71,2152.9,1232.8,287.23,151.18,93.168
2567.8,-266.83,-72.587,82.11,0.23887,81.702
101,132.24,1512.4,199.27,1896.3,855.91
113.58,353,-1758.1,374.24,-1775,405.25
1163.2,-1238.3,1938.4,119.45,-99.565,123.99
355.46,350.99,-2464.8,116.34,-414.4,416.54
101,1036.5,1109.3,1427.1,1522.3,119.52
1155.2,2294.8,206.47,182.01,13.078,81.934
2493.5,-234.4,-630.15,82.031,1.9337,84.218
2480.6,22.267,-718.12,81.673,-0.21246,85.027
1906.9,-1739.5,48.691,110.59,-1.4075,81.685
163.39,-173.85,-2225.6,129.37,996.16,814.94
104.74,-881.32,1354.1,1100.7,-1681.8,149.43
259.31,1775,-1672.5,594.63,-549.73,111.72
1062.5,-235.73,-2335.1,83.668,39.107,193.78
371.66,2493.3,2.529,567.52,0.56373,81.67
1740.1,-1736.4,-786.66,115.44,26.122,85.754
194.63,2336.9,-56.992,1083.4,-26.272,81.694
507.05,2466.3,405.05,410.7,64.785,82.721
165,-700.89,2127,407.54,-1187.1,256.18
2325.8,612.07,940.56,84.454,8.4158,87.7
653.88,2154.2,1226.6,283.21,147.86,93.021
2061.6,-634.28,1419.1,85.454,-16.556,97.781
1965.9,-387.13,1628,83.241,-13.089,105.26
597.82,-2466.8,-331.18,349.85,44.409,82.363
367.76,2490.4,-100.87,573.07,-22.74,81.736
680.37,1172.6,-2177.8,163.62,-228.17,154.74
168.63,1739.1,1435,966.19,791.54,105.73
459.22,-1769.8,-1767.1,330.12,309.43,113.63
1003.3,1681,1673.4,159.74,117.46,107.48
612.65,2436.7,495.42,337.77,64.66,83.244
545.86,-1761.9,1767.8,278.84,-255.77,113.17
1556.5,-1330.7,-1570,107.51,53.651,102.94
929.9,2400.1,-4.5081,226.82,-0.37081,81.67
1257.6,-2206.2,-446.64,165.18,25.266,82.925
1719.1,-1706.8,890.53,115.15,-29.858,87.019
83.145,1.8832,-484.08,82.264,-304.01,2518.5
89.106,-1009,217.7,2313.9,-498.62,83.547
349.73,2078.8,-1367.2,505.88,-324.05,97.366
82.045,1.1668,-246.46,82.571,-378.56,2542.8
880.21,-2021.6,1325.8,205.33,-113.35,95.314
445.49,2493.9,-186.4,472.18,-34.238,81.891
1454.1,-1962.2,831.32,137.31,-37.592,86.277
86.705,-2.1733,866.75,81.897,-180.98,2425.9
1291,2106.4,-739.09,156.52,-39.966,85.25
2070,-1542.2,56.702,101.87,-1.3383,81.69
2230.7,-342.25,1254.8,82.627,-6.9762,93.46
1566.3,-1275.6,1605.7,105.38,-52.984,104.36
227.51,-2356.1,-462.78,909.84,177.27,83.218
1989.7,481.1,1573.2,84.028,15.202,103.03
2507.4,-424.96,-449.22,82.836,2.4475,82.936
459.64,-1476.6,2018.6,278.83,-348.48,134.41
2207.6,306.21,1303.9,82.453,6.6364,94.636
764.86,344.35,-2428.4,89.653,-107.57,251.22
108.93,-1548,-720.32,1756,815.34,90.062
2542.8,129.53,432.57,81.776,0.70753,82.842
2254.8,162.96,-1248,81.883,-3.2627,93.303
2524.9,531.09,112.25,83.459,0.74812,81.747
543.21,-592.1,2424.9,121.56,-273.15,260.86
2204.5,-480.77,1255.6,83.592,-9.9251,93.479
2007.5,-1143.1,-1152.7,94.002,23.239,91.284
2221.7,-1211.4,-513.86,93.036,9.0533,83.339
1452.5,1277.1,1707.2,108.82,63.54,108.98
528.53,-1251.5,2161.4,212.1,-311.98,153.67
303.75,2138.6,1236.4,602.56,341.95,94.118
1886.5,-1579.8,-780.74,106.57,21.733,85.687
782.92,-538.76,2387.6,99.314,-142.5,221.54
586.4,-2486.6,141.57,359.14,-19.389,81.795
937.27,2295.9,-690.31,216.79,-55.932,84.779
2219.5,917.38,-948.56,88.38,-13.349,87.816
288.64,2460.2,-83.002,730.34,-24.332,81.716
362.72,970.57,2294.5,238.7,498.26,198.96
1113.2,1457.5,1810.3,134.78,105.95,114.81
920.84,2305.7,-678.08,220.96,-56.102,84.664
835.2,-2092,-1240.6,221.18,113.28,93.251
90.05,-184.52,-1071.5,405.57,2259.7,471.67
308.1,2472.5,7.8914,684.59,2.1539,81.67
1145.2,978.94,-2091.2,107.56,-97.298,139.85
995.08,-2240.7,787.81,201.79,-59.327,85.787
470.82,-2485,-281.6,445.24,48.757,82.175
2515.7,298.17,-502.03,82.242,-1.9203,83.26
955.18,1443.6,-1905.7,148.38,-136.54,121.54
614.67,-201.1,2478,86.005,-104.13,325.86
546.85,-2225,1130.7,345.84,-165.95,91.085
149.02,55.692,-2155.9,89.451,-576.21,1292.3
752.85,-2335.4,759.91,267.61,-78.969,85.501
1056.2,-31.471,-2349.5,81.707,5.4434,199.61
764.93,-2287.8,883.99,258.89,-90.078,86.987
2320,-912.68,673.04,87.77,-8.6836,84.597
184.35,-913.69,-2121,458.83,1031.4,203.65
145.88,-345.02,2108.5,247,-1344.5,478.07
152.17,-2107.7,-538.57,1343.1,341.93,84.285
214.86,-2372.7,192.12,978.5,-78.675,81.935
339.7,1623.4,-1881.6,410.29,-456.72,123.59
2287.5,-1196.2,-67.914,92.175,1.1249,81.698
145.6,-1751.5,-1220.3,1189.5,824.84,99.46
975.26,1106.4,-2110.6,123.75,-133.26,142.73
803.98,2182.6,-1094.4,237.36,-104.93,90.27
1958.1,-1480,800.39,102.41,-20.159,85.907
512.16,-2451.3,-485.81,404.29,76.855,83.194
340.26,-1991.3,-1487,499.09,362.71,101.44
500.35,2427.8,-595.12,409.9,-96.486,83.993
81.689,0.045952,55.664,81.698,67.3,2581.2
158.66,1701.1,1410.8,1024.6,844.37,105.97
88.056,-5.9845,-964.98,83.009,428.16,2356.7
328.77,2285,-967.27,591.66,-245.68,88.557
500.19,267.92,-2485.3,92.931,-196.26,370.59
332.66,-2292.7,952.61,586.36,-238.9,88.313
104.55,-1534.1,-492.3,1921.1,615.35,85.765
1734.6,-391.03,1870.9,83.724,-19.413,118.61
2575.6,44.229,184.92,81.682,0.10078,81.88
709.05,2420.3,-477.15,292.28,-53.124,83.12
2326.6,188.79,1104.3,81.939,3.139,90.358
953.83,-2288.3,694.14,212.94,-55.091,84.814
1785.3,1776.9,-563.99,115.29,-18.23,83.694
1415.7,1347.1,-1683.9,112.82,-67.134,107.85
196.61,-2222.6,-739.87,1018.2,336.77,86.049
163.48,107.65,-2230.2,102.59,-778.32,1027.1
1912.9,1149.7,1297.5,95.308,28.582,94.486
1673.1,-1797.5,-794.04,119.94,28.42,85.838
231.39,2064.3,-1237.2,783,-464.17,95.078
474.37,2327.1,-915.8,414.83,-156.93,87.538
86.502,-455.62,718.26,1308,-2053.9,152.25
119.15,1548.7,-1063,1460.3,-999.18,99.007
1964.2,1652.3,277.14,106.76,7.4282,82.145
650.96,-2375.6,710.39,311.32,-86.69,85.002
664.21,-691.66,-2378.3,118.38,213.31,219.08
1364.1,714.5,-2069.1,92.23,-57.662,136.92
1857.7,-1641.3,720.16,109.03,-20.994,85.05
730.91,-2258.2,-979.55,266.73,104.85,88.359
535.13,-353.76,2471.8,98.256,-212.22,327.62
2229.2,-1188.6,534.29,92.569,-9.2209,83.478
2126.2,884.91,-1167.5,88.471,-17.254,91.576
726.5,-2311.3,849.97,273.94,-91.787,86.556
2365,-885.7,539.59,87.216,-6.5425,83.515
344.77,-2118.3,-1302.5,522.9,313.68,95.552
1386.3,1476.5,-1597.3,119.43,-68.778,104.05
637.09,2367.3,746.22,316.71,93.194,85.374
2454.4,-509.45,620.97,83.413,-4.2039,84.141
2464.1,667,390.58,84.612,3.3859,82.621
139.4,-2020.6,-533.99,1463,385.42,84.465
1273.5,-2023.1,-966.58,153.53,52.597,88.1
2059.6,-444.56,1492.1,83.554,-12.502,100.1
325.95,-2315.8,888.15,604.91,-227.76,87.368
1031.1,-910.06,-2177.9,109.08,114.72,153.16
499.42,-2242.4,1104.8,380.57,-178.86,90.633
704.15,352.68,-2442.7,91.466,-128.43,267.46
550.29,2128.8,-1302,329.75,-189.31,94.932
563.04,1381.4,2076.3,218.36,282.3,140.11
381.67,2457.7,-430.22,544.53,-93.176,82.884
884.58,935.56,-2227.6,119.14,-150.39,163.45
911.01,-2358.9,-478.2,227.49,40.174,83.119
493.8,-2241.1,1108.1,384.6,-181.59,90.704
1673.1,-1905.5,-480.15,123.86,17.642,83.123
154.93,2174.8,-263.21,1351.6,-162.98,82.264
586.73,2258.4,-1050.2,327.78,-142.96,89.57
1343.2,2182.3,292.21,156.02,15.167,82.2
86.086,51.997,814.45,176.1,2165.1,1136.3
2242.7,-1274,-122.71,93.942,2.2097,81.763
1856.1,1710.7,-540.49,111.11,-16.141,83.523
540.15,2459.7,-426.77,385,-63.792,82.836
1491.2,-1969.1,-745.4,135.4,32.611,85.312
379.68,-2434.5,544.99,542.41,-118.67,83.646
1334.6,829.43,2045.1,96.207,66.272,134.16
2184.8,-1334.6,-335.69,95.721,6.5493,82.37
2348.6,-777.09,740.93,86.03,-8.103,85.258
268.15,1798.2,1659.1,580.75,525.24,110.62
83.046,15.921,-467.59,118.88,-1843.6,1744.9
123.23,-111.42,-1928.5,128.04,1314.6,1091.8
1804.3,-1845.4,43.972,116.88,-1.4253,81.682
864.62,2363.5,532.41,238.66,47.466,83.48
1573.8,-1084.2,-1733.9,99.22,51.166,110.32
471.75,2308.8,-961.19,413.95,-165.63,88.21
914.28,-1436.8,1929.6,152.56,-146.17,123.5
695.2,-1648,-1839.9,211.37,200.76,117.23
103.97,-31.283,-1596.6,90.813,886.24,1824.5
2096.7,1359.3,650.04,97.354,13.792,84.391
2253.5,-1245,-199.2,93.32,3.4954,81.914
1617,1624.8,1185.3,115.85,42.514,91.954
2434.9,-434.6,-742.69,82.962,4.382,85.276
1754.9,-951,1636.5,92.914,-36.354,105.65
616.32,-2400.7,645.2,331.18,-83.595,84.395
1530.1,-1794.4,-1047.2,125.97,42.615,89.369
1664,1714.2,-976.35,117.33,-34.445,88.235
334.82,-2455.6,-371.35,622.99,92.594,82.583
1756.4,1590.3,-1023.7,110.23,-32.003,88.975
2395.6,-934.42,-238.73,87.67,2.9608,82.022
1800,-378.55,1811,83.46,-16.944,114.67
91.827,375.02,-1118.7,734.17,-2163,255.52
1464,-1078.5,-1830.1,101.49,60.706,115.93
1941.2,1610.2,551.16,106.15,14.825,83.599
81.704,-0.074259,73.88,81.711,-81.898,2580.3
373.8,-2492.4,79.036,564,-17.509,81.71
797.96,2416.7,359.82,261.72,35.173,82.483
1932.5,677.38,-1572.1,86.55,-22.014,102.99
739.99,-1085,2206.9,145.56,-202.86,159.93
2506.8,-47.036,-619,81.684,0.37871,84.125
2306.6,613.31,-985.83,84.511,-8.9806,88.37
2511.9,-528.57,283.69,83.46,-1.9013,82.168
200.38,-261.74,-2336.7,142.54,854.76,603.11
1094.8,429.07,2292.8,87.751,62.735,179.31
1217.4,-2213,-516.97,169.73,30.471,83.365
767.4,-2419,400.7,271.49,-40.901,82.683
479.05,226.91,2490.3,90.616,186.67,396.83
991.21,535.19,-2315.7,92.886,-91.199,187.1
247.59,-2.0994,2426.9,81.673,-7.6161,851.86
1071.4,-2059.6,1117.1,177.39,-75.818,90.644
1446.2,-2136.3,16.151,145.84,-0.75687,81.672
2477.2,485.71,-544.91,83.227,-3.4603,83.553
199.11,1837.6,1462.2,830.47,654.43,104.17
993.59,-981.01,-2163.8,114.96,125.6,150.81
1781.3,1143,-1477.6,97.067,-36.652,99.629
714.78,188.16,2458.3,84.489,72.419,285.25
2055.6,-6.5155,1562.2,81.67,-0.19703,102.61
2106.7,1452.1,346.27,99.215,7.6278,82.415
624.78,1382.2,-2064.4,199.71,-248.39,138.06
1782.7,1365.7,1272.6,102.92,35.519,93.888
1780.1,-1493.7,1123.7,106.66,-33.195,90.728
304.63,-2415.7,-518.44,677.21,143.22,83.503
600.13,-1428.2,-2037.9,212.51,258.44,135.07
1782.4,1864.1,104.88,118.24,3.479,81.738
120.28,-1015.3,-1598.9,942.48,1473.2,151.95
272.85,-2024.1,1381.1,640.21,-429.73,98.615
1721,-1760.3,-775.37,116.89,26.354,85.629
2123.5,1143.6,-921.79,92.777,-16.833,87.438
1277.2,-1615.7,1551.7,131.86,-78.056,102.28
542.22,387.23,2466,100.75,220.02,315.33
2196.8,-1335.4,240.78,95.594,-4.6552,82.028
2370.7,-276.35,986.1,82.224,-3.9381,88.374
2072.5,-1489.7,-390.08,100.61,8.9836,82.619
406.17,-2349.9,848.48,489.22,-171.72,86.691
1540.5,-772.7,-1920.4,91.395,45.764,122.35
2094.2,1425.5,-498.68,98.818,-10.957,83.239
1938.5,-934.8,-1425.9,90.685,26.137,97.992
1084.1,1254.9,-1972,125.13,-112.87,126.98
158.97,755.79,-2078.4,459.9,-1224.8,235.63
2401.7,882.31,-349.68,87.013,-4.1048,82.43
1951.1,1649.5,370.4,106.98,10.024,82.525
1559.1,2003.9,460.13,133.11,19.059,83.002
880.64,820.44,-2273.9,111.85,-144.7,174.89
1100.8,-568.36,-2259.5,91.968,77.291,170.16
988.13,2363.9,258.1,212.38,19.759,82.084
1191.8,-1402.8,-1804.8,126.31,94.571,114.43
709.71,-2433.2,-404.96,293.47,45.06,82.707
969.5,1373.1,-1950.4,141.93,-134.85,125.19
1599.4,-1345.8,-1513.3,106.79,49.853,100.85
393.93,1752.6,-1778.5,380.29,-368.12,114.99
817.9,-2109.8,1220.6,226.93,-114.29,92.809
1644.8,-1826.4,-786.73,122.13,29.079,85.756
268.71,2320.8,-776.16,744.87,-246.12,86.064
1831.9,1055.3,1481.2,94.277,33.02,99.744
1293.9,-1310.7,-1805,116.37,81.318,114.41
1135.4,-1767.8,-1492.6,151.41,90.64,100.21
120.56,19.8,-1897.6,83.681,-380.77,1707.5
1089.3,-2264.7,-569.05,188.84,38.576,83.74
94.101,1.0753,-1282.1,81.692,-51.517,2240.9
1065.4,1052,-2096.6,114.95,-113.43,140.67
157.01,1911.6,-1092.4,1167.1,-663.67,94.008
186.4,2246.3,-561.87,1097.9,-273.11,84.172
1964.1,-337.02,1641.3,82.866,-11.562,105.84
1850.2,-1504.5,988.47,105.3,-27.571,88.416
1638.5,-1343.9,-1472.9,105.68,46.647,99.483
1310,2217,139.28,160.78,7.4943,81.79
1663.1,-1959.4,-235.16,126.3,8.8196,82.012
759.26,-403.96,2420.7,92.629,-123.57,244.93
1111.3,-2118.3,958.39,176.17,-62.575,87.988
1932.8,624.35,1593.5,85.833,20.731,103.83
2496.3,-652.29,112.18,84.415,-0.92878,81.747
2566.3,-183.92,224.41,81.88,-0.51104,81.98
2309.2,64.204,-1154,81.702,-1.1357,91.305
2567.4,-226.48,-164.4,81.988,0.46,81.836
2016.1,-202.21,-1600.1,82.081,6.4796,104.1
2461.1,-780.45,-57.965,85.683,0.58207,81.691
910.08,-480.74,2358.7,92.446,-99.581,204.75
903.13,-1901.1,1480.6,190.97,-121.53,99.878
121.78,-46.44,1913.1,91.829,-790.72,1540.4
467.04,2237.3,-1117.7,405.66,-194.44,90.924
233.69,2340.1,-575.58,876.69,-213.76,84.083
2322.9,1125.8,-72.775,90.767,-1.1172,81.703
1375.3,-2142.4,-414.55,151.37,20.763,82.747
670.89,1877.9,-1612.8,244.37,-186.43,105.07
1018.7,-1644.1,1700.9,155.42,-116.39,108.8
1550.3,-534.75,-1992.2,86.405,34.311,128.6
928.11,2280.6,749.93,217.39,61.395,85.378
700.82,-2421.5,481.08,295.63,-54.251,83.146
1281.1,-2077.5,832.19,155.83,-45.276,86.292
704.75,2452.8,272.81,297.59,30.607,82.136
1112.2,-1169.8,-2008.8,118.7,107.33,130.49
1764.1,322.84,-1856.4,83.029,-15.503,117.61
2473.8,-103.6,734.04,81.742,-1.0151,85.187
718.72,1163,2172.9,156.09,211.79,153.56
2255.8,800.43,968.86,86.666,11.745,88.114
1224.8,540.52,-2203.3,89.302,-59.562,157.49
1280.2,-1778.7,1359,140,-70.562,96.118
473.16,-2194.8,1198.8,393.17,-205.49,92.597
2371.8,658.61,780.69,84.764,7.2007,85.683
1379.7,-2097.7,-591.25,148.8,29.307,83.906
2332.1,-1093.9,-181.9,90.218,2.7082,81.874
622.51,2475.6,-213.53,337.65,-27.42,81.956
998.96,-886.38,-2201.9,109.35,120.1,157.7
460.31,-1635.8,1891.8,306.01,-328.7,122.29
577.06,-2469.8,332.23,362.41,-46.276,82.368
2569,172.75,201.25,81.855,0.42968,81.919
303.2,2451.7,-300.31,690.57,-83.407,82.272
2146.2,1243.7,716.95,94.409,13.696,85.017
2357.1,-520.19,917.75,83.638,-6.861,87.38
1793.8,-1398.9,-1220,103.61,34.214,92.687
575.36,-2409.2,-637.88,355,89.017,84.338
1984.6,-1575.7,493.71,104.32,-12.651,83.207
268.04,1552.8,1890.6,503.43,596.81,127.66
164.73,2092.2,795.39,1197.2,453.02,87.347
1800.4,-1738.1,-632.9,113.57,19.971,84.244
1793.4,-1493.7,-1102.4,106.33,32.182,90.332
512.71,-2435,561.43,401.3,-88.692,83.725
1169,2155.2,795.46,171.62,48.998,85.865
160.56,1585.7,-1552.7,940.36,-913.86,114.09
1870.2,-1333.6,1178.1,100.34,-29.916,91.798
2353.8,-660.47,831.99,84.828,-7.8082,86.275
756.66,-1397.6,-2018.2,172.32,192.94,132.12
1933.5,-1674,351.91,108.07,-9.7431,82.44
2059.4,-504.98,1473.2,84.093,-13.935,99.471
1540.7,-2062.9,168.45,136.61,-7.1677,81.845
696.42,2413.3,525.16,296.45,59.614,83.438
2086.3,1520.8,31.089,101.09,0.71782,81.676
1320.6,2110,674.48,154.16,35.446,84.618
2503.2,540.83,-333.58,83.557,-2.3008,82.361
1050.5,-1999.7,1238.6,176.03,-85.556,93.156
211.28,-1786.6,-1563.1,753.25,651.28,108.24
1193.1,-803.61,-2139.2,98.541,82.13,146.52
161.41,2073.5,-802.29,1219,-469.56,87.545
83.428,-0.71196,527.16,81.741,-105.5,2526
1242.5,-1921.1,-1188.9,150.61,65.797,92.05
2341.2,859.39,669.83,87.005,8.0609,84.567
1811.4,-1741.2,-591.72,113.34,18.516,83.907
1242.1,1962.9,1119,152.97,62.346,90.662
302.85,1961.2,-1501.3,555.25,-415.85,102.44
1355.2,1206.1,1833.3,109.42,73.663,116.17
2218.7,-1320.9,16.187,95.064,-0.30516,81.672
1085.4,1324.5,-1925.2,129.07,-112.49,122.96
225.87,1745.9,-1644.8,682.01,-633.3,111.83
1657.6,-1896.1,-563.76,124.17,20.949,83.693
2047.6,702.42,1407.1,86.349,18.238,97.428
83.11,251.64,-406.8,1336.9,-2153.2,155.03
1471.9,-118.94,2115.5,81.937,-9.4834,142.83
859.09,-1836.8,1582.6,193.49,-137.01,103.63
918.33,-2372.8,-387.61,227.06,32.292,82.613
468.24,-1388.8,2079.8,259.21,-349.65,141.93
138.24,1888.8,-872.86,1385.5,-638.03,89.941
726.15,931.53,2279.7,133.37,204,177.87
199.39,2107.7,-1037.1,949.87,-463.93,90.956
122.35,-1880.6,390.83,1688,-349.98,83.411
148.24,163.37,-2145.6,135.29,-1129.2,858.97
1082.5,-2325.1,246.67,193.95,-16.927,82.047
144.26,-934.57,1909.1,647.03,-1300.7,184.55
1297.4,1195.5,1880.9,111.16,80.476,119.45
651.37,-1395.3,-2049.5,194.33,235.03,136.09
2023.3,1525,-496.35,102.3,-12.075,83.224
1036.7,-2355.9,-100.68,203.31,7.2866,81.733
582.83,-1935.6,-1568.2,285.85,212.69,103.4
557.29,930.79,-2314.4,160.27,-295.02,192.87
130.88,-2007.4,-181.34,1605,144.62,82.002
250.53,-2395.1,410.76,829.92,-140.96,82.851
1948.3,1651.1,377.91,107.09,10.256,82.56
2535.1,311.07,-382.1,82.283,-1.5007,82.58
1525.1,-1078.3,-1780.2,100.07,55.166,112.87
2312.7,-952.21,642.67,88.33,-8.6506,84.326
2127.2,-656.28,-1308.2,85.474,14.828,94.744
591.96,-2482.9,186.24,355.37,-25.248,81.887
231.71,2399.7,-188.99,907.5,-70.89,81.921
1128,-2169.1,-815.16,177.38,52.531,86.095
2286,-120.82,1194.9,81.784,-2.256,92.14
572.47,-2254.5,1063.3,335.05,-148.64,89.809
115.75,1108,-1454.3,1106.2,-1444.1,134.53
2518,-419.91,391.18,82.799,-2.0892,82.624
1318.8,-2060.7,815.71,151.71,-42.651,86.095
1867.9,166.88,1774,81.996,6.9159,112.47
1914,-1728.4,116.78,110.09,-3.3446,81.754
811.41,-753.41,2320.2,111.71,-160.15,190.04
156.52,-2128,-554.84,1304.2,338.71,84.39
947.91,1507.4,1859.1,153.83,136.25,118.14
2208.3,-816.18,-1060.5,87.077,13.615,89.583
2476.7,-684.15,259.73,84.732,-2.2829,82.087
1432.4,-1826.8,1125.2,132.49,-50.598,90.769
401.72,2.5423,-2497.9,81.672,-3.3523,525.04
1374.6,2092.7,619.75,148.94,30.846,84.137
94.475,-1280.6,-207.88,2203.8,357.24,82.738
1720.4,1413.4,-1305.4,105.75,-39.407,94.687
620.97,-2479.8,162.7,338.98,-20.949,81.835
336.38,2458.9,-352.56,620.8,-87.472,82.491
251.05,-2296.3,-796.71,794.19,272.63,86.397
541.26,2403.9,673.02,375.91,100.27,84.665
332.82,-2262,-1023.4,578.38,256.46,89.488
318.78,2426.1,-501.07,648.2,-131.75,83.367
582.57,-192.84,2483.7,86.113,-111.5,343.38
726.85,-690.88,2363.6,113.02,-184.75,209.7
2337.8,-620.55,904.41,84.502,-8.1153,87.199
599.44,-2355.6,802.9,334.1,-107.07,86.015
463.87,2465.1,422.2,448.39,74.249,82.82
642.38,2322.3,-873.47,308.67,-107.97,86.876
580,2076,1377.7,306.35,188.86,96.947
992.48,-2375.8,-46.051,212.49,3.5103,81.683
492.58,2048.4,1433.5,353.94,234.5,98.806
1808.7,1746.9,-583.01,113.6,-18.316,83.839
781.85,1499.8,1934.8,177.44,180.41,124.17
1126.1,-2242.7,586.3,182.38,-38.119,83.872
331.72,-2373.3,727.93,608.37,-183.24,85.359
2138.6,-1429.4,-223.6,98.254,4.7508,81.978
1859.7,-1459.9,1036.4,103.87,-28.149,89.181
1355.1,2027.1,840.84,147.14,42.231,86.395
1988.3,1139.1,-1189.4,94.144,-24.322,92.028
1033.2,-1445.9,1864.6,140.76,-120.42,118.44
152.24,2170.6,150.65,1382.1,95.592,81.866
123.48,1863.4,520.8,1645.3,458.73,84.792
1593.5,-1245.8,1602.5,103.72,-50.694,104.23
858.32,-39.359,2424.5,81.757,-10.664,245.48
432.01,-1720.5,-1814.3,341.15,339.12,116.88
1023.3,-2363.6,20.039,206.12,-1.4732,81.673
2301.3,865.89,-789.03,87.267,-9.8728,85.777
651.83,-175.4,2473.1,84.621,-81.758,312.3
149.73,52.795,-2160.3,88.603,-545.21,1298.5
669.3,2306.3,900.15,295.07,106.34,87.225
1117.9,1717.7,-1562.3,150.01,-95.991,102.72
275.8,2445.5,-187.37,762.56,-57.755,81.907
1693.3,-1166.8,1559.6,99.219,-42.766,102.53
1256.2,-2240.3,226.9,167.25,-12.9,81.988
1204.2,1805.2,1391.8,147.4,78.761,97.045
1405.7,-1926.9,-982.41,138.73,46.215,88.334
833.31,799.22,-2297.7,113.42,-157.02,182.26
133.2,5.9049,-2037.5,81.799,-88.595,1581
1770,1484.6,1151.4,106.64,34.199,91.262
2068.5,1066.2,1118.5,91.896,20.261,90.625
2408.2,892.27,270.82,87.102,3.1944,82.123
569.35,-2163.7,1238.4,324.07,-173.71,93.361
2363,-994.59,-309.06,88.617,4.1483,82.262
2574.4,69.232,-193.68,81.7,-0.16534,81.901
92.479,988.78,698.89,1863.1,1314.4,99.98
2427.9,579.48,-662.44,83.967,-5.179,84.5
1252,-2251.5,-106.95,168.33,6.1135,81.74
327.33,2135.2,-1263.1,556.15,-321.91,94.625
2270.6,-1196.5,283.97,92.329,-4.7673,82.169
1360.5,1213,-1824.9,109.51,-73.114,115.63
2293.5,-136.3,-1178.8,81.814,2.4935,91.805
1707.9,1564.3,1139.1,110.81,36.853,91.024
631.45,-182.55,-2476.5,85.07,90.41,320.68
492.43,-2414.5,648.83,414.2,-106.98,84.457
876.35,2250.6,886.4,225.93,77.357,87.003
1949.3,1692.7,14.256,108.2,0.39215,81.671
147.79,-184.03,-2141.1,146.83,1179.7,793.83
1647.3,589.99,-1897,86.763,-31.788,120.53
2184.3,-843.91,-1088.1,87.561,14.681,90.066
1550.2,638.53,1961.4,88.345,39.456,125.78
538.37,-2444.6,507.39,383.96,-76.09,83.333
153.72,1968.6,945.89,1237.3,591.92,90.571
1969.6,-1495.3,-741.55,102.57,18.62,85.267
1658.5,1440.9,-1354.1,108.25,-43.815,95.953
278.92,2175.2,-1138.1,671.12,-345.94,92.026
163.47,818.22,-2077.4,478.91,-1180.6,220.04
504.6,-2491.3,201.64,416.69,-32.431,81.927
568.02,2073.8,-1384,312.17,-194.08,97.147
698.94,1870,-1612.5,234.68,-177.86,105.02
587.37,1677.7,1840.7,249.32,244.18,117.63
478.41,-2500.5,30.246,440.85,-5.1495,81.676
630.78,-2153.5,1236.6,292.82,-155.06,93.264
1206.5,2278.2,19.907,174.82,1.1942,81.673
291.45,-2460.7,-114.69,722.93,33.265,81.758
1516.2,1408.7,1540.8,111.56,56.619,101.85
2221.4,841.66,-1012.2,87.343,-13.202,88.783
1648.3,-841.66,-1798.6,91.724,40.615,113.94
1582.4,-2035.9,101.37,133.19,-4.1386,81.733
441.97,464.83,2457.1,119.62,337.57,325.84
1053.5,1729.2,1592.7,157.32,105.84,103.94
2124.7,1452.4,207.83,98.952,4.514,81.936
805.65,2358.6,629.24,253.83,60.708,84.235
1561,-1503.5,-1400.4,113.46,50.932,97.257
2474.1,-479.57,563.93,83.192,-3.546,83.692
757.72,-1302.8,2080.3,163.15,-195.25,139.34
452.06,-1265.5,2157.1,246.38,-373.83,154.67
1027.6,2360.6,-78.135,205.16,-5.7145,81.708
1082.4,-186.36,-2330.7,82.878,30.006,192.02
697.76,2383.1,-647.5,292.5,-73.276,84.404
486.52,-1354.5,2101.7,244.68,-337.37,144.71
1390.3,1551.2,-1521.3,122.48,-66.712,101.16
362.23,-2074.7,-1379.1,487.04,314.63,97.643
737.44,2459.8,18.557,286.02,1.9818,81.672
1107,-1357.4,-1890.1,129.44,108.48,120.22
1615.4,-1656.5,1142.9,117.06,-41.448,91.101
1898.9,-439.64,1692.7,83.834,-16.45,108.21
919.7,2283.1,752.24,219.32,62.241,85.403
420.46,-2382.2,757.22,478.72,-147.74,85.582
1202.9,-1630.3,-1594.1,137.76,87.364,103.95
87.162,741.18,-513.57,1989.6,-1376.3,99.333
2027.7,-1073.3,1184.2,92.422,-22.347,91.921
270.66,-2050.6,-1338.4,654.11,420.26,97.298
2311.9,786.82,839.24,86.276,9.5631,86.363
1310.1,571.17,2146.6,89.122,53.669,147.53
548.91,-840.98,-2349.6,150.6,297.02,208.38
113.94,1791.8,-162.76,1843.6,-167.14,82.006
1672.7,-1948.6,256.26,125.47,-9.5101,82.076
1163.2,-2170.5,761.42,173.24,-47.265,85.489
388.38,-2087.1,-1369.3,456.28,289.78,97.208
1169.1,-2046,1044.6,164.92,-63.547,89.343
2575.4,175.47,-81.476,81.86,-0.17582,81.711
2257.7,-169.59,-1241.7,81.9,3.3691,93.161
2398.1,258.67,-922.5,82.144,-3.373,87.446
229.49,1252.2,-2052.1,483.79,-770.25,155.15
218.7,-1005.3,2165.2,412.87,-854.39,190.78
2492.9,161.23,655.06,81.841,1.3866,84.434
2435.7,123.9,-849.12,81.776,-1.448,86.484
1351.4,-2194.5,100.32,155.96,-5.1744,81.732
320.42,-1830.5,1670.3,489.37,-434.11,109.86
526.31,-2230.7,1123.9,359.78,-171.94,90.973
279.64,2141.7,1201.1,659.08,363.95,93.464
1610.6,1222.3,-1603.6,102.57,-49.26,104.27
1774,-1460.4,1175.8,105.83,-34.461,91.754
1304.6,-2216.1,-193.43,161.23,10.461,81.901
1780.9,1750.1,654.49,114.56,21.071,84.432
1851,1133.1,-1397.7,95.782,-32.25,97.161
1503,-1663.4,-1277.2,121.92,51.604,94.009
1495.4,2101,-79.366,140.98,-3.5385,81.709
81.862,-175.92,-18.222,2562.9,265.19,82.107
2387.4,974.97,-136.66,88.225,-1.7695,81.785
290.4,-2413.6,-489.41,712.01,142.48,83.311
2290.1,-1179.3,-180.72,91.875,2.9539,81.871
1535.8,-1677.2,-1219,121.03,47.909,92.677
863.68,2389.3,402.61,241.2,35.984,82.69
1257.8,2250.6,37.696,167.68,2.1423,81.679
713.48,-1766.9,1720,219.36,-183.94,110.07
1740.1,1819.3,-569.54,118.22,-19.349,83.736
1708.9,1921.5,-220.92,122.97,-7.902,81.971
494.06,2146.1,-1282.5,368.85,-209.62,94.526
92.343,-1190,186.27,2256.7,-352.77,82.663
2363.9,-1010.2,-245.86,88.823,3.3416,82.043
1848.5,-1662,696.13,109.87,-20.595,84.816
82.24,302.98,-16.509,2560.9,-139.41,81.791
2062.8,-1367.5,-735.43,98.01,16.11,85.203
2023.6,-1043,-1217.9,91.895,22.551,92.635
1307,2220.9,100.72,161.26,5.4377,81.732
2253.5,1260.7,-14.787,93.596,-0.26195,81.671
2312,-1117.3,-273.44,90.717,4.2075,82.132
251.71,2217.6,-996.78,765.05,-339.97,89.456
1511.3,-2047.4,425.76,137.65,-18.547,82.806
430.5,-2278.9,-1028.5,447.83,195.39,89.35
128.83,1540.7,-1267.2,1265.6,-1036.5,105.65
1163.8,2056,1030.7,166.1,63.139,89.113
1778.2,-1847,-298.51,117.82,9.8918,82.222
92.387,-1104.6,485.48,2090.3,-917.32,89.199
1848.7,973.78,-1515.8,92.326,-31.26,100.92
678.62,2455.2,-302.62,308.64,-35.379,82.245
791.58,1855.8,-1592.2,209.11,-152.03,104.07
1911.3,494.64,1663.3,84.366,17.838,106.83
83.706,-227.03,518.35,1013.7,-2299.4,203.02
592.83,1352,2090.6,205.02,266.71,141.73
1109.2,-2146.4,-896.1,178.27,58.807,87.112
889.49,2302.3,-727,227.46,-62.564,85.143
115.26,-96.554,1818,126.78,-1396.4,1178.9
94.117,0.84727,-1282.7,81.683,-40.559,2240.7
502.51,2202.7,-1181.6,371.89,-189.88,92.179
604.96,2026.6,-1442.9,287.95,-188.51,98.888
1637.7,-1727.7,996.54,118.79,-36.133,88.545
1510.9,-2090.6,61.057,139.56,-2.6801,81.693
2522,338.72,-441.17,82.404,-1.9037,82.89
1798,-1265.9,-1351.9,99.915,35.412,95.889
806.08,-2213.7,1028.6,239.78,-98.493,89.124
1503.6,828.87,-1925.9,93.289,-50.63,122.8
934.28,2195.3,-966.2,209.23,-78.059,88.12
655.29,2379.4,-694.4,309.83,-84.139,84.845
2477,730.35,-18.179,85.15,-0.16969,81.672
1256.4,-1374.7,-1783.3,121.2,85.828,113.13
465.91,2495.9,-158.4,451.83,-27.737,81.829
1762.3,818.68,1699,90.07,33.238,108.53
786.65,705.65,-2342.7,109.98,-163.78,199.11
2326.7,908.57,655.15,87.683,8.3743,84.435
2058.6,1527.6,307.62,101.73,7.2821,82.257
879.41,1602.6,1810.4,170.33,148.18,115
368.64,2374.6,758.14,545.63,170.3,85.643
2269.4,-481.79,-1133.9,83.493,8.4851,90.914
2453.2,-105.55,799.81,81.746,-1.1458,85.898
1581.1,-139.13,2034.6,81.987,-9.2376,132.89
250.98,-1599.6,-1829.9,556.51,622.91,123.33
1874.2,-968.32,1487.8,91.944,-29.808,99.963
1612.5,-1546,-1292,113.21,45.378,94.362
1008.8,-2369.6,-10.845,209.08,0.81091,81.671
2061.1,-385.57,1506.4,83.089,-10.993,100.59
2199.2,1184.3,-654.57,92.773,-11.539,84.431
1545,-112.04,2063.6,81.885,-7.9125,136.17
1694.4,-1758.5,-835.38,117.77,29.045,86.322
1099.4,2187.1,804.88,182.24,53.598,85.976
554.34,2366,791.5,361.77,114.85,85.898
793.96,-2116,-1224,233.57,118.58,92.891
1157.1,-910.18,2115.7,104.01,-92.704,143.14
115.92,1546.8,-979.68,1537.8,-971.22,96.633
456.95,1528.4,-1979.6,289.4,-344.98,130.26
1008.7,2332.8,416.76,206.35,31.091,82.762
1776.6,-235.01,1857.7,82.383,-11.221,117.69
96.99,1386.7,-122.02,2166.3,-190.34,81.985
1943,-1605.2,559.46,105.97,-14.998,83.66
2107.2,-1268.9,785.1,95.353,-15.717,85.734
734.88,2439.2,-323.69,284.73,-34.676,82.327
1213.2,-2274.5,-34.515,173.84,2.0557,81.677
1765.2,-597.21,1786,86.227,-26.536,113.18
219.69,1989.6,-1322.1,800.91,-526.67,97.901
830.52,-2377.8,518.28,248.75,-48.375,83.383
1200.1,1095.8,-2001.2,110.71,-92.152,129.65
841.05,-2314.6,740.88,240.14,-67.976,85.29
1313.3,-2089.2,749.14,153.67,-39.539,85.354
2416.4,199.13,889.1,81.947,2.4709,86.994
1250.8,-1669.6,1515.2,136.4,-79.409,100.97
762.01,-2393.9,537.28,270.67,-55.218,83.519
319.16,2475.8,92.631,660.42,24.332,81.726
543.06,57.322,-2495.5,82.134,-40.302,386.21
344.9,1817.6,1697,450.47,406.76,110.87
1627.8,-1894.6,648.42,125.41,-24.72,84.38
1639.6,-1992.4,46.019,128.62,-1.7731,81.683
1130.7,-2225.5,640.57,180.68,-41.378,84.319
1186.2,2180.8,694.5,171.24,42.13,84.809
2129.2,-426.98,1396.7,83.298,-10.549,97.125
828.24,2269,-881.77,239.21,-82.124,86.948
1907.9,-1332.5,1117.5,99.648,-27.434,90.609
105.27,1521.1,-580.66,1872.2,-713.33,87.408
400.82,1351.7,-2100.5,292.94,-419.82,146.71
803.36,1171.9,2142.2,144.95,180.86,147.93
628.46,-2262.1,1025.5,307.53,-129.59,89.13
1200.6,-2277.4,133.61,175.45,-8.0632,81.78
1241.9,984.03,2034,104.29,83.355,133
2561.7,-165.45,283.1,81.84,-0.5823,82.166
1299.4,-1808.3,-1300.7,140.14,66.566,94.598
1519,2077.6,183.88,138.5,7.9963,81.878
816.32,1504,-1918.7,171.87,-169.76,122.78
477.99,-1334.5,-2114.8,245.41,345.83,146.85
1472.7,-1235.8,1720.5,106.68,-61.482,109.64
2035.6,255.27,-1567.5,82.311,-7.8379,102.81
502.76,1425.3,-2053.4,248.45,-319.27,137.91
308.34,1980.5,-1480.2,550.11,-402.08,101.56
1140.7,-2271.9,-423.95,182.39,27.211,82.799
2140,-1069.8,-971.06,91.321,16.593,88.148
410.43,-1867.8,1660,387.94,-329.5,108.19
622.33,995.02,-2276.9,154.98,-256.17,178.6
2289.5,957.6,713.7,88.534,9.8352,84.984
423.68,-2454.1,-476.09,488.97,92.212,83.151
821.92,2254.2,-923.94,239.46,-86.732,87.522
682.42,-2453.5,-309.23,306.82,35.931,82.271
958.75,-2180.6,-976.78,203.53,76.492,88.277
1707.2,201.75,1925.2,82.24,10.833,122.7
2165.6,-425.11,1340.3,83.231,-9.7497,95.569
429.55,-1985.3,1519.8,393.05,-287.89,102.03
1468.5,1916,910.26,134.39,40.266,87.289
157.99,1788.2,1292.9,1082.9,778.55,100.68
152.28,1857.8,-1133,1183.3,-718.23,95.598
163.38,-1246.7,1851.8,724.18,-1062,145.6
410.72,2279.5,1023.8,469.66,204.57,89.302
2093.5,1308.5,756.12,96.332,15.655,85.419
1611.9,424.67,-1970,84.464,-25.494,126.53
81.686,49.335,12.08,2508.1,613.45,84.08
1575.1,1095.7,-1725.5,99.532,-51.209,109.88
1246.1,-141.98,2252.8,82.201,-16.788,168.18
81.902,-5.4924,194.23,109.38,-1711.6,1922.9
935.18,-63.841,-2397.3,81.862,14.368,225.02
202.86,1475.2,1838,653.91,802.04,129.86
1282.6,-2234.4,110.35,164.31,-6.1099,81.745
575.11,2396.9,-682.98,353.42,-95.33,84.751
289.7,1975.9,-1469.1,586.31,-427.46,101.42
1286.1,-2180.5,491.03,161,-26.927,83.194
206.97,-954.47,2164.3,417.96,-911.56,199.14
1259.2,2243.1,-177.84,167.11,-10.085,81.865
166.42,-2226.9,289.06,1256.9,-162.46,82.352
1304.7,2219.1,-154.15,161.38,-8.339,81.817
782.34,-2320.7,-778.52,256.92,77.479,85.702
2240,995.18,812.36,89.377,12.04,86.043
786.21,2368.5,-613.85,260.51,-60.881,84.107
1724.6,75.244,-1918.8,81.748,-3.9693,122.18
226.84,-1999.2,-1328.1,775.84,509.7,97.883
2304,165.12,1154.3,81.88,2.9286,91.312
189.75,-2159.2,861.91,1032.8,-409.7,87.899
284.16,65.999,-2457.8,84.037,-173.8,721.36
792.99,2344.6,692.63,256.14,67.973,84.811
2341.8,-1085.3,82.284,90.024,-1.208,81.712
468.24,2389.4,-738.3,431.06,-128.41,85.346
675.9,449.5,-2433.2,98.304,-164.85,259.26
584.35,-2489.4,-87.684,360.74,12.055,81.718
2016.8,-1224.6,1048.1,95.567,-22.058,89.373
488.56,-2425.5,607.04,419.27,-100.95,84.095
2154.7,-1011.6,1000.6,90.235,-16.139,88.6
1402.5,-2164.9,3.5316,150.39,-0.17297,81.67
952.14,-2311.4,615.15,215.1,-48.994,84.109
2096.2,-1319.5,-729.06,96.524,15.151,85.138
1275.9,1861.8,-1247,144.68,-66.025,93.321
1971.1,1551.6,-610.23,103.97,-15.661,84.054
311.31,-484.78,2426,155.05,-560.63,356.88
1208.2,1274.2,-1887.6,118.84,-92.901,119.98
1819.4,-1807.4,293.93,115.18,-9.3132,82.205
928.85,2390.8,-215.23,226.28,-17.718,81.957
86.175,-13.273,823.53,90.686,-1063.2,2204.3
1947.1,1534,-721.54,104.01,-18.756,85.063
83.694,-1.6294,-564.27,81.993,223.44,2510.2
81.68,0.039168,40.756,81.708,78.352,2581.1
797.4,-55.849,2442.9,81.872,-17.666,263.86
257.45,1780.6,1663.9,601.2,551.42,111.3
392.79,1538.2,-1966.7,337.03,-405.6,130.13
777.71,2432.1,-288.76,269.49,-29.058,82.191
477.74,-2240.8,1110.1,397.27,-188.5,90.763
888.48,2292.8,-757.5,226.87,-65.238,85.461
96.346,1208,644.42,1932,1028.8,92.545
1750.5,-1022.5,1597.6,94.609,-37.668,104.02
2493.1,-578.91,345.07,83.845,-2.5596,82.41
270.48,-830.85,2303.3,275.53,-696.72,231.14
998.73,2309.7,547.51,206.36,41.254,83.583
1897.1,-1544.8,823.98,105.36,-22.432,86.183
2537.5,-394.13,-274.96,82.65,1.3597,82.137
219.42,-1597.3,1775.7,645.74,-706.35,121.57
2242.2,-1258.2,239.68,93.664,-4.2772,82.025
534.16,2202.7,-1176.2,350.44,-176.96,92.024
2207.8,291.98,-1306.9,82.382,-6.3467,94.71
2521,9.5057,-560.35,81.671,-0.068518,83.665
101.81,580.74,-1427.1,784.55,-1907.1,215.67
1642.6,188.94,1981.5,82.21,11.286,127.57
760.49,-2453.7,-29.329,277.34,3.0276,81.675
110.3,-64.638,-1733.1,108.35,1254.6,1441.3
2285.7,-1176.8,242.2,91.871,-3.9659,82.032
2207.4,-1069.4,807.04,90.762,-13.035,85.982
501.54,-2337.4,885.94,394.31,-143.05,87.104
82.615,2.6555,389.19,83.505,532.02,2497
1480.4,-2095.9,-268.07,141.7,12.104,82.115
1896.4,156.3,-1744.5,81.947,-6.1823,110.84
119.48,45.82,-1882.5,92.257,-820.02,1562.8
1909.4,560.78,-1644.4,85.126,-19.854,105.98
1139.3,2249.4,533.68,181.12,34.236,83.481
587.07,-2307.5,937.29,334.29,-127.68,87.777
1888.6,1732.2,311.55,110.87,9.12,82.272
659.84,-716.75,-2371.8,121.09,218.42,215.6
904.07,60.831,-2408.6,81.856,-14.727,232.77
984.91,-2354.4,342.58,212.25,-26.31,82.403
750.71,-2381.5,602.18,273.13,-62.888,84.014
122.64,-1769.8,-756.02,1581.9,673.96,88.791
2457.1,-365.35,706.02,82.569,-3.4552,84.908
1271.4,1941.8,-1123.4,149.31,-60.537,90.744
2154.4,1161.7,822.16,92.801,14.81,86.159
2407.4,-822.98,-443.12,86.316,4.8682,82.901
2565,-104.64,282.43,81.738,-0.36691,82.163
2096.5,1504.7,-84.447,100.55,-1.9205,81.714
137.93,-571.01,1998.2,427.45,-1441.2,292.19
729.64,1986.7,1453.9,238.22,153.84,99.108
184.55,-1816.4,1427.2,900.11,-701.43,103.7
99.287,33.454,-1467.2,94.929,-1081.8,1827.7
202.13,1571.4,-1754.3,698.89,-769.56,121.94
981.14,2334.5,-466.72,211.41,-35.959,83.047
2371.8,1.7227,1021.4,81.67,0.025574,88.929
896.52,-2185.4,1020.5,215.95,-86.421,88.974
1685.2,1692,978.94,115.8,33.675,88.273
528.54,-436.18,2459.2,106.41,-246.57,306.28
713.56,2091.9,1305.5,254.47,142.45,94.869
1164.6,-2171.3,-756.87,173.12,46.916,85.44
567.69,-1393.6,-2067.5,218.43,278.76,138.92
1518.2,-2051.3,-380.13,137.41,16.469,82.572
121.85,1741.8,-794.68,1575.2,-716.77,89.748
153.27,1986.3,902.1,1253.5,566.86,89.665
286.01,-2389.6,583.98,716.66,-172.87,84.043
146.05,1910.1,959.74,1291,646.05,91.363
296.18,-832.96,-2321.2,252.52,630.09,230.32
843.72,234.83,2418.1,84.803,63.334,240.76
1348.3,1816.8,1238.3,137.21,60.381,93.116
1024.1,2290.1,583.71,200.6,42.653,83.854
466.2,-2475.3,-357.4,447.94,62.528,82.489
1164.9,-2114.7,-902.72,169.59,55.604,87.198
2088.2,-1509.2,168.33,100.79,-3.8612,81.844
2419.3,797.08,425.34,85.993,4.4982,82.802
1926.8,-1652.3,-471.41,107.63,13.026,83.068
1933.2,-1703.1,164.68,108.88,-4.6052,81.837
1507.7,-1202.2,1714.2,104.51,-58.027,109.32
87.923,-809.83,-508.08,2032.6,1273.2,96.391
355.94,185.6,2482.8,92.652,276.4,522.34
317.29,1090.6,-2223.7,301.77,-570.21,179.91
1635.3,1995,77.907,128.92,3.0144,81.707
2573.5,-212.53,-44.926,81.948,0.11746,81.682
977.37,578.92,2310.8,95.009,99.007,185.51
2249.2,1265.7,84.772,93.729,1.5114,81.714
1642,552.32,-1912.9,86.178,-30.405,121.74
438.03,2451.2,-494.55,472.29,-92.439,83.267
93.395,-1248.5,-94.309,2252,169.89,81.902
1465.9,-2114.9,-185.72,143.52,8.5216,81.883
2038.3,-1521.7,-442.5,101.95,10.62,82.898
1121.3,2257.7,535.54,183.99,35.045,83.495
1270,2176.9,-545.43,162.32,-30.376,83.563
771.91,2293.7,863.21,257.35,87.098,86.715
1649,-199.7,1975.2,82.268,-11.79,126.98
2556.6,-13.739,365.67,81.671,-0.062842,82.502
914.81,-2130.9,1116.1,207.73,-91.984,90.647
1939.2,-1665.5,-360.97,107.7,9.9186,82.481
98.915,820.43,1202.8,1203.5,1756.2,144.71
2057.6,-1469.5,522.63,100.39,-12.072,83.398
281.39,2259.8,963.84,690.23,290.27,88.693
1623.4,1951.4,465.22,127.8,18.025,83.032
117.15,-421.99,1800.9,418.4,-1717.5,351.45
1181.7,-2246.2,-450.27,175.74,27.621,82.947
522.67,-1607.3,1912.4,267.06,-288.05,123.41
2512,-347.3,-488.95,82.448,2.1795,83.176
890.27,-2234.5,913.87,221.46,-78.257,87.373
102.23,42.744,1551.5,99.467,1176.4,1694.1
1862.2,-172.86,1779.3,82.022,-7.2265,112.78
1220.4,-739.56,-2147.2,95.553,74.756,147.72
1111.3,-1146.5,-2022.7,117.51,107.17,131.92
429.47,-2462,435.68,483.82,-83.18,82.903
1663.3,1789.1,-832.59,120.02,-29.993,86.288
2380,142.91,992.02,81.817,2.0428,88.465
462.66,-2348.2,-860.68,428.97,151.53,86.796
969.26,-970.72,-2178.9,115.79,130.61,153.48
1860.1,-1686.1,-600.81,110.28,17.742,83.979
824.21,2240.1,-955.85,237.55,-89.38,87.982
2142,-1441.5,26.807,98.464,-0.57134,81.674
111.98,46.644,-1764.7,95.614,-978.17,1608.8
490.53,-1509.2,-1993.3,267.6,320.52,131.23
1949.4,1383.1,-975.57,100.17,-23.685,88.218
398.76,-2453.2,468.45,519.79,-96.803,83.11
2370.5,-884.81,516.45,87.18,-6.2292,83.356
168.41,2206.3,460.51,1226.1,254.79,83.422
1726.3,-93.511,1916.5,81.79,-4.9153,122.01
1269.2,-2244.6,13.01,166.19,-0.73063,81.671
1453.7,3.282,-2131.3,81.67,-0.2712,145.1
215.94,-2381.2,77.086,976.25,-31.383,81.713
1543,-1274.8,-1628.6,106,55.026,105.33
645.57,2463.8,287.66,324.66,35.506,82.19
1574.1,-1620.8,-1246.6,117.31,46.491,93.291
1639.4,585.81,1905.1,86.74,32.01,121.14
2472.3,545.6,509.36,83.637,3.6299,83.308
2108.2,-1475.5,212.5,99.711,-4.7262,81.948
494.73,-2112.7,-1336.6,362.93,217.98,95.94
1156.7,-1816,1416.9,152.29,-84.65,97.789
2198.7,504,1256.7,83.791,10.444,93.504
1131,130.66,2312.1,82.216,19.261,185.26
91.176,-15.946,-1147.4,87.762,846.27,2152.8
2386.4,-373.45,-913.42,82.665,4.8385,87.321
1406.1,-2017.8,778.2,143.01,-37.169,85.665
998.66,-2244.9,771.33,201.5,-57.86,85.604
447.41,-2485.8,273.58,468.69,-50.016,82.148
379.63,1177.3,-2199.5,271.9,-462.15,166.89
677,-2443.6,-387.6,307.97,45.415,82.62
643.6,-2129.4,1273,284.4,-156,94.112
2481.3,206.08,-685.83,81.952,-1.8705,84.715
370.04,1894.6,1620.3,436.43,360.17,106.67
161.58,1586.8,1558.3,933.14,909.36,114.25
484.51,1970.6,-1539.2,346.74,-255.82,102.54
2129.9,810.67,1213.8,87.394,16.579,92.545
2469.2,-630.29,418.42,84.292,-3.4265,82.765
2282.4,313.37,1166.4,82.437,5.6845,91.553
1796.1,-1746.4,621.88,113.97,-19.743,84.151
938.49,-2396.9,-10.383,224.75,0.845,81.671
2260.8,-576,-1106.7,84.282,9.8827,90.403
581.06,-2448.5,-460.45,357.07,63.634,83.027
189.14,-284.54,-2305.7,158.82,946.71,573.45
2113,-1308.2,-700.29,96.075,14.266,84.854
412.45,-1436.7,2044.7,301.51,-397.61,138.52
2306.6,151.9,-1150.9,81.847,-2.6811,91.244
2086.2,-1498.6,-261.25,100.58,5.9742,82.092
1049.7,-2305.4,468.56,197.57,-33.295,83.057
132.49,-1984.1,-433.57,1555.4,338.97,83.592
400.15,-2235.7,1113.7,473.22,-228.71,90.971
351.51,2465.5,337.82,594.6,79.933,82.419
726.49,-2009.2,-1424,241.54,151.61,98.169
1521.4,-1784.9,1075.6,126.01,-44.034,89.859
657.32,-1807.6,1695.4,240.62,-199.69,108.91
1815.5,-1783,433.6,114.53,-13.688,82.848
1348.8,-2125,563.43,152.59,-28.87,83.693
2370.6,2.5165,1024.3,81.67,0.037506,88.976
2203.2,-1109,-763.97,91.446,12.749,85.502
575.59,2482.3,-222.39,365.06,-31.07,81.981
647.48,2356.8,-772.59,310.6,-94.779,85.658
2554.2,345.95,162.54,82.417,0.69829,81.832
2020.5,-1596.8,182.52,104.13,-4.5804,81.875
1804.5,-858.84,1633.8,90.465,-31.836,105.52
950.8,2387.4,154.16,221.44,12.354,81.817
383.64,2175.4,-1222.6,480.95,-262.51,93.361
2310.5,-1119.7,-275.87,90.766,4.2574,82.141
2096.6,-1147,977.4,93.109,-18.298,88.244
1681.1,281.85,-1937.9,82.813,-15.604,123.74
219.62,2385.2,-129.85,959.01,-51.829,81.79
1881.6,-653.91,1642,86.47,-23.438,105.88
889.12,-1614.2,-1795.6,169.83,145.22,114.08
85.865,-755.95,252.17,2330.4,-776.42,86.089
990.4,1289.7,-1996.8,134.38,-131.2,129.43
1364.7,1407.7,-1675.9,117.44,-72.2,107.48
1157.9,471.27,2254,88.207,60.213,168.66
81.671,0.004808,9.0867,81.681,43.164,2582.3
159.34,-1024.7,1961.9,617.11,-1160.8,175.19
520.96,-1404.2,-2066.3,237.38,307.97,139.3
587.7,-727.24,2381.9,130.71,-260.97,224.25
2479.5,-696.61,190.7,84.835,-1.7007,81.894
1703.8,-1808.4,-698.7,119.17,24.418,84.841
1770,-1878.7,-18.559,119.17,0.62428,81.672
1882.9,-225.55,1751.5,82.255,-9.0524,111.22
1400.2,-1914.2,1014.7,138.49,-47.879,88.839
958.1,-2270.8,744.15,210.74,-58.689,85.315
2335.5,-895.76,641.48,87.478,-8.0421,84.316
2515.8,-582.99,-18.495,83.836,0.13568,81.672
82.647,-0.63128,-395.69,81.771,126.94,2548.9
1369.1,-2174.8,220.92,153.5,-11.178,81.972
475.71,2488.5,-247.6,441.29,-42.404,82.06
87.731,-898.72,284.62,2292.2,-725,85.663
2054.3,-1411.2,674.18,99.108,-15.196,84.608
82.379,-0.15884,-337.99,81.679,37.681,2560.1
1574.9,1569.4,1309.7,115.38,48.04,94.804
229.73,-2.3687,-2404.4,81.675,10.087,918.08
1982.6,1192.3,1145.9,95.323,24.364,91.151
663.41,-2083.4,-1339.7,271.05,158.46,95.799
2205.9,1315.8,265.43,95.113,5.0402,82.105
518.92,-2310.3,951.27,377.13,-148.01,88.022
104.89,607.76,-1500.9,758.52,-1851.5,216.51
1346.6,2191.7,187.81,156.22,9.728,81.888
979.81,2332.3,480.42,211.49,37.067,83.131
920.82,2153.9,-1066.4,208.45,-87.362,89.744
123.95,-1814.6,687.7,1591.5,-601.57,87.324
728.24,2258.3,-981.2,267.63,-105.46,88.385
122.85,1907.2,276.34,1699.2,245.64,82.521
385.52,-256.79,-2482.5,98.835,303.06,452.09
1982.5,194.81,1642.3,82.064,6.6272,105.88
170.29,-2248.7,-238.75,1231.7,130.21,82.127
2534.1,-377.5,-324.99,82.572,1.5448,82.325
117.31,1702.6,728.88,1653.2,706,88.822
345.83,2363.4,774.3,580.14,186.3,85.859
1901.7,-1249.2,-1219.7,97.741,28.803,92.677
1186.3,-1235.6,1926.5,118.07,-96.011,122.99
406.52,2498.4,-17.256,518.84,-3.4947,81.672
2075.4,-990.72,-1173.6,90.511,19.923,91.702
1322,2196.1,-283.56,158.58,-15.045,82.169
82.235,0.12006,302.17,81.676,31.97,2564.7
690.24,-2243,1037.2,279.47,-118.2,89.3
1206.2,-2072.3,946.89,162.63,-55.569,87.814
1182.3,-1489,1740.6,131.53,-94.472,110.77
1680.7,1862.4,-606.38,121.98,-21.913,84.025
828.17,1161.7,2139.3,141.15,172.91,147.37
2269.6,-1222.2,151.79,92.773,-2.5929,81.812
579.28,-1219.8,2172.7,191.95,-280,154.92
745.91,-2034.5,1378.9,238.52,-142.7,96.823
1306.1,2073.8,802.45,153.47,42.565,85.941
572.9,2448.9,464.28,362.05,65.145,83.051
2508.7,-610.07,-62.939,84.053,0.48467,81.694
2345.9,-531.86,939.42,83.745,-7.2399,87.684
120.75,1893.4,-161.13,1740.5,-147.79,81.965
1593,1541.4,-1321.1,113.72,-47.191,95.091
644.75,648.07,-2394.6,116.27,-217.65,229.79
82.415,-1.012,346.37,82.011,-233.11,2548.6
1110.8,-2294.9,-374.42,187.87,24.858,82.547
895.72,602.25,-2335.8,98.543,-119.68,195.16
1676.1,-804.02,1790.2,90.6,-37.808,113.44
723.61,-2460.7,113.55,291.2,-12.38,81.75
1265.8,-1273.2,1850.8,115.96,-84.948,117.36
1838.6,-1563.8,915.16,107.26,-26.378,87.35
2511.9,-347.46,-489.38,82.449,2.1825,83.179
1878.4,1667.6,595.53,109.26,17.216,83.936
404.62,-2446.6,505.49,510.78,-102.84,83.351
2242.4,1246.5,-292.63,93.454,-5.1842,82.2
255.64,1851.5,1581.9,629.54,528.81,107.04
2333.7,-706.07,-850.78,85.331,8.6324,86.505
1830.5,1816.8,-109.3,115.12,-3.4404,81.743
127.53,900.77,-1764.6,755.46,-1462.6,178.79
155.78,-374.06,2163.1,244.35,-1255.2,452.56
600.12,-742.56,2375.2,130.67,-254.7,219.67
2427.9,-627.96,-616.35,84.36,5.1971,84.103
85.192,734.16,21.973,2474.8,73.989,81.707
1854.2,-1729.1,-485.77,111.72,14.614,83.157
1087.2,-2324.8,-229.31,193.24,15.656,81.996
2061.3,-1022.1,1171.6,91.174,-20.652,91.661
150.38,-2157,-184.5,1397.5,119.13,81.967
2565.7,-233.32,-180.16,82.007,0.51988,81.87
1023.5,1957.6,-1324.6,176.71,-94.026,95.244
1915.3,1718.7,204.92,109.78,5.8439,81.929
760.43,-2453.7,-29.136,277.36,3.0079,81.675
801.23,894.37,-2272.8,122.75,-173.86,175.15
2362.1,1030.2,-166.82,89.108,-2.3083,81.841
1972.9,943.5,1372.2,90.544,24.546,96.435
669.15,2471.4,147,314.69,17.458,81.805
348.6,2484.1,135.61,604.18,32.381,81.789
1356.6,-2027,838.71,147.02,-42.062,86.369
326.65,1731.5,-1776.2,454.5,-451.2,116.03
90.123,-1091.4,-0.77538,2340.4,1.6607,81.67
109.9,-1.9175,-1726.6,81.698,49.978,1918.5
84.471,6.8389,659.19,85.675,754.11,2380.3
540.63,-812.73,-2360.4,148.65,301.39,214.36
1935.7,-958.38,1414,91.148,-26.515,97.636
84.481,-26.564,659.82,129.41,-1934.1,1575.7
1884.8,1278.5,-1215.3,98.716,-29.607,92.583
2273.3,1218.5,-124.85,92.675,-2.1213,81.766
1814.3,1543.8,-994.12,107.28,-29.047,88.504
117.43,1381.3,-1236.3,1339.6,-1194.5,109.51
1780.5,-1443.9,1186.4,105.19,-34.336,91.972
1452.4,-2124.4,182.51,144.86,-8.49,81.875
86.926,35.733,883.19,127.6,1861.7,1553.1
392.63,2458.7,434.3,529.21,91.251,82.904
1653.1,-1356.7,-1444.6,105.71,45.365,98.579
1800.5,1822.7,-314.35,116.27,-10.16,82.283
492.64,-2477.9,-332.78,424.48,54.899,82.376
374.54,2493.8,-15.305,563.14,-3.3834,81.672
2131.1,-1321.4,-615.69,96.115,12.45,84.098
1148.9,1324.7,-1889,124.82,-101.8,120.11
836.51,-349.44,2406.5,88.573,-91.369,232.5
90.349,48.316,1102.7,130.77,1820.4,1458
2013.2,-1579.7,342.39,103.84,-8.5857,82.399
334.53,-2477.4,-172.23,629.02,42.993,81.864
2281.9,-1154.6,357.56,91.542,-5.7844,82.465
1789.9,1840.3,-268.71,117.2,-8.8031,82.117
739.2,-1157.2,2170.2,152.38,-203.67,152.94
1769.8,-1769.9,630.74,115.56,-20.615,84.226
535.85,2445.6,-503.78,385.88,-75.931,83.309
745.32,589.09,-2386.2,104.34,-163.73,221.5
85.794,-787.6,68.918,2449.2,-214.07,81.982
1142.2,-2302.5,191.1,184.16,-12.278,81.896
785.81,-2239.9,-984.83,247.9,97.167,88.428
899.97,-2028.7,1302.4,202.1,-108.56,94.711
2206.5,1122.1,-734.59,91.637,-12.34,85.194
2293.8,128.17,-1179.2,81.798,-2.3453,91.812
1220.5,1586.4,-1625,134.13,-86.449,105.23
1308.5,963.83,-2002.4,101.5,-74.358,129.7
1058.6,-2338.3,221.09,198.52,-15.593,81.973
2179.4,586.77,-1254.3,84.582,-12.237,93.45
965.43,2137.7,1061.6,199.02,82.19,89.654
157.81,1999.7,930.9,1212.2,561.75,90.049
334.55,1277.8,-2129.4,331.88,-519.57,155.15
499,-2258.8,1071,383.54,-173.61,90.008
1733.3,105.55,-1909.5,81.822,-5.4807,121.46
1575,1952.8,604,130.2,24.425,84.006
1314.4,-2165.6,483.17,157.62,-25.726,83.144
693.15,421.85,-2434.3,95.788,-150.92,259.45
2453.1,635.85,-497.15,84.372,-4.1573,83.228
2225.8,-1053.1,777.6,90.362,-12.218,85.65
258.82,-2411,-363.91,805.9,120.39,82.586
192.6,2105.9,-1002.8,989.37,-467.93,90.4
975.77,-2273.6,713.16,207.7,-55.075,84.999
2315.6,1141.9,-47.026,91.072,-0.73439,81.684
432.81,-2498.9,-86.463,487.06,16.379,81.718
2184.5,-1345.2,-293.22,95.931,5.755,82.202
1335.4,1782.3,-1300.7,136.37,-63.824,94.595
1937.3,1675.7,321.9,108.03,8.8903,82.313
1569.3,-1859.7,-858.71,126.74,34.219,86.612
1667.1,-1429.1,-1356.1,107.63,43.323,96.009
2057.2,-1237.9,949.64,95.336,-19.465,87.833
2127.5,-227.34,-1445.3,82.136,5.9035,98.578
1188.5,-2250.3,-410.73,175.2,25.028,82.728
2564.1,72.415,300.41,81.703,0.27041,82.229
1394,-1482.4,1585.2,119.33,-67.834,103.56
1280.1,-2066,-861.75,155.29,46.86,86.657
2428.8,-163.35,-862.15,81.855,1.9476,86.646
897.98,-1350.6,-1997.8,147.93,152.13,129.68
1359.3,-2042.8,794.88,147.61,-39.853,85.853
341.5,1098.2,2229.9,282.55,525.77,178.52
822.71,366.2,-2408.3,89.469,-98.106,234.03
2575.5,-155.62,112.08,81.819,-0.21459,81.747
709.04,-2339.3,783.13,283.28,-86.953,85.764
1061.8,2301.6,460.83,195.44,32.298,83.01
2486.1,-285.28,-638.33,82.207,2.3932,84.288
2490.3,-383.24,566.54,82.633,-2.829,83.711
98.1,1426.7,93.222,2145.5,139.99,81.844
230.57,2244.2,-866.24,853.94,-326.6,87.491
230.01,988.99,-2192,384.41,-813.54,194.82
82.314,322.28,3.3829,2562.3,26.868,81.675
2369.2,542.51,-872.67,83.786,-6.7226,86.781
815.89,-2252.3,-933.34,240.87,88.336,87.656
1112.1,-2143.1,-900.69,177.69,58.904,87.174
1506.4,1691.8,-1235.1,122.92,-50.119,93.035
1226.5,748.98,-2140.5,95.752,-74.568,146.68
417.72,-2411.8,-656.16,487.7,128.96,84.557
81.987,0.26927,226.59,81.727,96.139,2570.9
249.72,-89.746,-2427.5,87.377,298.63,789.48
832.51,2219.9,995.76,233.57,91.962,88.589
501.45,-2466.7,-404.37,415.29,65.446,82.718
2085.4,1465,413.88,99.835,9.3297,82.741
1360.6,-2103.2,-614.72,150.55,31.052,84.096
85.732,-720.2,312.63,2257,-978.47,89.023
475.68,-2166.6,1248.8,386.32,-212.72,93.739
222.38,-1198.8,-2071.3,480.35,805.97,161.27
1218.1,-145.51,-2267.5,82.253,18.113,171.93
2368.3,-321.16,-978.08,82.418,4.5376,88.252
2211,714.51,1126.3,85.834,12.81,90.769
1436.4,195.87,-2133.9,82.428,-16.444,145.49
938.26,-2314.6,-623.25,218.11,50.495,84.177
1012.5,2229.5,798.43,198.04,58.861,85.907
2044.1,-511.2,1492.1,84.189,-14.485,100.1
615.42,-2484.8,-79.197,342.57,10.298,81.709
1009.2,-2004.1,-1264.1,182.06,91.725,93.753
703.76,-2160.4,-1193.5,265.3,132.67,92.265
84.958,-13.582,-711.06,94.423,1245.1,2147.4
1423.6,2048.2,-657.84,143.26,-31.057,84.465
1222.6,-637.08,2178.6,92.137,-67.523,152.92
2516.2,-243.36,528.17,82.052,-1.652,83.435
1466.2,1959.5,816.44,136.46,36.491,86.1
2547.9,360.45,-219.58,82.484,-0.98694,81.967
1428.1,-2005.4,770.5,140.95,-35.971,85.58
1512,638.77,1990.8,88.679,41.962,128.48
439.15,-954.52,-2311.3,198.27,398.64,197.84
1848.5,-1722.4,-528.96,111.68,15.955,83.442
724.31,-1112.1,-2197.9,150.32,209.39,158.22
2107.7,520.94,-1397.5,84.131,-13.012,97.147
1940,1297.3,-1103.7,98.276,-25.867,90.352
636.86,-2260.3,-1025.9,303.47,127.76,89.132
116.95,-1609.6,905.03,1572.6,-881.85,93.664
1496.7,-654.71,-1997,89.163,43.79,129.08
824.6,-891.16,2266.5,120.57,-165.96,173.26
184.44,2207.2,680.6,1093.1,335.17,85.444
1897.2,-510.58,1674.6,84.581,-18.769,107.35
425.72,-2236.3,-1117.5,444.7,214.73,90.992
1409.6,-229.05,-2148.2,82.745,20.029,147.69
93.624,-59.686,-1260.5,134.2,1784.5,1371
720.72,1945,-1512.9,236.38,-161.92,101.11
2124.6,-271.21,-1442,82.334,7.029,98.476
1841.1,861.51,1591.1,90.185,29.969,103.75
1307.3,-2201.6,-307.5,160.19,16.558,82.257
269.9,-2439.4,-205.75,778.74,64.958,81.957
1269.6,-2027,963.49,154.08,-52.664,88.055
1844.1,1550.8,926.32,106.75,26.446,87.504
81.997,-2.5144,230.11,86.366,-836.22,2432.5
2553.2,-385.36,-48.825,82.596,0.23331,81.685
1556.7,721.1,1927.4,90.029,42.611,122.92
1507.7,-1572.2,-1382.9,118.08,54.184,96.758
1992.4,841.73,1409.7,88.671,22.524,97.507
2575,-172.85,97.737,81.854,-0.20783,81.729
1939.5,1434.6,919.31,101.62,23.055,87.406
2356.5,75.591,-1053.5,81.712,-1.172,89.461
1554.6,689.07,-1940.8,89.353,-41.418,124.01
82.133,-11.373,273.5,134.33,-2036.1,1561.4
1600,-2016.5,181.78,131.5,-7.2817,81.874
1096.9,-2179.1,-829.48,182.05,55.35,86.267
2128.3,-1140,915.15,92.663,-16.603,87.346
1510.2,1980.9,672.8,134.83,28.993,84.6
85.001,571.74,430.21,1983.4,1489.9,102.18
2093.5,-1202.6,915.26,94.204,-17.809,87.348
1561.6,-2047.7,-163.34,134.79,6.8051,81.834
334.42,-2259.9,-1029.5,574.97,256.64,89.589
84.012,-9.8822,605.14,91.372,-1125.1,2244.1
1708.7,1626.2,-1047.5,112.81,-34.578,89.37
2535.7,-460.84,-166.45,83.009,0.95963,81.84
81.672,-0.0080145,-15.339,81.681,42.622,2582.2
1644.6,-1804.9,835.35,121.34,-30.717,86.322
731.6,-2319.7,823.07,273.08,-88.228,86.224
321.6,1121.1,-2210.5,305.47,-559.25,175.35
693.77,2393.2,612.83,295.22,69.812,84.106
1344.2,-771.98,2061.4,94.224,-62.576,136.01
1027.4,-2361,-67.121,205.23,4.9104,81.698
202.28,8.299,2355.5,81.752,46.569,1041.7
937.06,-2303.3,-665.25,217.44,53.941,84.545
1825.2,-797.48,1642,89.14,-29.472,105.88
94.814,-8.3498,1311,82.888,-379.74,2191.9
1721.8,-1622.6,1031.7,112.28,-33.62,89.105
1972.4,1448.6,-822.51,101.36,-20.189,86.165
100.08,749.93,1289.5,1061.9,1815,162.09
992.88,-2251,760.73,202.95,-57.479,85.489
81.751,-0.010383,115.07,81.67,-7.347,2580.1
438.4,1590.6,-1929.5,312.46,-353.13,125.75
2169.5,-399.8,1341.9,83.047,-9.1675,95.61
2163.7,792.56,1165,86.984,15.145,91.527
194.33,2315.2,317.07,1075.4,146.43,82.428
2131.4,-1106.4,948.5,92.032,-16.766,87.816
224.28,2236.3,-860.71,878.16,-335.06,87.461
1838.1,60.272,1811.4,81.714,2.6429,114.69
82.082,-0.082113,-258.2,81.674,25.686,2569.6
693.13,710.1,-2366.3,117.34,-201.61,211.8
171.86,-1816.5,-1356.9,984.5,730.35,101.81
1032.7,-2176.1,912.71,190.97,-65.45,87.343
755.78,-2430.6,-345.92,276.53,35.923,82.422
844.37,-2405.9,336.44,247.65,-30.866,82.379
1390.1,-2087.4,603.5,147.52,-29.578,84.004
2026,-510.41,-1516.7,84.226,14.959,100.95
1578.9,-98.315,2038.7,81.829,-6.5717,133.33
819.09,2116.4,1208.4,227.27,113,92.539
2573.5,199.39,-86.834,81.915,-0.21309,81.716
91.938,-338.89,1135.8,660.6,-2180.2,283.63
1878.2,-890.77,-1530.7,90.406,28.571,101.45
372.6,2475.6,-298,562.11,-66.235,82.247
129.92,1954.2,452.9,1581.7,365.59,83.829
1637.9,1378.5,-1441.2,106.8,-46.365,98.475
2182.1,1312.1,-429.28,95.316,-8.2898,82.824
2472,-628.7,404.37,84.273,-3.2965,82.691
817.02,-570.4,2370.1,99.769,-136.76,211.33
787.22,2236.2,992.2,247.14,97.68,88.542
82.316,-246.47,-208.24,1958,1651.4,106.88
2078.8,-864.98,1263.6,88.468,-19.098,93.667
1801.9,-1308.2,1305.6,100.96,-34.823,94.689
376.16,2223.8,-1129.4,501.31,-247.85,91.35
391.72,1886.5,-1635.3,410.37,-341.64,107.16
271.43,-2339.3,-725.79,742.58,227.61,85.465
2207.9,1184.7,-624.04,92.699,-10.928,84.168
98.241,1426.1,154.28,2134.6,230.59,82.146
2023.6,730.87,-1427.2,86.842,-19.597,98.026
1821.1,1107.9,-1455.9,95.622,-33.995,98.925
1573.5,2029.6,251.86,133.4,10.35,82.062
2271.3,-789.54,941.31,86.47,-11.128,87.712
1116,-1788.5,-1482.2,154.58,92.342,99.861
1007.5,2364.9,157.81,208.96,11.813,81.824
2166.4,437.01,-1335.3,83.318,-9.9683,95.438
618.45,2231.2,-1095.2,308.27,-140.7,90.356
454.04,982.87,2299.7,197.41,382.84,192.19
397.39,2496.8,53.021,530.66,11.002,81.688
268.75,-1837.1,1616.6,591.67,-510.72,108.33
2530.5,-229.28,462.38,82.005,-1.348,83.013
188.62,2319.8,96.129,1117.3,46.051,81.74
2508,-379.88,485.15,82.603,-2.3684,83.152
2441.7,284.34,-791.64,82.223,-3.0664,85.805
1280,-2119.3,-720.77,158.21,39.467,85.064
1572.6,-947.85,1813.1,95.393,-48.722,114.83
901.21,-2399.6,227.64,233.13,-19.402,81.992
1826,1694.2,-677.27,111.46,-20.634,84.638
91.531,-13.409,-1165.3,85.861,710.68,2191.9
1332.7,-1579.3,1543.1,126.77,-72.462,101.96
1321.5,-2070.7,-785.56,152.02,41.026,85.749
1090.3,-2328.8,164.33,193.06,-11.185,81.837
398.06,-2223.9,1136.6,473.29,-234.69,91.436
1577.4,-972.23,1795.9,95.972,-48.901,113.79
289.93,-2042.1,1375.9,605.06,-400.23,98.196
1102.9,-2241.9,630.57,185.42,-42.036,84.234
1984.6,-1537.7,-601.79,103.35,15.189,83.986
1290,-905.27,-2041.2,99.84,74.484,133.75
2425.4,-732.13,500.47,85.314,-4.8752,83.25
1824,1599.8,881.52,108.68,26.068,86.9
114.69,-48.366,1810.8,95.27,-945.65,1576.5
484.24,-1936.8,-1581.6,341.32,262.76,104.23
1431.7,-2139.6,-165.63,147.02,7.8692,81.839
1331.7,1241.6,-1826.6,111.76,-76.617,115.74
1317.1,-1203,1862.6,110.71,-78.126,118.14
282.06,2382.1,602.94,725.22,181.23,84.213
114.78,1109.2,1434,1126.2,1448.3,133.26
2441.9,798.06,-263.85,85.926,-2.7444,82.1
2218.9,1106.3,721.23,91.271,11.859,85.059
293.89,-1894.4,-1576.9,554.07,451.2,105.79
1840.9,-1809.4,23.273,114.57,-0.72482,81.673
1231.7,-802.3,2118.2,97.533,-76.949,143.4
2525.6,336.52,421.67,82.393,1.8028,82.782
1746.4,-1457.9,1219.3,106.44,-36.607,92.674
1114.7,2019.6,1148.8,169.36,73.933,91.248
2457.1,-151.24,780.4,81.825,-1.5953,85.68
359.59,-596.46,-2418.2,161.3,486.32,296.98
2193.9,892.13,1028.7,88.173,14.444,89.05
2432.9,-854.79,-138.8,86.569,1.5461,81.788
851.49,2420.1,183.13,247.08,16.654,81.878
1643.4,-1555,-1241.5,112.5,42.488,93.173
567.39,2484.6,207.81,370.52,29.483,81.941
408.74,239.13,-2487.2,95.12,-260.01,443.07
1315.7,2077.7,-776.65,152.87,-40.833,85.65
660.16,-2398.7,-620.47,310,74.622,84.174
1072.4,2261.1,-612.8,191.04,-42.314,84.086
1233,429.31,2223.2,86.5,48.624,161.51
1367.6,-2121.9,529.2,150.94,-26.623,83.447
979.4,2316.7,551.14,210.36,42.501,83.61
795.25,-541.87,2383.3,98.994,-139.06,218.82
1394.1,-1807.3,-1201.6,133.86,55.867,92.308
1684.7,1651.8,1046,114.44,35.564,89.345
1754.8,-1454.4,1211.5,106.12,-36.043,92.505
882.33,2311.2,706.61,229.85,61.401,84.94
1131.7,375.35,-2284.8,86.067,-52.166,176.86
87.74,-1.7003,943.36,81.785,-127.21,2400.6
117.49,1550.1,1018.4,1501.1,983.28,97.676
281.03,-1465.4,1971.5,452.5,-588.96,135.46
1126.9,-1918.5,1300.4,161.57,-81.532,94.612
1792.5,1768,569.38,114.77,18.246,83.735
715.25,2302.3,881.85,276.93,96.848,86.968
1039,-2331.4,-347.11,201.15,25.011,82.423
548.47,-1336.8,2107.4,217.23,-294.05,144.58
337.92,2358.5,-781.37,593.07,-192.76,85.955
1537.8,2062.9,-193.14,136.77,-8.2395,81.9
1166,271.11,-2282.8,83.859,-36.388,176.18
1312.2,-2119.8,-659.86,155.38,35.005,84.485
646.39,1710.6,-1796.1,232.68,-214.22,114.53
2569.4,-256.7,48.574,82.077,-0.15365,81.685
114.08,1267.5,1280,1302.3,1310,115.96
696.62,-2387.7,631.4,293.46,-71.594,84.263
111.85,-981.26,1464.6,1051.9,-1560.5,146.42
172.67,2268.5,92.574,1220.6,49.586,81.738
1768.6,-1751.5,-683.32,115,22.24,84.695
2134,1262,-721.27,94.9,-14.068,85.06
655.57,1654.1,-1845.9,223.16,-215.69,117.75
174.36,1177.3,-1948.5,629.5,-1024.3,156.95
1334.1,2165.3,427.98,155.91,22.359,82.819
494.37,1648.4,-1879.6,287.93,-301.91,121.02
497.65,-2472.5,-368.65,419.38,60.157,82.539
2477.7,190.32,-702.91,81.911,-1.7764,84.878
2148.6,-618.11,-1291.6,84.987,13.592,94.335
499.54,-2123,1319.7,361.19,-213.04,95.475
225.03,-299.66,2378.6,142.45,-759.05,537.39
1068.9,2116.2,-1008.4,181.58,-69.021,88.759
1955,1685.9,23.02,107.88,0.62886,81.673
1030.7,2207.3,836.82,193.53,60.302,86.359
190.57,2315.4,233.2,1101.3,110.31,82.081
729.45,-2461.5,-46.301,289.11,5.0042,81.683
431.04,-1908,1615.8,377.13,-304.4,105.97
82.89,0.70377,-441.3,81.771,-126.15,2541.5
1909.8,-1552.2,779.7,105.28,-21.06,85.675
568.9,1257.2,-2152.9,199.82,-285.03,151.53
2221.5,-976.25,882.94,89.218,-13.076,86.914
607.69,868.44,-2330.8,143.33,-259.78,197.78
1730.1,-868.24,1707.2,91.397,-36.218,108.94
1988.6,-1467.6,-746.2,101.53,18.222,85.315
168.29,1790.8,-1367.7,997.32,-756.58,102.64
371.56,566.48,-2428.1,151.53,-460.81,305.96
1351.6,-2166.3,-363.88,154.49,18.698,82.496
2418.2,611.66,668.85,84.245,5.5455,84.558
221.86,-4.0433,2392.4,81.686,-18.562,950.51
85.718,0.13463,783.87,81.671,12.719,2460.6
748.3,-378.8,-2427.7,91.65,120.96,251.18
2236.7,-5.4107,1290.3,81.67,-0.11412,94.3
1635,1996.6,25.318,129,0.98021,81.674
2524.7,-439.92,-319.3,82.902,1.7748,82.302
253.45,2407.5,-351.84,823.55,-119.17,82.529
964.05,-1946.4,1382.3,184.54,-105.39,96.826
853.98,2426,25.988,246.98,2.3563,81.674
661.42,1074.2,2232.4,156.64,237.03,166.27
1039.2,1530.7,-1792.3,145.71,-117.02,113.76
1375.5,-969.16,1954.9,99.964,-67.051,125.28
1533,1731.9,-1143.8,123.32,-45.723,91.122
107.04,-47.951,1667.4,99.363,-1120.9,1619.6
85.108,0.055834,726.26,81.67,5.7754,2478.3
501.88,-2453.6,-477.44,412.82,77.186,83.142
1616.3,-1490,-1351.6,111.14,46.381,95.89
2040.1,-1345.7,832.42,97.862,-18.374,86.282
1330.7,825.21,2049.3,96.149,66.497,134.63
279.44,2443.2,244.18,751.12,74.182,82.072
1403.7,-1749.1,1274.5,130.62,-57.966,93.952
1002.6,-1936.6,1370,178.1,-99.504,96.469
485.84,-1925.3,1595.5,338.31,-264.03,104.8
745.75,2281.1,914.81,264.27,95.857,87.409
1884.7,-1608.4,-724.67,107.41,20.414,85.095
1830.9,-1505.2,1022.6,105.77,-29.015,88.956
2462.4,-73.626,775.06,81.707,-0.76915,85.621
1241.8,1214.4,1905.5,114.35,87.906,121.31
744.49,2278.3,-922.73,264.38,-96.856,87.52
1479.8,-122.51,2109.8,81.95,-9.6358,142.04
2288.8,-755.75,-926.45,86.012,10.377,87.501
1559,535.96,-1985.1,86.374,-33.9,127.93
852.97,2231,-954.17,229.62,-85.78,87.953
403.95,-254.24,-2485.2,97.082,277.38,439.26
1928.4,-985.31,1405.4,91.73,-27.123,97.381
625.12,1014.4,-2267.8,156.65,-255.02,175.91
2476.7,-729.56,54.405,85.143,-0.50745,81.688
437.29,-2450.3,-498.76,472.93,93.393,83.295
462.96,2390.6,-734.7,436.15,-129.34,85.311
1211.6,1851,1323.6,149.36,74.873,95.189
130.4,-1968,412.84,1583.1,-331.21,83.443
90.458,36.806,1109.1,112.44,1600.8,1693.6
86.927,17.055,-883.84,94.122,-1205.3,2105.4
2253.3,1228,-287.01,93.025,-4.9837,82.18
83.055,11.088,-469.3,101.31,-1501.6,2047.2
979.22,1595.6,-1767.9,156.54,-126.23,112.38
802.3,1259,2092.6,152.53,180.85,140.76
158.56,1807.5,1270.8,1089.2,761.49,99.743
82.768,3.741,419.01,84.777,683.17,2455
823.44,-2425.8,-220.7,255.2,20.841,81.973
405.93,2478.7,-312.99,515.61,-63.473,82.302
1871.6,-20.938,1777.9,81.675,-0.86955,112.69
2479.7,-625.81,359.11,84.234,-2.8972,82.472
2308,965.76,-639.48,88.54,-8.7452,84.298
2117.1,700.89,-1301.2,86.035,-15.798,94.571
822.2,-2436,-28.962,256.52,2.7407,81.675
2575.4,80.034,-175.04,81.71,-0.17258,81.858
1205.1,1523.1,-1695.3,131.81,-90.39,108.45
2532.6,462.77,203.95,83.024,1.1834,81.926
2368,674.96,-778.4,84.927,-7.3677,85.658
272.41,2421.6,-372.4,765.39,-116.36,82.619
2466.9,637.58,421.19,84.357,3.4931,82.78
2158.8,-1180.6,-782.87,93.1,14.228,85.709
943.89,2306.1,646.43,216.29,51.987,84.377
547.25,-2241.6,1097.1,348.04,-160.96,90.442
1594,1163,-1663.1,101.15,-50.333,106.85
543.54,2201.2,-1177,344.37,-173.77,92.031
1996.1,-718.51,1471.3,86.808,-20.421,99.413
2133.6,1450.7,101.29,98.783,2.1827,81.733
818.28,-1663.5,1781.4,185.78,-160.5,113.32
2339.6,-1072.9,209.3,89.858,-3.0491,81.94
391.22,359.23,2470.6,112.03,360.98,393.05
2566.3,-154.17,245.02,81.817,-0.46805,82.04
304.92,197.16,2463,98.357,381.56,574.38
158.03,-2125,-595.39,1285.4,358.68,84.803
81.991,-103.55,-203.37,1169.5,2285.7,179.65
1205.7,-0.97138,2278.7,81.67,-0.12492,174.93
1319.4,-2072.6,-783.93,152.29,41.036,85.731
404.37,1546.9,-1961.7,329.3,-391.89,129.37
1914.1,1210.7,1238.9,96.661,28.301,93.105
516.67,2048.5,1430.7,337.94,222.24,98.659
940.27,-2360.4,413.08,221.41,-33.476,82.743
287.18,187.27,-2453.5,98.772,-409.33,607.3
2188.1,1181.5,-695.41,92.829,-12.347,84.807
588.96,2488.4,97.542,357.87,13.298,81.73
2387.8,55.185,981.94,81.692,0.7769,88.31
748.23,411.2,-2422.5,93.32,-128.7,246.7
345.95,1049.1,2254.9,267.63,521.68,186.05
592.29,-2038.2,1430,295.27,-191.31,98.499
471.92,2454.7,-478.36,438.97,-82.585,83.154
943.17,2367.4,-364.25,221.38,-29.427,82.501
2388,-975.41,121.1,88.228,-1.5678,81.76
881.86,1190.5,-2103.4,137.59,-157.45,141.97
275.17,1824.4,1638.6,572.87,504.08,109.28
1558.5,2045.3,215.22,134.86,8.9873,81.956
1445.2,-50.385,-2136.4,81.72,4.2197,145.85
1077.9,-2329.3,-225.42,194.92,15.552,81.985
1278.8,-2237.6,85.973,164.85,-4.7793,81.716
1417.3,1588.4,1456.9,122.78,62.791,98.989
2270,-44.6,-1230.1,81.686,0.87052,92.9
2361.2,-1034.7,-150.98,89.176,2.0983,81.81
1019.1,-91.905,2363.6,82.004,-17.121,206.12
158.1,1754.7,-1339,1061.8,-805.45,102.62
1434.3,-756.1,2006.5,92.355,-53.432,130.04
1740,251.97,1889.7,82.524,12.739,119.97
2187.3,749.69,-1149.4,86.34,-13.934,91.216
1270.7,-1075.6,1969.1,107.09,-82.037,126.59
1249.2,2128.5,746.39,161.6,42.196,85.327
844.98,-1834.5,-1592.1,195.98,140.54,104.03
1968.1,1509.2,-717,102.95,-18.131,85.018
1252.7,914.37,-2059.9,101.19,-79.46,135.9
2506.8,379.46,491.6,82.601,2.3997,83.193
1405.9,-2106.2,491.57,147.28,-23.804,83.196
2197.1,-1083.1,-816.81,91.068,13.442,86.096
262.89,-2375,-568.68,780.5,184.84,83.954
293.34,2214.4,1081.6,647.08,311.02,90.752
2292.6,423.19,-1110.5,83.052,-7.1898,90.472
2064.4,-432.15,1489.3,83.443,-12.091,100
2418.2,-643.47,638.38,84.515,-5.5505,84.289
2464.2,-413.59,-652.83,82.814,3.5854,84.414
2459,-514.8,598.16,83.443,-4.0754,83.955
1655.8,1898.1,-562.4,124.32,-20.941,83.683
658.54,453.71,-2436.1,99.426,-173.65,263.09
2473.5,400.25,-625.33,82.734,-3.3017,84.178
1968.3,1670.5,17.548,107.16,0.47178,81.672
2381.5,-482.06,874.51,83.328,-5.9567,86.804
118.17,1794.5,506.16,1718.1,483.51,84.85
2287.2,-1196.8,-67.349,92.188,1.1162,81.698
505.07,2499.1,-38.551,417.57,-6.1949,81.679
2376.4,451.08,-904.39,83.13,-5.8028,87.198
2220.9,-1289.3,270.12,94.45,-4.9929,82.121
506.6,2442.4,-530.25,407.24,-84.855,83.497
1094.1,2116.8,980.55,178.27,65.244,88.322
2086.2,1322.6,-751.79,96.721,-15.779,85.373
2082.2,-511.24,1438.6,84.099,-13.474,98.372
1644.8,-1863.7,-693.76,123.51,25.874,84.795
893.65,-2088.6,1208.4,208.35,-102.02,92.518
486.21,-2156.7,-1265.1,376.46,210.44,94.112
626.3,-1964.5,-1520.5,270.98,190.68,101.5
633.67,2461.8,-322.38,330.21,-40.597,82.325
111.71,-1468.6,-970.76,1575.8,1038.8,97.86
81.735,-0.016309,103.21,81.671,-12.872,2580.5
1510.7,1097.8,-1780.4,101.01,-56.717,112.89
1077.6,-2271.4,-563.68,190.99,38.729,83.7
507.79,-1817,-1716.1,307.14,269.58,110.45
1493.1,-1466.9,-1508.5,114.57,57.957,100.7
2309.2,-1148.7,127.72,91.228,-2.014,81.77
699.33,-2462.2,-184.47,300.83,20.877,81.882
642.16,-849.77,-2331.2,136.17,239.17,197
1197.1,-809.36,-2134.8,98.656,81.894,145.86
1924.4,-1718.3,-92.651,109.53,2.6225,81.723
749.22,1102.9,-2195.4,145.94,-199.52,157.55
1154.4,569.95,-2232.9,91.127,-70.254,163.75
783.97,824.37,-2304.4,118.85,-175.36,184.88
583.05,2326.8,889.74,339.16,122.17,87.113
1646.2,-1402.5,-1408.2,107.35,45.396,97.478
2366.5,-540.41,881.07,83.775,-6.7772,86.889
678.56,-2462.7,-234.39,309.54,27.41,82.014
1147.2,2211.6,659.81,177.72,41.824,84.488
2316.3,-672.02,922.78,85.042,-9.0766,87.45
1536.9,1985.5,594.63,133.54,25.035,83.932
904.07,-1620.4,1783,168.15,-141.37,113.32
1304.4,1298.4,1806.5,115.35,80.03,114.49
608.9,2487,28.657,346.38,3.7694,81.675
2566.3,84.336,277.61,81.714,0.29048,82.147
2388.2,878.81,439.55,87.03,5.1969,82.881
455.14,2283.9,1019.1,424.51,182.4,89.156
460.04,-1720.5,-1815.2,320.93,316.66,116.68
925.71,2401.4,-33.077,227.83,-2.7349,81.677
2356.9,-896.8,556.16,87.389,-6.8611,83.635
1533,-1894.8,-847.04,129.95,35.15,86.467
1604.4,976.02,-1769.9,95.628,-46.929,112.28
684.56,1332.7,2082.5,179.76,222.92,139.98
983.64,-2027.8,1245.4,187.66,-93.419,93.323
366.83,-616.12,2414.9,162.69,-476.97,288.65
616.51,1905.3,-1596.7,267.42,-203.2,104.49
583.27,-1530.6,1965.4,231.35,-260.04,127.66
2125,300.17,1435.6,82.482,7.7286,98.281
405.1,-735.72,2387.5,172.05,-432.53,247.15
232.09,367.82,-2379.4,160.59,-770.19,462.17
183.6,1420.8,-1817.9,710.35,-896.87,132.08
1161.4,-1490.7,1752.9,133.09,-97.571,111.45
814.38,-2292.5,831.12,245.08,-78.983,86.309
647.89,-2348.6,796.85,309.41,-97.665,85.932
343.8,1399.1,2055.4,351.76,488.91,142.44
1315.6,-2131.6,613.65,155.71,-32.496,84.088
542.18,759.85,2377.8,141.69,296.06,224.24
418.45,1672.5,1857.5,342.69,358.99,120.13
1552.7,1773.7,1049.4,124.09,41.615,89.407
2056.3,-1260.6,921.28,95.818,-19.151,87.431
1498.4,-268.75,-2083.1,82.977,20.103,138.55
1145.6,-1507.9,1748.3,135.23,-99.595,111.2
456.02,-2221.9,-1147.9,412.63,204.83,91.545
2485.7,12.825,700.27,81.671,0.11884,84.852
767.6,468.56,2406.7,95.832,134.74,234.17
493.11,1632.9,-1893.2,286.14,-304.71,122.09
1230.9,-2241.2,-330.25,169.95,19.259,82.349
1797.6,-1669.4,-802.93,111.51,24.863,85.938
1108.7,-2283.2,445.19,187.38,-29.596,82.918
1397.6,-703.25,-2050.9,91.459,54.037,134.77
2342.5,-477.65,976.25,83.353,-6.8083,88.224
588.42,2482.7,-194.99,357.41,-26.605,81.908
1274.2,-1739.9,-1413.6,138.41,73.304,97.673
677.06,2461.6,248.86,310.06,29.172,82.058
1760.3,1539,1093.1,108.53,33.437,90.164
966.23,-2378.2,199.52,217.64,-15.688,81.917
2382.3,-810.31,580.42,86.27,-6.4147,83.817
83.861,-490.25,321.27,2104.2,-1376.8,97.622
533.2,2208.2,-1166.1,351.87,-175.81,91.814
298.57,-2301.7,-889.12,659.65,250.91,87.464
2099.5,-825.52,-1255.9,87.765,17.902,93.487
1868.2,1226,1292.6,97.716,31.054,94.365
2425.6,-789.25,403.35,85.889,-4.2067,82.686
191.09,-341.2,-2303.3,180.8,971.47,498.61
519.49,1378.6,2083.6,234.16,310.87,141.61
199.2,2341.1,-187.97,1055.5,-84.237,81.931
