755
1019
429
1858
572
1113
1528
1336
696
1347
1150
55
931
1504
1368
809
797
360
1277
102
620
1630
115
627
1011
1559
806
357
202
872
1427
1601
864
225
102
107
751
1260
1240
98
1828
1714
1096
1298
1276
1690
61
264
690
599
1389
980
745
374
1667
1569
1623
709
1365
617
470
360
356
843
959
102
1609
854
1327
559
932
325
503
437
1272
515
448
322
101
1024
592
1027
424
1616
1306
992
1098
347
266
166
510
132
111
570
826
1590
853
1048
36
1730
1545
414
1575
260
557
1488
1030
877
480
1509
1627
349
1028
1057
165
723
472
1387
807
416
1470
819
40
1144
1138
350
644
1672
870
367
1149
1595
1388
1296
1470
1892
562
1665
232
1365
345
1069
1076
346
785
1423
1285
1573
652
1702
1430
457
196
392
1336
1714
1684
1565
580
906
354
446
769
88
1293
1391
1291
323
1597
706
1171
404
1198
990
129
35
1431
1463
1625
334
1534
677
224
1137
1793
1564
104
1298
1155
1197
1568
327
961
1885
605
817
1021
1219
453
836
1518
499
1529
1154
1769
574
1592
213
1502
1614
1223
590
913
734
167
659
960
1284
1494
1014
1026
556
1050
1075
1749
1572
1164
656
88
1515
1160
619
355
1046
1124
1114
1154
1829
1280
703
1002
1025
1535
1612
743
1237
735
273
313
1170
1344
691
446
1714
278
1367
269
1707
1800
1578
730
261
1567
1353
1871
1115
497
1732
1777
399
1630
473
982
1511
418
1487
310
1610
1633
936
30
527
1201
1444
1234
1552
1881
1655
293
52
649
1547
1519
1678
400
791
1741
358
1034
940
797
1794
303
1050
1200
1492
931
1848
580
589
195
1388
1446
1541
1287
20
1740
844
1814
51
1679
259
1842
536
1434
770
755
1540
1537
379
8
1670
882
1201
452
1678
1484
809
847
812
288
634
1281
1876
53
309
1212
1858
1498
1307
936
1232
1486
356
866
583
798
1488
1525
1434
628
1216
100
1490
1019
798
1221
676
205
1257
1239
834
740
1702
678
1088
324
1344
1560
376
1566
228
1257
852
622
1200
997
819
876
894
1368
1092
1220
734
1234
905
38
806
940
1742
682
7
818
1864
1833
152
155
1892
1516
726
1554
1795
241
684
270
1724
1307
157
1295
1056
522
297
310
173
1364
1732
978
876
1240
684
1555
872
712
951
1092
1700
1643
198
967
239
1549
385
594
1542
1675
1795
1609
1753
1145
157
1025
755
1105
1446
992
226
1891
123
138
1834
775
1442
330
437
1549
1535
902
1134
892
51
234
417
639
1112
694
711
1244
1630
292
1104
1856
1438
418
998
541
1165
1879
1291
1001
788
956
802
514
264
83
786
1792
1075
137
896
1566
929
1219
1785
916
1546
1462
758
1376
200
98
1403
170
412
930
905
711
1491
344
160
726
1815
750
1382
1325
1319
669
791
895
1681
296
1367
744
1150
1572
1130
1263
1091
125
1002
968
724
576
1610
944
141
300
660
1824
219
1374
669
1034
1859
1054
614
1385
1495
1184
1503
990
1149
1033
1333
288
300
357
1876
173
1228
1654
1733
428
1742
1505
689
1190
1610
513
336
1120
1598
1256
1648
231
1892
795
481
1123
1888
1044
1642
1487
1529
1590
1373
1740
434
294
1056
152
1242
1289
615
841
965
1599
1516
414
1671
653
738
21
1569
1146
764
557
127
563
1847
1410
781
1092
1437
1178
1223
512
658
1158
344
77
949
1049
1245
1802
984
183
1281
1400
50
1255
1530
916
1470
1463
755
581
95
994
417
0
112
1206
1894
316
535
427
201
1666
1650
1240
56
40
526
573
31
280
1642
1859
490
1094
1285
1330
913
1191
1870
1396
1570
121
994
979
1897
989
1471
386
195
1781
829
527
351
1794
1744
153
1028
1600
534
558
1029
1791
1424
225
1080
1075
193
245
673
1178
446
831
57
1335
1304
548
680
157
1172
11
800
657
958
1179
1653
618
209
845
366
330
1578
727
1886
220
436
1239
1141
1199
1182
787
1241
1248
643
528
736
18
259
907
1497
71
1533
853
1426
912
1352
1006
215
1124
1569
830
1797
858
1641
1534
460
677
1610
230
1251
178
754
38
453
1892
525
1792
776
1478
1645
513
668
502
65
816
371
327
1793
1038
1098
1374
576
763
233
640
217
874
839
1081
85
816
1522
1091
1406
1372
352
1729
139
1667
941
811
1144
1360
627
384
372
1063
1581
1007
873
1541
925
1156
1453
207
736
984
1378
32
264
1323
1801
438
1361
1345
1578
1007
1272
542
1152
616
1645
196
1841
745
620
500
1736
1329
64
1602
1886
1345
1742
1270
1877
27
777
221
134
520
1313
761
1557
1268
399
532
931
1343
1073
337
1059
1131
1048
847
1769
1496
1034
739
1463
1415
1642
875
12
1530
111
289
246
1146
85
1672
1538
801
1877
1108
306
311
238
1057
271
1612
1894
1173
267
717
1306
1307
305
940
508
45
888
952
63
890
146
393
1149
1188
897
1596
269
778
1624
1813
1495
58
71
597
1501
858
871
1214
977
516
1152
1847
470
883
1709
709
446
1311
1635
1897
263
401
1698
1575
1871
1576
1512
1049
901
1158
1878
449
1702
1738
1540
199
941
319
574
1898
698
817
1128
678
938
856
913
1557
1552
1120
667
1086
629
667
728
810
1620
884
1743
896
228
1329
108
1035
1540
1831
1835
618
1443
1655
1394
1793
1058
1122
630
893
1728
824
1221
