16650,-6472.4,-3122.3,14740,1872.6,13033
19458,873.41,-3351.9,12673,-169.16,12971
14632,-6260.3,-2754.5,16616,3073.2,13156
12653,2.8175,274.42,12652,194.11,19980
14711,-6285.8,-2854.8,16499,3088,13178
12744,1843.1,254.32,19728,1602.8,12722
12818,1347.8,-2069,15109,-6931.8,16516
12989,1621.5,3036.3,14443,6296,17049
13455,-3864.6,3220.4,16553,-5736.3,14362
12663,-567.67,-377.43,18041,6097,14000
15010,235.93,-7096.8,12656,-324.56,16837
13405,4861.4,-629.6,18775,-1327.5,12709
16973,1726.5,-6818.8,12797,-1150.1,14726
12655,8.8348,-401.26,12656,-415.75,19971
13429,2750.2,4133.1,14823,6049.2,16069
14829,-6927.2,-932.92,16981,1017.6,12702
16207,4237.6,5955.1,13713,2870.2,14392
18990,1018.7,4530.8,12684,290.36,13279
14401,-6246.3,-2195.6,17086,2713,12999
12773,1715.2,1240,17671,6227.5,14171
12893,2690.6,1190.9,18649,4455.8,13303
19670,-2674.4,-407.29,12849,59.805,12655
15407,5008.2,-5263.1,14559,-3747,14260
12993,-2656.9,2216.8,16998,-6326.5,14483
18854,-4022.6,-2822,13164,706.18,12887
16897,-930.24,7013.2,12695,-655.64,14912
13017,-2085.6,2900.9,15299,-6728.4,16061
15357,-6315,3561.2,15629,-3039,13327
16753,-6969.2,-1568.3,14983,967.98,12743
13039,530.17,3629.5,12828,2407.3,19122
15655,5111.1,5236.3,14465,3483.2,14126
17376,-3457.9,-5817.7,13173,1722.6,13974
13000,-2872.3,-1992.1,17532,5827.6,14034
14446,-536.41,-6645,12688,924.64,17451
14522,-6713.1,-617.25,17376,750.71,12676
12664,-34.472,-708.97,12673,912.93,19929
14269,2445.6,-5991.6,13492,-3991.7,16615
13417,4611.7,-1750,18181,-3558.8,13112
15270,7136.6,-1095.8,16477,-1038.7,12712
13339,-4483.2,-1470.9,18436,3200.6,13006
12663,547.26,-375.62,17951,-6201.8,14071
13986,-2531,5535.6,13743,-4588.1,16641
18932,-1463.5,4531.2,12719,-420.6,13283
12659,-532.54,166.94,19430,-3508.5,13004
19771,2109.5,753.01,12772,86.222,12666
18412,2.8782,5646.6,12651,1.1489,13732
12730,-1423.8,-944.57,17968,6010.7,13985
13760,-1278.5,-5555.8,12999,2985.1,17882
14967,3509.3,-6145.6,13815,-3905.5,15469
13290,-3654.5,2747.3,17001,-5703.5,14157
17453,-2870.5,6062.1,13007,-1481.3,14090
13315,-4062,-2257.8,17699,4811,13573
12653,9.6155,-278.04,12662,-652.58,19964
17454,-1342.1,-6570.5,12730,766.74,14396
13785,5719.4,-571.04,18293,-952.89,12684
13282,1845.8,-4156.7,13906,-5396.1,17318
18783,-4928.8,1076.6,13425,-328.17,12685
17759,-6421.4,-381.32,14231,177.27,12656
12654,347.82,-43.734,19887,-1488.5,12710
13087,965.52,-3744.7,13166,-3914.5,18564
13930,-1679.9,5758.2,13166,-3459,17441
12770,-2093.4,76.796,19791,-429.34,12656
12695,1286.7,-19.798,19914,-182.74,12652
15008,333.13,-7092,12662,-458.08,16832
17952,-4647.4,4150,13467,-1412.9,13230
13263,-1792.3,-4115.5,13873,5365.6,17383
12739,1383.8,-1154.8,17260,-6665.8,14548
12746,-917.19,-1635.3,14694,6777.9,17079
12654,-313.43,141.46,18940,-4734.4,13346
15524,-4359,5848.5,14058,-3586.2,14657
12774,-2076.9,-469.48,19506,2554.5,12837
12747,-427.27,1841.1,13114,-3918.3,19134
19039,4294.8,-1471.4,13215,-378.06,12713
19161,3669.4,2173.6,13056,472.1,12786
13476,-5079.9,192.9,18755,-388.12,12656
12690,300.6,1174.8,13214,4305.2,19075
14120,-5715.7,2604,17118,-3539.2,13233
13202,-1833.4,3877.7,14065,-5679.4,17226
18434,1864.4,-5295.9,12773,-688.23,13585
17967,-593.95,6186.2,12665,-285.3,14057
12826,2387.2,-827.01,19080,-3704.2,13070
12849,695.15,2588.1,13241,4297,18799
19416,2516.1,-2564.3,12834,-370.92,12836
14716,1830,-6660.4,13021,-2651.5,16693
12652,-180.54,-34.959,19766,2259.5,12790
14979,-6949.2,1374,16739,-1419.2,12757
14523,6132,2803.6,16683,3241.7,13201
12653,-267.12,31.269,19901,-1388.2,12703
17722,6468.5,-76.227,14266,-35.915,12651
13215,-372.59,-4316.5,12711,1388.6,19042
12852,-136.01,-2695.6,12674,901.15,19636
14402,-6426.3,1595,17309,-2001.1,12831
12676,-232.19,945.25,13175,-4180.8,19152
15255,4201.5,5865,14104,3847.6,14866
13962,-604.95,-6019.4,12717,1313.3,18014
14696,885.93,6835.1,12739,1360,17084
16047,-6860.6,-2575.9,15406,1883.5,12938
12954,-728.67,3192.2,13076,-3664.5,18882
12864,149.9,-2770.4,12677,-962.68,19613
12679,81.802,-1024.5,12710,-1483,19848
13108,744.54,3879.2,12945,3031.1,18849
12783,-2130.8,-541.56,19421,2841.6,12884
16388,-3645,6291.1,13403,-2523,14562
18837,-4690.1,1571.9,13346,-453.9,12723
12937,-1879,2573.4,15401,-6861,16053
13739,-5480.5,1413.4,18098,-2386.6,12864
13114,-3965.4,254.98,19256,-703.76,12666
12669,-613.2,535.76,17180,-6871,14696
13658,-3551.2,4197.2,15370,-5859.2,15237
16024,6666.7,-3046.7,15284,-2198.9,13060
13471,-5043.2,540.47,18710,-1088.4,12690
12651,22.804,-28.238,15954,-7333.2,15848
12711,-55.919,-1498.2,12664,693.33,19870
16382,-7019.3,1901.4,15259,-1292.2,12795
13032,-239.31,-3629.4,12688,1119.4,19344
15121,2324.3,-6769.4,13140,-2794.3,16099
13534,5059.6,-1300.6,18365,-2480.7,12869
15255,-7211.5,-205.35,16571,196.84,12653
13886,5135.8,2955.8,16996,4361.7,13553
17270,-5732.1,3743.3,14075,-1765.4,13159
12657,-16.351,466.56,12663,-660.64,19958
17609,4534.5,-4760.4,13490,-1707.1,13465
12908,-1631,2555.7,14992,-6763.1,16528
14969,-6434.1,-2949.6,16234,2922.3,13163
19285,844.12,-3866.7,12672,-194.58,13088
12769,-2082.6,132.32,19776,-742.35,12666
12730,-1679.8,337.1,19631,-2303.6,12799
12651,-0.77511,26.366,12659,-555.36,19972
14065,4887,-3823.3,16162,-4896.5,14071
16785,-6427.7,3083.2,14642,-1780.1,13015
12652,-0.66819,145.31,12651,-86.986,19984
19852,-289.21,-1752.2,12653,27.388,12734
15495,-754.23,-7248.6,12696,861.15,16260
12932,-3011.7,960.77,19018,-3382.4,13005
14676,-6805.4,-983.31,17146,1128.7,12711
15627,-5557.4,4753.9,14791,-3396.5,13838
16955,-692.76,7009.4,12675,-481.18,14884
16900,6978.9,-1150.5,14904,-686.75,12699
12664,-428.96,-569.72,15695,7302,16092
12826,1962.1,1590.2,17262,6475.4,14447
12693,-1249.6,-78.317,19896,742.77,12666
12734,1151.2,-1329,16138,-7180.6,15565
13285,-3806.2,2508.4,17348,-5353.1,13878
16072,-2331.4,6945.2,12996,-2029.3,15313
18412,-540.07,5620.1,12661,-214.39,13720
14647,-6304.1,2686,16636,-2989.2,13126
12651,0.17078,-34.253,12651,-94.325,19985
17867,5274.8,3485.5,13712,1348,13055
17882,4604.8,4309.8,13465,1477,13285
13409,2045.9,-4465.9,13927,-5314.5,17128
13077,-3218.4,2071.6,17640,-5514.3,13865
13009,3508.9,-408.55,19361,-1291.7,12700
12812,-2362.1,-549.97,19432,2606.8,12847
13609,-1263.1,-5244,13046,3230.1,18016
17844,6249.8,-1107.6,14125,-495.33,12690
18933,-2350.2,4139,12826,-611.74,13172
14808,-6827.5,-1428.3,16912,1558,12772
16189,7310.6,126.93,15617,93.201,12652
18161,-5812.7,-1422.9,13853,562.85,12714
12681,-730.68,-766.1,16528,7176.1,15261
12652,-131.19,64.975,18768,-5071.5,13471
13038,-745.99,3587.1,13000,-3311.9,18871
12771,1387.9,1577.6,16162,7115.3,15496
14993,-2320.9,6700.9,13167,-2920.2,16203
13304,2057,-4129.9,14143,-5675.1,17000
12708,-196.04,-1451.8,12817,2439.2,19637
15864,889.87,-7279.5,12706,-890.73,15869
15700,-1042.3,-7248.3,12730,1098.9,16004
13198,-728.82,-4214.4,12886,2696.1,18806
12875,-2564.6,1213.2,18558,-4699,13387
14543,4967.9,4585.9,15389,4605.2,14292
12813,-534.27,-2374.6,13080,3754,19084
15229,-4038.7,-5965.8,14013,3829,14988
13142,4071.7,-222.34,19222,-594.96,12662
14848,-1678,6798.5,12942,-2335.2,16645
12852,-1840,-1967,16309,6943.5,15261
16352,259.86,-7275.1,12655,-222.74,15457
13318,2600.6,-3861.8,14918,-6222.4,16099
13069,-3630,1107,18868,-3167.4,12971
13381,389.42,-4820.2,12701,-1244.7,18820
18508,-2815.3,4728.9,12923,-903.44,13373
18772,5044.8,-460.18,13462,-143.5,12657
13761,-1434.7,-5518.1,13088,3303.6,17760
13058,-3627.6,949.35,19002,-2768.8,12890
12721,1010.5,1253.6,15893,7224.3,15821
13241,-3843.7,2177.2,17746,-4943.5,13613
14247,6121.3,2018.3,17313,2660.3,12968
16047,3015.8,6678.9,13228,2500.2,15068
17422,1275,-6610.5,12722,-739.02,14431
18989,-3288.2,3282.9,12988,-663.37,12970
12933,2568.4,1845.4,17509,6012.2,14126
15061,-6427,-3082.1,16095,2949.8,13195
13176,3482,2346.8,17412,5540.7,13942
13404,823.04,4829.3,12867,2519.2,18545
12651,-11.645,-4.8933,19065,4483.8,13261
12652,212.37,-18.063,19940,-1013.3,12678
14235,-5529.5,3283.4,16581,-4114.5,13551
16920,6270.1,-3250.3,14488,-1783.5,13048
19871,1326.3,-966.19,12698,-68.778,12676
12654,-16.324,-345.88,12672,888.71,19947
12726,-1515.6,712.27,18768,-4812.5,13392
12653,-234.5,-99.68,19044,4522.8,13274
14501,6708.9,403.26,17421,494.93,12662
14129,-5419.2,3199,16698,-4199.4,13558
13158,3472.3,-2247.1,17535,-5440.7,13863
19049,-1465,-4275.7,12718,388.68,13203
13157,3212.4,2598.8,16926,6043.9,14362
19358,-1039.6,-3614.1,12683,220.87,13028
13889,-881.74,-5864.5,12800,1968,17992
18168,-3877.8,4547.2,13199,-1257.6,13339
16827,-5447.5,-4568.4,14094,2296,13488
13077,3790.7,531.89,19226,1529.7,12721
13571,-738.3,5259,12793,-2012.6,18423
13674,5499.7,-585.05,18435,-1037.6,12689
13525,3919.6,3422.6,16356,5737.1,14459
15265,-4794.1,-5396.2,14507,3911.5,14444
14857,6416.2,2819.2,16391,2911.4,13135
13384,-4468.5,1873.6,18094,-3878,13207
14037,5844.6,1956.5,17546,2820.1,12987
16605,-3158.1,-6474,13185,2145.5,14609
16320,-6804.9,-2607.1,15159,1762.5,12930
12772,356.19,2083.4,12909,2982.9,19400
12924,2913.2,-1107.8,18830,-3928.5,13143
18701,-5189.8,76.807,13519,-24.878,12651
18424,-5628.8,-59.658,13723,21.831,12651
13759,-4269.4,3774.4,16117,-5468.8,14424
13635,-5437.3,-365.47,18521,664.02,12666
12690,-958.8,-745.57,17540,6544.3,14369
16675,-5739.7,4307.7,14308,-2343.7,13406
12664,708.41,68.871,19908,1153.8,12687
13869,4878.3,-3313.3,16671,-4802.7,13833
14359,6489.6,1056.7,17498,1359.8,12731
14582,2944.4,6125.3,13654,4020.1,16065
19955,565.38,621.59,12659,18.654,12661
12971,-2166.9,2565.5,15862,-6833.1,15546
15364,-7252.3,30.261,16456,-28.08,12651
12655,-210.27,-301.08,15442,7269.5,16369
19614,1430.6,-2555.6,12709,-204.95,12832
13325,3644.9,-2933.1,16775,-5821.6,14309
16547,-6454.6,-3243,14787,1991.5,13072
16334,-3138.9,6572.9,13222,-2339.1,14810
16867,3841.2,-5958.8,13380,-2200,14173
18457,-5183.7,-2065.9,13559,699.84,12780
13769,551.79,-5690.4,12716,-1338.2,18269
17696,-277.22,6487.4,12654,-148.55,14283
14920,1944.7,-6775.3,13028,-2587.2,16455
19228,-3233.2,2527.4,12963,-481.25,12833
12950,-2165.5,2426.6,16065,-6837.8,15375
13429,-4606.5,1853.6,18093,-3720.9,13164
12938,2085.5,-2414.4,15964,-6874.2,15487
12696,864.62,975.69,16250,7224,15503
12858,-1859.3,-2003.4,16276,6942,15284
13892,-5214,2838,17091,-4205.3,13472
12768,-772.55,-1927.3,13863,5781.4,18071
13446,4590.4,-2002.6,17962,-3948.9,13244
12724,1077.8,-1248.7,16133,-7198.1,15581
13995,-2516.7,-5557.8,13724,4553.7,16653
12929,-2879.4,1266.2,18611,-4402.3,13293
16919,6971.1,1135.1,14889,673.96,12698
12683,-42.446,1087.6,12665,-730.34,19913
14670,678.13,6837.6,12704,1058.9,17163
14414,-1711.5,6409.2,13034,-2823.5,17026
14946,-255.16,7059.7,12658,-359.67,16908
13060,-3350.5,1701.7,18186,-4766.6,13467
13430,-4642.5,1769.5,18159,-3561.8,13115
14242,6424.4,439.58,17732,595.69,12666
14207,-4220.6,4804.7,15109,-5141.5,14901
12747,-1885.6,91.509,19820,-570,12660
16257,-3879.1,-6184,13533,2721.3,14538
16598,-7184.9,547.99,15219,-358.66,12662
13689,4643.9,3061.6,16919,4917.9,13810
14482,26.358,-6702.9,12651,-44.989,17458
12747,-1031.1,-1574.3,15169,7051.7,16542
19313,-3853.2,-476.4,13085,105.44,12657
12907,2650.3,-1453.2,18221,-5175.2,13600
19800,-1858.3,952.74,12745,-95.841,12675
12654,-285.48,146.69,18689,-5202.5,13526
16736,-6821.5,2144.8,14903,-1308.9,12824
17284,6243.3,-2784.8,14319,-1401.3,12924
12651,-13.207,15.155,16228,-7305.2,15580
14565,-6778.9,161.75,17357,-194.12,12653
12678,567.13,-825.44,15371,-7217,16414
14561,-6777,-59.166,17364,71.119,12651
12660,-29.792,-588.2,12675,951.71,19933
15028,7107.5,207.36,16821,213.17,12653
12652,-132.48,65.599,18768,-5070.8,13471
13530,-4050.3,-3286,16556,5589.2,14279
12916,-3069.5,119.58,19567,-443.61,12657
13460,-5044.4,90.692,18782,-184.46,12652
16507,-6286.5,-3584.5,14707,2180.8,13175
15891,7276.4,-917.29,15864,-728.13,12688
12802,-2331.9,279.22,19667,-1380.5,12704
13681,-2364.9,5015.9,13894,-5038.3,16827
12882,2708.1,986.63,18942,3822.8,13108
18929,-3355.2,3387.7,13005,-705.52,12993
12718,1383.8,773.63,18417,5437.9,13655
17014,3175.6,6250.2,13135,1868.6,14313
12861,2738.3,308.24,19586,1284.8,12698
12685,592.88,-962.81,15009,-7056.6,16800
13232,4270.9,1013.7,18819,2448.2,12845
12752,1867.8,-507.72,19418,-3037.8,12917
13084,-3811.9,-581.54,19197,1656.8,12734
17696,583.24,6468,12665,311.4,14272
14775,2199.7,6594.3,13166,3027.4,16443
18538,-5349.9,-1074.7,13601,368.46,12685
12652,-147.49,133.41,17078,-6970.7,14803
19596,-2765,1154.6,12865,-177.34,12687
14263,-6166.1,-1940.6,17330,2547.8,12940
18568,-3392.9,-4214.3,13039,950.13,13211
19893,544.27,-1377.8,12659,-40.229,12702
13189,4205.2,-589.25,19065,-1495.1,12720
13787,2514.8,5171.5,13920,4979.9,16667
13513,-750.48,5120.2,12808,-2128.8,18481
14443,-5336.5,3991.5,15935,-4406.2,13898
13051,3018.6,-2170.6,17376,-5871.6,14104
17175,-5764.2,3813.2,14123,-1846,13187
19952,-280.51,-844.8,12653,12.593,12670
13985,-3061.4,5259,14222,-5099.1,16082
19040,2727.3,-3628.3,12881,-607.26,13042
14771,-6719.6,1769.7,16863,-1941.6,12841
16339,4617.1,-5632.2,13855,-2809.5,14129
13193,4241.6,-387.96,19119,-983.02,12681
12660,-20.876,575.15,12663,-683.56,19952
19784,-1765,1267,12736,-121.46,12694
15128,-6271.5,-3455.8,15860,3179,13331
12801,-2289.7,-501.05,19483,2465.7,12825
16537,-6489.4,-3180.9,14815,1966.3,13056
13137,-3756.3,1533.9,18448,-3990.9,13198
15724,7211.2,1288.5,15984,1066.9,12726
13280,4435.5,-982.37,18788,-2274.4,12819
12652,0.42787,-150.67,12651,-53.717,19984
18174,-2376.5,5474.7,12859,-951.14,13686
13614,3028,4476.1,14768,5809.6,15910
17897,-1149.1,-6184.9,12703,558.75,14069
12654,208.98,-233.53,16322,-7282.2,15487
14624,-6514.7,-2061.6,16919,2360.4,12927
14166,6317.6,571.3,17811,798.1,12677
14623,-6795.3,-707.69,17247,829.69,12683
13608,4161.4,3428.5,16442,5526.4,14296
13649,-4411.4,-3249.5,16696,5236.7,14037
14660,5656.9,3885.9,15918,4027.8,13706
17201,6532,2203.3,14502,1169.2,12822
13343,-343.05,4716.8,12692,-1134.3,18887
14538,6219.1,2640.5,16754,3057.4,13132
12710,-499.82,1395.4,13669,-5473.3,18411
12964,3241.7,726.22,19231,2443.7,12830
18957,-3541.8,3107.8,13043,-677.64,12936
14263,-4553.2,4589.2,15380,-5012.3,14582
12653,-9.2481,-258.94,12663,673.9,19963
12805,-1920.7,1389.5,17633,-6189.6,14167
12731,1259,1170.6,16904,6914.2,14863
12651,-95.303,-1.1612,19984,145.91,12652
16808,-6604,-2657,14733,1556.8,12917
14049,4460.2,-4280.4,15663,-5224.5,14536
19789,-841.53,1976,12670,-90.712,12757
12658,192.29,-473.78,13923,-5979.8,18150
13894,2659.7,5309.8,13941,4914.2,16513
12651,-0.96808,81.668,12652,-224.21,19983
13686,-4762.1,2859.6,17125,-4671.3,13648
13869,5093.7,2971.4,16988,4413.7,13576
17073,-3609.2,5969.8,13263,-1978.3,14126
15670,1348.2,7194,12785,1420.3,15966
13204,2176.2,-3703.3,14597,-6182.5,16595
17051,6803.3,-1599.9,14722,-905.41,12742
13910,-5105.4,-3086.1,16876,4468.2,13626
12693,1133.4,527.55,18831,4809.4,13382
13423,4129.8,2727.7,17194,5208.2,13859
14739,6765.7,-1476.4,16975,-1646.9,12784
17422,-4280.2,5196,13434,-1846.5,13666
12891,-2914,337.58,19537,-1314.2,12700
13664,-5277.4,-1585,18091,2776.6,12939
17356,3304.7,-5924,13131,-1690.2,14035
19577,-661.77,-2995.3,12663,112.24,12902
12668,-449.09,665.08,15319,-7213.9,16482
12896,2738.4,-1134.1,18749,-4229.3,13229
12915,-2465.3,1825.5,17441,-6120,14200
17534,-2180.7,-6271.3,12853,1155.3,14192
12656,-41.166,429.44,12737,-1782.7,19843
15547,-2957.9,-6672.9,13311,2905.8,15455
18864,-3980.4,2849.4,13153,-704.83,12891
16407,-3414.8,-6413.6,13310,2413.3,14648
17805,5665.7,-2947.7,13884,-1226.4,12938
18771,-4363.7,-2575.8,13263,705.35,12848
12653,-246.95,13.852,19964,-670.13,12663
12852,2615.2,-653.06,19331,-2759.8,12875
13336,-4175.7,2179.1,17797,-4594.5,13476
12794,-1892.2,1282.5,17832,-6003.1,14020
14261,5315.1,-3675.1,16261,-4438.2,13793
14062,-6177,-526.67,17947,769.89,12674
15432,4362.7,5817.9,14109,3687.1,14691
19049,-4280.5,1447.8,13210,-370.18,12711
12819,-2440.1,-428.23,19548,1993.8,12764
16781,-574.17,7107.9,12668,-424.23,15047
18516,-2982.3,4610.3,12955,-929.17,13334
13217,3766.4,2156.7,17751,5001.3,13633
19916,-1235.8,-336.17,12692,22.141,12654
12656,37.908,433.55,12722,1630.3,19865
12660,113.77,-566.59,13012,-3542.2,19418
14436,-3584,5610.1,14232,-4675.6,15568
12820,349.59,-2454.9,12830,-2490.3,19447
12656,297.12,317.99,16476,7237.3,15339
14413,6606.7,594.41,17508,752.71,12675
19574,-1072.6,-2883.5,12684,174.92,12883
19515,101.67,-3278.9,12651,-19.101,12955
17042,-6991.7,195.71,14834,-113.24,12652
12679,-80.474,-1030.2,12708,1451.5,19851
12657,-261.97,402.49,15204,-7185.9,16621
12737,1298.1,-1223.2,16852,-6930.4,14902
14155,-635.6,-6296.1,12714,1249.7,17773
12836,2593.1,2.6303,19697,11.737,12651
16388,-6622.8,-3000.4,14991,1954.8,13019
12695,1286.9,-31.386,19912,-289.58,12653
13002,3454.9,567.42,19298,1807.4,12748
12680,-327.6,994.16,13539,-5214.6,18631
18818,2717.3,4175.7,12889,726.01,13187
13235,3823,2176.9,17742,4965.6,13622
17677,-2657.2,5944.8,12941,-1281.7,13983
17281,-1582,6652.7,12765,-952.15,14500
13139,-4031.6,-541.25,19145,1448,12715
12832,2563.8,-103.84,19693,-468.47,12657
13283,2157.6,-4006.9,14336,-5889.3,16798
12682,830.65,685.4,17358,6714.3,14530
12938,-2256.5,-2253,16467,6736.4,15014
13999,4327.7,4308.1,15604,5323.6,14642
13164,4073.5,828.21,18989,2147.2,12796
13058,-2645.7,2654.5,16344,-6572.7,14988
15711,-4735.6,-5587.1,14192,3438.4,14346
13816,5802.9,-10.9,18300,-17.947,12651
14718,-6771.6,-1370.9,17023,1542.8,12767
16309,-6462.8,3372,14939,-2204.3,13129
12651,0.44458,-114.28,12651,-73.594,19984
12653,-255.25,55.072,19714,-2501.8,12823
12814,2038,-1340.4,17891,-5883,13952
12651,0.27182,-57.415,12651,-89.567,19985
13698,-4666.2,3060.1,16922,-4894.8,13799
12920,3088.7,-230.87,19537,-847.94,12672
15355,-6674.9,2828,15945,-2502.5,13065
12652,-0.53499,213.36,12651,-47.424,19983
14821,6590.6,-2312.5,16632,-2459.5,12975
17712,-6474,238.04,14272,-112.45,12653
18400,-1490.4,5464.6,12729,-573.67,13656
15746,-4557.8,5737.4,14067,-3385.4,14441
12715,-1514.4,-297.45,19664,2263.6,12793
17379,1978.6,6470.1,12824,1125.4,14352
19638,-1949.1,-2060.3,12757,223.32,12768
12938,-1884.3,2575.9,15407,-6860.7,16046
18300,1326.9,5650.4,12715,539.86,13747
13447,703.57,-4961.6,12801,-2100.9,18582
12658,-478.48,-222.65,18879,4840.1,13384
19801,597.51,1995.4,12661,64.96,12759
18505,713.23,-5462.2,12669,-269.87,13644
19718,2442.8,516.3,12815,68.857,12658
13054,-885.05,3624.7,13121,-3777.3,18675
18286,-2082,5437.5,12807,-811.52,13658
17452,-4723.4,-4763.1,13592,1833,13484
18361,-5265.5,-2233.5,13605,781.3,12804
15349,4341.4,5803.4,14141,3774.3,14736
13032,-1823.2,3148.7,14641,-6407,16763
12772,1827,1056.2,18270,5498,13707
16960,-6312.1,-3119.5,14492,1704.2,13013
13484,-1123.7,4979.7,13013,-3160.1,18229
13121,-3992,227.26,19251,-622.7,12663
13833,5587.6,-1680.1,17878,-2683.7,12933
18351,3985.6,-4121.1,13207,-1126.3,13197
12759,1999.1,-67.447,19809,-395.72,12655
12827,985.86,2330.7,13954,5874.3,17870
14294,4077.2,5064.2,14837,5030.9,15082
13794,5529.2,-1626,17943,-2653.7,12923
13597,-4616,-2737.3,17247,4724.7,13640
12653,-47.171,-273.93,12920,3096.6,19565
12776,2141.8,6.8362,19790,37.352,12651
14385,2799.5,-5980.1,13668,-4182.8,16269
13978,-5730.1,2014.6,17573,-2976.1,13022
12953,-3244.6,-367.68,19448,1271.2,12698
19676,1369.4,-2305.7,12703,-175.17,12797
13877,3569.2,-4711.6,14924,-5543.5,15444
13167,-337.21,4155.2,12705,-1324,19120
13059,-3346.7,1700.7,18186,-4769.4,13468
12673,23.524,-910.65,12657,-485.33,19940
13423,-4705.2,1531,18334,-3125.4,12997
14138,-84.453,-6305,12652,169.1,17882
13447,-4674.7,1806.3,18121,-3589.2,13126
18792,-4047.4,2984.7,13177,-759.85,12917
12690,-476.8,-1106.8,14040,6131.2,17953
12672,-142.68,871.94,12894,-2942.2,19576
12674,-908.99,-232.27,19579,2914.3,12889
12707,-1441.2,116.69,19858,-955.34,12676
12804,1547,-1793.1,16066,-7075.6,15548
18649,-5270.6,-299.24,13555,99.203,12654
12672,-722.93,-503.67,17897,6238.7,14104
13927,2782.9,-5308.9,14021,-4971,16380
13529,4659.1,-2336.3,17642,-4297.4,13401
17249,-6035,3263.7,14228,-1611.5,13033
13009,-3466.6,-687.03,19222,2159.5,12791
12805,-1900.7,-1419.3,17538,6281.8,14243
12992,3358.6,-823.26,19139,-2641.6,12863
12651,0.010658,12.911,12651,15.619,19985
12677,764.75,634.26,17346,6733.6,14546
12653,-1.4961,-241.24,12651,117.28,19982
12794,2109.2,-892.84,18854,-4387.9,13260
12992,370.52,-3437,12750,-1827.5,19309
12798,-2140.7,889.47,18878,-4321.4,13239
12657,-455.21,-146.08,19409,3582.1,13020
16367,-1488.6,7122.2,12780,-1231.2,15291
19952,205.09,857.48,12652,9.3449,12671
13337,4622.1,-911.24,18760,-2016.5,12784
18822,838.31,4903.6,12674,267.29,13409
13874,-5651,1714.2,17821,-2681.7,12937
16562,6880.3,-2183.8,15045,-1399,12836
15225,4499.4,-5624.5,14325,-3940.5,14666
12696,-1236.3,-411.56,19312,3670,13045
12679,49.859,-1032.9,12673,-902.78,19906
17066,4628.9,5224.3,13645,2161.9,13736
16136,-6695,-2957.5,15217,2076,13027
12717,1349.2,-808.62,18251,-5682.4,13781
12957,3060.3,-1204.4,18739,-4013.3,13173
12652,-111.9,176.4,15123,-7156.9,16717
12662,523.49,-359.31,17953,-6203.1,14071
17274,6749,1132,14586,605.94,12695
13230,-4198.6,1255.6,18665,-3017.3,12953
13254,-1245.1,-4281.4,13264,4121.2,18194
15055,2325.6,-6734.7,13155,-2861,16151
16846,-6501.9,2852.8,14654,-1637.3,12957
13379,-4431.6,-1922.3,18053,3985.2,13243
13042,-521.4,3643.2,12821,-2360.1,19129
18393,-5174.8,2326,13568,-796.49,12817
17950,3765.2,-4967.5,13192,-1399.4,13507
13370,-4511.2,1659,18277,-3501,13089
18993,-3961.6,2413.5,13136,-580.52,12820
12809,-2048,-1259.3,18073,5667.1,13817
15128,4860.5,-5258.2,14663,-4054.9,14420
13206,4102.5,1293.2,18652,3174.6,12986
19396,-2315.7,2822.7,12807,-377.91,12877
19440,3036.9,1778.4,12916,307.17,12739
12669,-798.63,-211.06,19563,3007.9,12905
14767,-6267.4,-2994.3,16383,3159.9,13221
17669,-1861.5,6247.9,12794,-956.26,14149
12792,-2119.7,812.93,19003,-4057.7,13159
14071,-2395.5,-5732.8,13574,4266.6,16746
12991,-3096.6,1525.6,18332,-4730.1,13431
13327,669.35,-4635.9,12811,-2206.2,18733
13065,3220.8,-1970,17780,-5369,13770
13084,2135.3,3209.5,15017,6551.9,16279
12847,2622.9,-459.13,19508,-1978.7,12763
13708,2168.6,-5163.4,13677,-4701.9,17060
13770,-5605.8,-1136.4,18169,1897.6,12784
12983,-3061.8,1513.9,18335,-4749.5,13437
16136,-7097.3,-1788.4,15505,1306,12785
12676,954.85,-115.56,19860,-1428.2,12706
13122,3627.4,-1686.8,18268,-4420.9,13344
14987,7025.6,940.74,16805,974.88,12700
12652,12.709,199.06,12689,1199,19923
18452,-5562.1,-535.73,13693,193.03,12660
16839,6773.2,-2140.1,14815,-1267.7,12821
13049,3657.3,-634.55,19212,-1887.9,12758
15482,-6812.9,-2579.1,15916,2218.5,12980
12845,-2584.9,578.67,19406,-2498,12832
14960,2658.1,6554,13334,3280.4,16035
18201,-5754.8,-1447.5,13820,563.37,12716
18919,-3465.1,3303.9,13029,-710.64,12976
12743,1359.2,1254.1,16918,6881.2,14836
12651,3.754,-110.25,12662,-642.84,19967
12663,-38.949,-674.13,12682,1083.3,19917
16636,-7189.6,171.31,15197,-111.15,12652
13662,5372.8,1210.3,18266,2140.9,12817
15773,-3886.1,-6214.5,13685,3183.2,14818
12954,3020.2,-1257.4,18663,-4199.7,13230
13778,-3424.7,4599.4,14935,-5666.7,15544
13310,-3091.9,-3452,15793,6317.6,15216
12657,-9.2305,-471.1,12655,369.88,19970
17825,5743.6,2746.6,13912,1151,12899
18499,-5447.9,-871.65,13643,305.8,12674
15929,5924.8,4322.2,14833,2949.4,13537
19307,-1968.8,-3364.4,12766,390.39,12977
16445,-3645.5,6273.1,13391,-2476,14525
13170,-4035.5,1084.6,18828,-2775.5,12899
15618,-6315,-3685.4,15367,2890.3,13327
16102,6363.3,-3624.4,15012,-2478.1,13232
12800,-2307.4,-348.94,19622,1733.9,12735
16451,6099.3,-3926.3,14625,-2370,13294
19130,-4203.3,-1073.9,13183,266.15,12684
16619,-1472.8,7045.7,12769,-1119.9,15073
12654,97.76,-291.62,13572,-5311,18624
15388,-3685.7,-6254.5,13725,3502.3,15144
17180,6535.4,2237,14513,1193.2,12828
12651,-0.017227,17.139,12651,-19.017,19985
12839,-2606.7,82.659,19687,-366.5,12655
13516,5125.2,763.09,18596,1487.3,12726
17145,2742.6,-6364.9,13001,-1604.7,14349
13397,-2152.8,4378.8,14079,-5515.2,16958
19635,-215.71,-2838.7,12652,34.35,12875
18733,2712.7,-4360.3,12893,-769.28,13244
19659,-2426.1,1302.1,12814,-174.26,12697
12698,-148.36,-1324.5,12766,2048.3,19731
14243,1184.7,6330.7,12857,2180.6,17467
14596,-6630.2,-1548.9,17111,1812.4,12807
13452,-4957,821.09,18657,-1669.4,12744
12963,301.2,3305.7,12723,1564.9,19394
13968,1364.2,-5902.9,12983,-2832.2,17639
12728,-1.4669,1695.7,12651,-16.036,19864
14179,-5590.3,3032.1,16795,-3940.7,13432
15328,-7240.3,54.741,16495,-51.351,12651
19500,2216.5,-2486.6,12791,-313.19,12824
12698,1035.1,823.64,17459,6597.8,14428
13974,-2505.6,-5526.5,13732,4582,16668
16546,4419.8,-5714,13694,-2595.1,14116
13348,361.94,4728.8,12697,1191.1,18874
17652,-27.255,6534.8,12651,-14.868,14323
17867,6150.2,1466.6,14074,644.37,12720
13184,2352.8,-3514,14978,-6410.4,16197
16552,5283.7,4923.5,14116,2589.2,13690
16542,-5774,4343.7,14388,-2456.2,13439
12773,-2069.6,-444.15,19535,2434.2,12819
13143,-2342.5,-3342.6,15140,6518.9,16074
16551,7211,405.73,15269,269.31,12657
12662,-346.44,-545.61,15120,7142.5,16707
12747,-1556.3,1062,17868,-6080.6,14043
16316,-6669.7,-2937.9,15070,1960.4,13008
17938,4863,-3919.7,13544,-1392.7,13165
14779,-5015.8,4817,15134,-4378.3,14301
13053,577.82,3679.8,12854,2565.1,19064
18253,-5773.5,1041,13815,-402.17,12684
19018,-1237.4,4415.4,12699,-341.51,13244
17723,-6257.3,-1638.6,14168,751.89,12739
12874,-2663.2,961.6,18965,-3800.6,13101
15654,-2731.4,-6788.2,13195,2645.9,15486
17814,6019.6,-2105.8,14033,-919.11,12795
17169,-3791.1,-5783,13309,1956.8,13998
14214,3438.1,-5402.9,14322,-4945.1,15713
12677,340.42,-936.15,13704,-5570.5,18411
19157,3973.3,-1574.7,13125,-368.66,12721
17221,6713.3,1507.5,14591,813.22,12730
15720,7139.3,1639.3,15929,1350.4,12774
13699,1894.5,-5250.8,13448,-4286.7,17362
14260,-1576,-6265.4,13009,2806.6,17243
13960,6010.5,656.24,18056,1003.7,12689
14520,-4135.9,-5321,14627,4742,15060
13338,-4650.7,-774.02,18814,1715.3,12747
13913,3437,-4881.9,14712,-5445,15626
15865,-4873.6,-5480,14196,3285.3,14202
12860,1928.4,-1957,16481,-6869.9,15091
13559,-4571.6,2644.9,17339,-4691.5,13605
16031,-6731.5,-2899.6,15325,2102.7,13019
12744,1757.8,-587.88,19238,-3651.8,13046
16744,4147.5,5821,13525,2374.7,14124
14831,-4107.6,-5656.8,14322,4334.8,15058
14357,-5022,-4240.2,15738,4700.9,14157
12662,6.7719,-649.02,12652,-196.79,19966
14228,-6228.3,-1565,17508,2102.3,12840
12654,0.28725,-342.46,12651,-15.856,19980
14163,2842.8,-5665.3,13855,-4590,16301
12677,850.47,-486.01,18419,-5560.3,13699
12691,1185.1,-296.44,19569,-2849.2,12879
17274,-1376.5,6703.8,12737,-838.23,14538
16816,-5946,3906.7,14358,-2109.9,13248
16008,-4941.2,-5415.4,14166,3142.7,14105
14881,7010.5,440.42,16975,474.1,12662
16098,-7271.3,-872.67,15666,654.07,12683
13436,-820.02,4913.9,12857,-2450.6,18516
14289,-5918,2677.5,16943,-3392.2,13212
17147,2528.1,6452.2,12949,1505,14406
19587,-2986.2,513.54,12901,-85.084,12658
19909,-851.58,1039.1,12670,-47.294,12680
18744,284.12,-5106.8,12654,-95.928,13485
19914,-1048.8,-761.33,12680,42.609,12666
17487,-837.39,-6626.4,12681,480.45,14423
19426,-3551.7,-263.78,13013,53.02,12653
13768,-1141.5,5600.6,12927,-2681.9,17971
13752,-4485,3492.8,16457,-5242.7,14133
12663,-16.044,660.92,12657,-457.39,19958
12948,2898.9,-1448.2,18361,-4817.7,13455
12719,1544.4,-379.87,19538,-2790.8,12871
18805,4995.3,-322.91,13442,-99.216,12654
15092,-7013.2,-1357.1,16623,1353.4,12750
13266,3411.5,-2929.9,16643,-6034.7,14488
14039,-4285.4,4433.4,15473,-5306.2,14725
15689,-1898.1,-7071.3,12913,1932.3,15788
13811,5505.1,1810.2,17833,2913,12986
13321,-4576.1,909.15,18778,-2037.5,12787
14790,-6463.5,2589.1,16551,-2756.4,13066
13329,4658.6,518.15,18905,1161,12694
14291,-3270.3,-5615.6,14099,4717,15874
16480,1241.4,-7137.9,12738,-998.04,15237
19484,-472.51,3347.7,12657,-91.085,12970
13355,2248.1,4200.4,14290,5774.4,16759
18509,3504.1,4241.5,13070,997.04,13222
14618,1626.8,-6631.3,12959,-2483.5,16884
14788,-5531.2,4226,15607,-4088.7,13859
12956,-2879.3,1572.7,18169,-5112.4,13588
19023,2949.7,3496.4,12921,632.94,13013
15106,-6882.1,-1939.8,16471,1903.8,12855
18846,-4862.5,-808.54,13396,240.74,12670
13181,4199.9,-362.26,19142,-929.9,12677
13988,-2273.9,-5648.8,13538,4264.6,16890
12939,-2090.4,2417.6,15966,-6872.1,15483
13106,-3906.2,525.46,19193,-1460.1,12716
19922,800.19,932.2,12668,39.794,12674
12771,2090.7,-256.1,19710,-1419.6,12707
18035,5316.3,3064.7,13690,1152.8,12954
18957,-2323.3,4098.9,12821,-596.39,13160
16595,-5431.6,-4736.8,14177,2518.2,13596
13103,-3800,-1006.1,18931,2774,12894
17358,-6471.6,2027.7,14405,-1032.3,12792
12743,1173.2,1428.4,15942,7186.7,15745
12680,976.36,371.18,19172,4115.1,13157
16621,-6763,-2462.7,14935,1536,12886
16593,-5799.1,-4280,14378,2396.3,13407
13010,-3447.1,794.78,19149,-2488.1,12839
14453,6261.5,2311.1,16986,2791.4,13029
12678,721.34,-706.34,16774,-7082.2,15041
16895,-5302.6,4684.4,13998,-2264.9,13525
18943,-2948,3713.6,12925,-682.02,13065
13430,-2828.4,-4084.4,14934,6090.7,15947
17149,-6779.7,1425.2,14660,-786.92,12722
17668,-2114.3,6168.1,12836,-1069.1,14105
15655,-7293,595.52,16129,-506.82,12667
13313,4534.9,986.83,18751,2223.1,12813
17781,6409.9,131.03,14219,60.561,12652
14915,6711,2145.2,16600,2224.2,12919
19618,2478.7,-1528.9,12823,-210.38,12715
14123,-5343.1,3309.4,16614,-4323.3,13632
12705,-1067.3,-933.78,17138,6823.6,14690
14524,-2371.3,-6312.4,13332,3530.9,16519
12678,948.26,-366.91,19150,-4175.9,13174
12651,-0.16865,124.87,12651,-25.549,19984
14672,-5844.1,-3616.6,16095,3806.2,13545
18887,3826.7,2982.7,13114,708.37,12915
16664,-6799,-2310.6,14931,1431.5,12855
14671,5969.7,3403.1,16230,3630.6,13433
12771,1670.5,-1278.8,17500,-6395.2,14312
15026,3907.5,5939.5,14044,4024,15158
18348,-5737.6,70.313,13780,-26.535,12651
14217,3632.2,-5279.7,14499,-5030.7,15517
12714,1114.2,-1049.6,16875,-6962.9,14908
16078,-7021.7,-2087.7,15498,1537.6,12836
17619,2932.4,5874.2,13008,1409.5,13957
12651,59.381,-95.994,15043,-7118.1,16807
15415,-407.93,7256,12665,-482.14,16384
13650,-4152.5,3577.9,16282,-5559.1,14392
13788,-5677,-927.36,18212,1539.4,12738
12949,-1803.9,2701.5,15108,-6760.7,16349
12669,740.35,-342.13,18878,-4805.8,13374
13370,1817.4,4447.7,13723,5041.1,17434
12698,1188.8,-584.96,18718,-5003.2,13457
12663,-652.7,135.64,19718,-2410.8,12811
12673,68.645,-901.52,12705,-1418.1,19866
14209,-6362.9,675.04,17744,-925.6,12686
12671,-382.21,780.75,14355,-6549.6,17584
14842,3753.9,5906.2,14053,4192.6,15335
13231,-2467.6,-3624.6,15000,6361.3,16117
17518,6327.1,-2059.4,14272,-995.23,12794
14086,-6228.2,-266.17,17941,385.49,12657
13115,-3089.8,-2503.4,16964,6100.4,14376
13075,1425,-3543.3,13778,-5373.3,17755
12666,-745.11,-67.312,19913,1072.8,12682
12730,-1693.1,290.37,19691,-1983.1,12760
17209,6714.5,1536.9,14597,831.25,12733
19765,1433.2,-1760.4,12707,-137.79,12735
15600,-3786.6,-6251.4,13697,3320.4,14970
18760,-4216.7,2845.9,13224,-756.89,12893
17954,-2793.1,-5567.4,12951,1184,13755
13130,-4020.9,301.61,19225,-817.64,12671
12718,1570.5,-123.69,19844,-927.61,12674
14336,-6130.6,-2303.9,17099,2908.1,13049
18642,-532.18,5263.5,12661,-188.89,13552
13099,-3539.3,1669.3,18273,-4487.1,13364
12661,363.89,-477.62,15740,-7312.3,16051
19687,-1929.3,1797.3,12754,-191.25,12739
14909,-6547.8,2591.9,16441,-2654.4,13049
16886,663.11,7049,12673,471.92,14947
17070,-6961.4,470.36,14802,-269.54,12659
13545,-1621.2,4992.7,13342,-4147.6,17699
12676,-943.81,-246.08,19562,2967.3,12899
13859,3703.3,4567.5,15118,5589.5,15265
18303,-3537.4,-4596.5,13096,1136,13345
19497,-3121.7,1185.1,12928,-208.1,12690
15281,-6151.1,3788.6,15572,-3260.5,13442
12869,2.8508,-2801,12651,-18.178,19647
15089,6848.2,2028.1,16463,1996.3,12876
12654,-343.45,-55.75,19826,1907.8,12749
16313,5354.5,-4945,14258,-2801.7,13751
13178,-4197.4,275.39,19163,-709.27,12666
12801,2320.9,-332.79,19633,-1646.1,12727
12731,-1626.6,-564.36,19215,3777,13075
13051,3581.2,1002.6,18964,2946.6,12923
12798,-2113.1,-956.04,18739,4614.2,13337
12785,2173,-448.78,19535,-2342.5,12807
13115,-307.71,3963.1,12701,-1285.8,19202
13371,-1349.1,4615.4,13251,-4013.4,18052
18872,-2761.4,4024.6,12895,-703.47,13144
13142,-3859.5,1315.5,18661,-3437.4,13042
12944,3173.3,543.5,19371,1902.6,12757
13215,4055.1,-1525.2,18453,-3678.4,13117
13111,3299,2189.3,17525,5569.1,13921
13971,-6062.5,-117.51,18095,179.3,12652
12982,2791.9,1953.8,17528,5876.4,14057
16653,6815.5,-2274.6,14948,-1415.3,12849
13482,3124.2,4030.3,15231,6092.3,15577
14330,-6330.6,1655,17367,-2130.8,12852
12797,-2209.9,677.81,19249,-3354,12985
18003,-6099.5,-954.17,14012,405.2,12680
16853,-5786.6,4107.8,14257,-2152.1,13312
15026,6566.9,2723.9,16281,2675.6,13075
17373,4683,-4889.6,13594,-1901.6,13543
14077,-3812.2,4916.3,14869,-5293.7,15282
12674,936.56,65.003,19919,824.87,12669
12663,652.66,182.41,19528,3167.3,12935
15844,-4500.8,5789.4,13989,-3277.1,14432
13648,-88.914,5477,12653,-234.89,18522
12904,-2069,-2181.8,16311,6852.4,15197
14051,-6183.4,52.424,17994,-77.146,12651
18709,3825.8,-3486.2,13129,-855.74,13021
13231,-310.39,4376.4,12692,-1140.3,19047
12673,22.405,-916.8,12657,-459.18,19941
13263,4180.8,1631.7,18345,3754.7,13147
14307,4821.2,-4384.8,15600,-4857.3,14331
12749,1900.4,-145.6,19797,-897.37,12673
16211,-4377.9,5851.8,13780,-2895.6,14318
14714,-6870.6,695.85,17143,-790.73,12681
14557,5364.3,4135.9,15776,4341,13929
15192,-6404.7,-3265.3,15901,2975.6,13241
13592,1760,-5060,13421,-4299.2,17534
12667,2.2306,-769.68,12651,-54.602,19960
16503,5719.6,4435.8,14376,2515.3,13482
17706,4474,4693.7,13451,1628.3,13430
19187,4022.9,1221,13134,287.66,12693
13094,-3379.5,1934.3,17898,-5125.7,13649
18984,-4447.1,-1381.9,13261,370.22,12706
19947,320.97,-897.9,12654,-15.327,12672
12654,259.58,183.48,17876,6306.7,14141
19275,2621.8,-2997.2,12855,-462.59,12909
14701,-6887.9,-327.18,17190,374.25,12658
12793,1962.5,-1160.9,18189,-5554.4,13746
18574,-5254.2,1247,13562,-418.03,12697
15043,3940.7,-5928.5,14056,-4015.7,15127
18675,-601.28,-5200.4,12663,209.43,13526
16266,5899.8,4296.1,14606,2656.7,13463
13196,-313.78,-4256.8,12695,1195.7,19093
12981,-3290,884.09,19093,-2878.3,12905
13689,5175.3,2038.3,17799,3468.6,13128
17213,6885.4,57.989,14688,31.932,12651
12673,-77.096,-896.96,12720,1596.5,19843
16040,2176.5,-6998.1,12956,-1935.2,15392
18199,-3638.5,-4691.1,13131,1215.5,13385
15689,2266.4,6962,13023,2252.6,15655
13047,-3623.5,752.09,19148,-2239.4,12804
12675,857.58,412.05,18796,4939.6,13426
17296,-6116.6,-3033.3,14251,1497.9,12977
16082,5338.1,-5016.3,14364,-3027,13847
12752,1709.1,-894.22,18521,-5169.2,13543
12679,378.93,-962.08,13855,-5846.5,18208
12998,-3474.1,281.18,19415,-904.15,12675
13092,3232,-2157,17531,-5607.4,13936
13318,3525.4,-3039.9,16582,-5976.1,14484
13123,2697.5,2959.5,15996,6572.3,15238
12963,-3315,40.098,19504,-136.66,12652
13195,-3698.1,2123.5,17771,-5032.9,13641
14563,6779.4,59.239,17360,71.137,12651
12762,-2018.6,-94.087,19799,546.05,12659
15569,4928,5390.1,14396,3586.5,14271
18359,3658.1,-4399.3,13120,-1109,13278
16044,-3106.2,-6637.6,13263,2555.5,15031
15803,-7322.4,364.6,15991,-297.88,12657
12916,571.35,3020.2,12952,3146.4,19120
14131,4630.9,4265.3,15705,5079.3,14413
17943,6177.6,884,14063,383.84,12676
13532,5044.1,1345.7,18344,2566.4,12885
15727,-5360.4,-4993.2,14585,3364.6,13944
19486,-2187.3,2572.1,12788,-320.56,12836
13433,-2639.8,4215.4,14655,-5961.9,16249
12929,-1589.4,2709.4,14730,-6588.9,16795
14062,6196.6,-205.11,17975,-300.23,12655
14209,-509.95,-6377.9,12690,980.22,17739
13315,4485.9,-1218.8,18621,-2724.3,12900
12973,-1824.6,2831.2,14984,-6677.6,16453
15141,5116.7,-5018,14853,-3998.4,14223
12827,-2104.7,-1399,17847,5902.2,13972
13392,4865.6,36.706,18879,78.469,12651
14277,-3780.7,-5264.2,14571,4993.7,15376
15923,-6036.6,4164.8,14914,-2885.8,13469
17010,-1763,6787.8,12802,-1157.2,14688
13791,5469.1,1802,17857,2930.3,12989
12890,-2791.2,887.22,19081,-3399.2,13004
14553,-4840.5,-4733.1,15249,4647.9,14413
12652,183.41,-127.09,17936,-6245.1,14095
17536,-4458.1,4918.9,13477,-1766.2,13535
12745,-1564.3,-1020.9,17994,5938.7,13947
18756,3483.7,3715.8,13045,828.23,13072
14882,1806.2,6788.4,12983,2461.2,16555
13063,-1269.4,-3546.6,13580,5013.4,18031
12660,579.27,-52.62,19922,-1079.9,12682
16134,-7256.9,954.35,15624,-707.56,12689
14436,-6281.9,2203.7,17049,-2687.4,12996
12854,-2265.2,-1486.2,17850,5828.7,13941
14454,-5944.9,3035,16608,-3558.8,13325
19951,813.63,-377.79,12669,-16.316,12655
18518,-742.73,-5438.3,12670,279.03,13633
19141,1164.1,-4151.6,12692,-295.34,13165
12716,811.77,-1330.3,14963,-6991.5,16811
12709,-621.42,1338.3,14207,-6336.8,17714
19571,737.71,2997.2,12666,125.29,12903
19311,561.35,-3847.2,12660,-128.25,13083
15014,-7095.5,324.35,16832,-334.8,12657
12787,-1647.7,1503.5,16913,-6798.4,14790
13029,-3236.7,1630.9,18241,-4769.7,13459
12752,1687,946.12,18367,5413.3,13657
15906,4446,-5832.7,13932,-3205.4,14435
16518,-5634,4536.1,14321,-2531.8,13521
14864,-6986.7,-609.8,16981,659.45,12672
16545,6766.7,2530.6,14984,1608.9,12903
16819,4479.4,-5525.4,13645,-2363.4,13937
15523,-5785.3,-4442.1,15042,3379.8,13699
15496,7282.9,-275.11,16311,-245.49,12655
12651,-40.892,-4.2355,19921,1231.3,12691
19093,4379.1,-613.83,13231,-159.01,12662
12761,-1973,-400.08,19580,2312.9,12802
18660,-5199.1,-796.7,13529,260.43,12670
15638,-5917,-4300.6,15046,3204,13595
13660,5426.5,914.38,18372,1627.8,12745
14718,6908.4,115.71,17177,131.63,12652
13345,-3393.2,3303.2,16191,-6139.4,14803
16388,6938.8,-2172.3,15200,-1462.4,12840
16270,7249.8,-833.51,15505,-595.94,12679
12984,2933.4,-1753,17931,-5381.7,13739
12654,-311.96,48.83,19837,-1842.2,12743
18988,-4517.4,-1099.5,13279,298.59,12686
16809,-6565.1,2749.9,14709,-1603.5,12937
12651,70.747,-3.8551,19967,-651.25,12662
17682,-5730.7,-3081.9,13946,1328.1,12971
17519,-4327.5,-5053.2,13433,1774.1,13592
14872,7011,317.96,16993,343.52,12657
18499,5516.5,-64.704,13667,-22.945,12651
18757,-4946.9,-1210.7,13434,372.08,12694
12731,1574.9,-707.9,18841,-4650.9,13334
15552,-7147.1,1486.3,16124,-1288.8,12756
12902,-2731.4,-1232.7,18604,4513.6,13326
12665,562.97,-463,17387,-6728.7,14525
14438,5952.9,2984.3,16649,3527.6,13306
16535,-7135.2,-1153.2,15229,762.89,12702
12654,-289.7,127.33,18987,-4640.3,13313
16810,3846.9,-5988.1,13393,-2246.5,14207
13280,4506.8,-555.51,18959,-1296.4,12704
13502,3908.1,-3352.9,16426,-5733.4,14421
17060,1990.7,6694.1,12841,1268,14601
12651,-53.956,123.19,14091,-6241.2,17942
13131,2192.6,3390.3,14905,6444.8,16342
14283,-5987.8,-2499.8,17047,3197.1,13137
13720,5361.8,-1693.1,17981,-2867.3,12966
12660,-31.574,594.49,12678,-997.46,19928
12654,0.22637,-342.71,12651,-12.487,19980
12995,3059.5,-1641.3,18158,-5012.1,13555
13151,3348.8,-2384.2,17295,-5724.5,14063
16005,-6350.4,3663,15073,-2570,13259
15550,-7296.6,213.1,16256,-187.23,12653
19705,1557.3,-2028.3,12718,-174.16,12763
16611,-4921.9,-5256.3,13911,2568.5,13842
13533,-4736.3,2200.8,17761,-4066,13307
15525,2883.7,-6700.3,13285,-2874.7,15509
13826,5328.6,-2345.3,17496,-3674.1,13223
13238,4231,-1234.8,18674,-2948.6,12939
19499,3332.7,-82.956,12966,-15.5,12651
14714,-4216.5,-5469.7,14507,4506.3,14985
12946,3226.6,-204.76,19506,-717.22,12666
16473,3146,6528.7,13201,2236.9,14708
13492,1477.9,-4906.3,13264,-3978.8,17873
18822,4034.4,2909.2,13170,734.33,12903
17665,6395,1287.8,14252,608.48,12705
13696,3696.2,4175.5,15474,5796.2,15092
12833,2450.2,782.29,19158,3449.6,13010
18569,-2115.1,-4977.9,12803,712.36,13454
19391,-479.7,3634.9,12658,-102.09,13032
15799,-500.15,7314.1,12669,-516.05,15981
12731,-1132.8,-1295.9,16173,7180.6,15535
16911,-3854.9,5923,13377,-2169.2,14139
15912,-5627.6,-4702.9,14644,3104.9,13726
14013,-6127.7,-28.045,18042,41.977,12651
17675,-1615.1,6310.1,12759,-839.06,14183
18263,5122.6,-2831.4,13574,-985.7,12902
15670,-396.8,7308.5,12663,-428.71,16120
16215,-6600.5,-3135.6,15094,2132.9,13069
14256,6058.8,2229.7,17208,2909.9,13039
13071,3604.4,1205.8,18778,3430.4,13032
13507,-4467.9,-2584.3,17397,4741.2,13612
14419,-2623.6,6098.6,13530,-3955.4,16395
12661,508.74,-322.21,18178,-5936.8,13898
12935,1939.6,-2512.1,15587,-6890,15864
14013,6031.9,1077.6,17901,1600.7,12752
16529,-907.39,7172.6,12697,-725.09,15241
12655,381.78,-33.592,19933,-1047.4,12680
17188,-6518.2,2271.8,14501,-1207.3,12833
17869,-5374.8,3325.6,13751,-1306.3,13018
13387,4809.8,-638.28,18796,-1364.4,12712
14584,-6796.9,-103.14,17336,122.97,12652
16484,-2297.2,6869.9,12946,-1746.8,14988
12710,1235.4,-820.9,17987,-6039.4,13991
13586,-5221.2,1138.1,18381,-2108.6,12808
14545,3247.9,-5931.5,13886,-4311.5,15837
13609,-5138.2,1644.6,18109,-2967.4,12979
14892,-6618.4,2373.2,16542,-2462.3,12984
19224,899.13,4014.5,12675,217.55,13127
14697,-5104.3,4632.2,15315,-4415.3,14210
13441,-4875,1094.1,18561,-2230.6,12820
12785,2220,83.06,19767,436.63,12656
13054,85.659,-3729.2,12655,-390.17,19361
12809,1758,1641.3,16813,6810,14852
15968,-6937.7,2374.4,15530,-1788,12898
16012,-7328.7,169.27,15789,-130.55,12652
14344,-6302.2,1813.9,17297,-2315.2,12892
14503,6406.6,2040.3,17048,2439.6,12936
17963,-1818,5947.3,12779,-832.76,13934
13581,4970.5,-1931.6,17947,-3508.8,13123
17046,-5357.4,4493,13973,-2112.5,13429
12657,454.41,-173.47,19199,-4147,13162
12868,1512.4,-2350.2,15041,-6838,16526
13527,2499.9,4569.9,14270,5584.6,16569
13191,-3871.5,1755.1,18222,-4279,13307
14546,-6752,396.14,17368,-478.29,12661
14670,2992.4,6185.3,13639,3937.1,15986
19888,-765.51,1309.9,12667,-53.802,12697
14848,-5684.7,-4088.9,15674,3929,13744
15579,7276.6,644.03,16205,560.07,12670
13555,3253.5,-4150.6,15216,-5993.8,15507
12962,-1767.8,-2801.3,14927,6664.1,16531
15418,-4240.3,5903.1,14039,-3674,14777
17569,1062.5,-6524,12699,-587.86,14337
12996,1980.6,-2853.6,15201,-6731.5,16191
12776,1717,-1283.3,17568,-6321.2,14251
14372,-6477.3,-1208.7,17449,1544.4,12755
18009,-4566.6,-4145,13430,1373.3,13225
12879,-2138.2,1900.3,16910,-6617.3,14687
13180,1687.6,-3861.8,13906,-5486.1,17451
18657,4221,3146,13237,853.81,12952
12894,-2896.6,-561.93,19400,2163,12787
13567,4905.5,-2010.6,17898,-3670.7,13172
13287,-4526.6,-570.52,18946,1323.1,12707
13886,-5408.1,-2422.5,17403,3675.8,13236
16263,760.73,7259.1,12686,667,15503
18118,-1825.2,5754.7,12776,-782.16,13818
12901,-2374.4,1817.6,17358,-6229.3,14283
15404,6561.3,3117.2,15788,2684.9,13152
12677,800.53,578.8,17781,6348,14190
12674,801.77,-488.97,18260,-5790.9,13820
12679,-577.02,857.08,15302,-7192.4,16486
12879,2611.3,1172.8,18643,4517.5,13322
17811,5524.6,3192.4,13825,1298.9,12990
15910,1545.4,-7169.3,12812,-1486.8,15691
12651,11.443,2.8017,19643,2814.7,12871
15777,3929.3,-6187.7,13706,-3194.5,14792
14683,-432.82,6867.7,12672,-676,17191
12651,-1.2773,45.167,12659,-534.27,19973
13828,-155.09,-5823.7,12656,366.37,18276
12700,846.43,1054.6,15894,7257,15846
14795,-6957.7,343.63,17079,-380.71,12658
13103,3778.9,-1076.8,18878,-2963.5,12931
12760,1611.4,-1198.1,17601,-6326,14241
14806,-6803.5,1532.1,16889,-1669.3,12791
12702,-558.64,1266.7,14089,-6188,17873
14723,6891.2,-546.37,17148,-619.6,12669
12681,-1049.8,136.27,19839,-1528,12714
14865,6996.6,-486.03,16991,-525.93,12665
13483,-4837.1,-1622.7,18228,3169.1,13015
18440,4342.4,3544.6,13297,1029.3,13045
13491,4958,-1285,18417,-2520.8,12873
16329,285.46,-7279.4,12656,-246.51,15477
12714,-1281.2,-851.13,17982,6033.2,13990
18722,729.95,5103,12669,247.1,13486
12693,-1159.5,462.86,19085,-4271,13204
12756,52.813,-1966.7,12658,-493.57,19811
13505,4945.2,1460.9,18308,2825.9,12936
18889,-4833.1,366.44,13381,-107.67,12655
12949,3103.6,-958.97,19025,-3279,12984
13275,822.11,-4450.2,12913,-2804.3,18660
13118,-3983.5,-140.31,19267,386.05,12655
17491,-5072.3,4341.1,13721,-1760.7,13328
12976,-3280.4,820.99,19149,-2700.7,12872
18071,-4332.6,4285.3,13345,-1337.1,13263
15181,-7184.6,11.72,16654,-11.491,12651
13870,-5699.7,1516.9,17914,-2389.7,12874
17823,-5574.5,-3080.2,13842,1259.7,12965
14774,5775.5,-3868.3,15866,-3870.1,13645
17302,6349.6,-2497.2,14365,-1268,12869
12778,-424.24,2123.1,12997,-3421.3,19258
14569,3795.8,-5623,14291,-4579.6,15363
16695,-7075.4,1150.6,15085,-727.9,12701
13813,5775,-519.89,18265,-855.5,12678
12652,-3.2473,201.49,12653,-304.7,19979
17204,6236.2,-2933.3,14347,-1501.1,12959
12651,-0.3872,-134.09,12651,54.625,19984
12651,0.0090838,9.4522,12651,18.182,19985
13515,-118.37,5177.5,12655,-342.94,18702
12735,1293,1208.2,16882,6916.8,14877
12859,1687.8,-2157.9,15685,-7008.8,15858
13473,5042.7,-598.71,18694,-1203,12699
12962,-2966.7,1469.8,18359,-4776.3,13442
13717,5334.6,-1762.4,17945,-2982.3,12994
12655,330.38,176.24,18606,5336.9,13584
16428,-3913.7,6115.1,13504,-2582.5,14418
19572,-2648.8,1578.9,12848,-233.59,12719
12745,-633.39,1755.9,13672,-5450.8,18356
13987,5924.2,1404.3,17829,2098.4,12826
17003,-6191.5,3302.5,14408,-1760.2,13057
19776,-1816.6,-1267.3,12741,125.16,12694
12710,-990.59,1101.2,16293,-7192,15446
18450,-5492.4,1046.3,13668,-373.12,12684
13041,3241.1,-1730.6,18111,-4951.8,13543
18300,1265.3,-5663.4,12709,-516.12,13753
19700,43.695,-2575.8,12651,-6.2434,12834
12656,167.8,-412.36,13929,-5991.1,18144
16023,695.77,7296.9,12683,662.7,15740
13438,-4987.9,-59.622,18814,123.2,12652
12659,-20.232,-542.47,12664,702.46,19952
18641,-5183.4,1066.8,13527,-349.06,12685
18298,-4634.1,3497.1,13406,-1107,13039
12994,-3240.7,1228.3,18739,-3865.3,13136
12651,0.62289,91.293,12651,129.07,19984
15445,-7216.6,-923.01,16317,832.43,12692
17000,626.32,-6990.7,12670,-428.9,14850
12662,15.531,-638.06,12657,-458.73,19959
17052,2255.6,-6614.3,12895,-1416.5,14547
14368,6406.9,1520.1,17369,1934.7,12817
13122,-3708.3,1506.3,18475,-3985.7,13194
16968,6925.2,1245.6,14835,727.74,12707
13246,-1282.6,-4244.1,13310,4250.4,18143
13754,143.63,-5687,12655,-354.74,18376
13952,-5970.4,868.7,18025,-1330.8,12719
13418,-4786,1210.2,18529,-2501,12865
12663,-615.7,-263.02,19022,4531.5,13279
19408,-1661.5,3210.7,12731,-309.57,12945
14760,6008.1,-3475.8,16123,-3585,13440
18070,4975.1,3521,13559,1241.9,13055
19183,-3709.9,-1997.5,13063,436.65,12764
19903,-484.39,1307.4,12657,-33.919,12697
17824,6357.5,-356.8,14180,-162.4,12655
12669,-223.31,781.48,13343,-4717.2,18922
13377,3892.6,2848.7,16984,5533.5,14079
12690,-948.89,745.58,17508,-6573.8,14397
12656,9.4276,-413.48,12656,-430.48,19970
12699,898.45,-1003,16286,-7211.1,15465
13942,5901.3,-1179.8,17954,-1807.3,12778
19023,7.7152,4574.4,12651,2.2121,13291
13736,-5123.7,2392.6,17516,-3912.3,13294
16181,6329.9,3662.2,14935,2441,13236
13032,-635.43,3582.6,12909,-2881.5,19012
13345,4017.7,2507.4,17412,5130,13765
14440,-6290.2,-2192.6,17049,2670.7,12992
13091,-2170.7,-3220.4,15052,6556.4,16232
15576,-7182.3,-1330.9,16126,1149.2,12734
12663,602.06,-274.69,18909,-4765.6,13359
12675,862.79,391.84,18901,4738,13352
12757,-1924.3,470.29,19485,-2754.5,12868
12672,790.81,397.34,18711,5103.7,13490
12766,-694.21,-1934.5,13658,5405.2,18345
13615,522.72,5382.5,12719,1397.7,18470
15004,5864.9,3997.2,15642,3686.8,13629
14053,5995,1528,17712,2211.2,12851
12947,-3201.7,-462.3,19413,1612.6,12727
14441,-6127.4,-2615.6,16850,3138.5,13144
17789,-6363.7,709.78,14195,-325.64,12667
19237,3600.9,1921.5,13036,404.52,12755
17122,-6679,-1905.5,14618,1046.8,12780
17148,-6896.7,666.87,14726,-373.01,12666
15539,-4190,5974.7,13948,-3528.1,14757
12653,-202.15,-126.83,18213,5913.8,13880
12820,185.1,2476.1,12701,1339.6,19643
12784,972.35,-1982.5,14313,-6383.5,17481
15996,7326,286.1,15802,221.55,12654
19943,-985.16,-208.25,12677,10.899,12652
13933,1458.8,5822.7,13040,3059.6,17605
18480,5533.4,370.6,13677,132.24,12655
16020,2033.4,-7042.4,12919,-1836.4,15455
12911,2987.2,-602.69,19358,-2237.5,12798
12654,-331,-25.003,19946,900.63,12673
15395,-7233.7,-635.22,16398,582.86,12671
17580,-6337.6,-1843,14254,880.13,12764
14317,6351.7,1506.7,17429,1956.1,12818
14756,6729.8,-1686.2,16902,-1862.4,12824
13461,4724.5,1778,18134,3503.1,13103
16046,-737.17,7291.1,12686,-695.93,15713
19864,-63.518,1690.5,12651,-5.792,12728
13779,-5081.9,2661.7,17281,-4200.6,13432
17172,-6756.1,-1464.2,14636,802.21,12726
12655,230.35,337.71,15361,7245.1,16454
17660,-6149.9,2187.3,14139,-1002.8,12810
12754,1791,763.89,18898,4448.4,13271
15952,7133.4,1700.6,15694,1310.2,12776
12661,-140.26,598.55,13133,-4037.7,19236
14490,-6580.2,-1319,17288,1609.6,12769
13024,-2317,2756.9,15805,-6756.6,15539
19659,-1594.1,-2244.2,12722,198.78,12789
13721,-5207.6,2129.9,17714,-3549.8,13159
12656,12.402,450.16,12658,519.81,19965
16864,-685.7,7058.2,12675,-491.53,14964
14605,-2219.9,-6445,13223,3251.1,16562
14289,-3202.9,-5650.7,14045,4674.5,15938
12901,-2944,521,19424,-1979.1,12765
16099,6639.6,-3089.9,15206,-2178.1,13066
19060,641.01,4449.6,12664,177.37,13252
12942,-3015.4,-1105.2,18852,3798,13110
13912,-2429.3,-5452.8,13720,4611.7,16757
16855,-6683.9,-2381.7,14754,1392.1,12862
13572,4886.6,-2085.1,17839,-3783.3,13211
18017,-6156,114.48,14032,-48.841,12651
12659,14.821,-560.75,12658,-498.36,19961
12979,-2048.9,-2706.2,15492,6816.5,15908
17214,5626.4,-3968.6,14044,-1867.4,13231
12865,-2731.3,521.54,19448,-2142.3,12783
19017,-3961.8,2312.4,13134,-553.72,12806
12682,1052.5,219.68,19686,2412.2,12812
16336,-354.96,7275,12658,-305.7,15468
14754,-6935.9,40.202,17137,-45.194,12651
15353,11.162,-7248.8,12651,-13.528,16468
12708,-1453.5,47.054,19890,-383.39,12655
15663,-4510.9,-5762.8,14080,3465.1,14504
13220,4321.7,504.57,19052,1243.6,12699
15774,-5809.9,-4468.5,14863,3149.5,13643
16011,2154.6,7006.9,12952,1937.2,15424
19477,2487.7,2322.4,12828,328.66,12801
17873,-6251.6,900.33,14117,-400.3,12677
12985,-2891.5,-1829.4,17791,5564.1,13846
14418,-5233.5,4083.3,15866,-4507.9,13983
18261,2179.8,5435.3,12823,852.77,13660
14344,370.04,6548.2,12670,669.71,17600
12653,-4.1275,-296.98,12653,262.7,19978
19089,-1677.1,-4101.9,12738,423.02,13155
15193,-6708,2587,16180,-2425.3,13012
13987,-5757.7,1978.3,17583,-2913.6,13006
12923,-3091.5,340.23,19496,-1242.2,12695
12845,1249.9,-2335.2,14515,-6518.1,17156
13277,-4475.8,-709.95,18912,1657.5,12739
13217,-3724.7,2226.7,17656,-5135.7,13707
19518,941.06,-3131.8,12676,-168.44,12928
12835,1962.2,1678.1,17080,6593.8,14591
12679,726.43,713.38,16763,7086.3,15050
12971,2644.1,-2065.3,17223,-6194.2,14318
17966,3452.3,5169,13106,1339.3,13584
19463,-2872.3,1906.8,12887,-310.91,12752
18626,1379.3,5134.3,12715,476.98,13505
16604,-6786.2,2416.5,14959,-1517.1,12877
13836,-5840,-25.298,18273,41.213,12651
18531,-2524.2,-4850,12869,830.35,13412
13112,-3897.5,-732.93,19093,2014.2,12776
12692,-152.31,-1234.2,12791,2250,19703
17894,-5549.1,-2970.5,13814,1192.5,12940
12881,-1652.5,2351.8,15313,-6918.6,16216
18733,671.84,-5090.6,12666,-226.4,13481
17781,-6316.1,-1101.1,14176,503,12690
14121,-6156.3,1251.2,17726,-1767.7,12779
12666,-745.45,-162.9,19687,2525.5,12827
12867,-2497.5,1244.1,18471,-4884.5,13459
12816,2429.1,332.83,19621,1570.7,12720
13370,-3921.6,-2779.3,17074,5457.7,14011
15587,-6258.1,3771.2,15351,-2968,13368
13241,-3223.3,3023.2,16397,-6224.4,14732
16679,-6971.3,1695.3,15029,-1065.2,12760
15005,-6861.3,1819.3,16606,-1847.6,12836
19018,11.268,4586.4,12651,3.2426,13295
18280,-4801.3,-3307.4,13462,1084.2,12997
13104,3916.6,-350.9,19251,-979.85,12680
13224,4145.1,-1358.8,18591,-3272.1,13011
19853,1598.8,751.16,12720,64.548,12666
17506,-6620.5,756.73,14421,-379.76,12670
16637,-3346.2,6365.5,13244,-2205.2,14517
13867,5880.2,379.71,18213,608.68,12665
12849,2333.2,-1311.3,18239,-5319.1,13648
18750,-4956.3,-1221.1,13438,376.37,12695
17824,-4846.3,4129.7,13561,-1498.3,13233
16165,1052.8,-7239,12720,-946.93,15555
12710,1480.5,-80.595,19875,-643.59,12662
16940,-2608.9,6551.2,12986,-1659.5,14540
13719,-3758,-4180.2,15502,5760,15040
12652,-184.29,61.475,19375,-3707.4,13049
13966,3285.3,-5086.6,14471,-5281.4,15827
15057,4583.2,-5456.5,14508,-4138.5,14642
14421,1359.2,6500.9,12893,2289.1,17204
12651,0.001115,2.1071,12651,10.011,19985
12678,-462.65,885.76,14526,-6714.8,17369
13021,-2018,-2969.5,15119,6670.8,16247
13123,-1169.9,3831.7,13344,-4419,18266
19510,-3180.1,870.54,12938,-155.25,12672
16251,-6810.6,-2631.4,15212,1812.4,12939
16503,-7237.8,-71.501,15320,48.145,12651
16946,-900.25,6990.9,12691,-624.36,14872
15173,-6344.9,3363.3,15870,-3066.5,13283
13885,-5628.6,1844.5,17747,-2860.3,12981
18861,-3984.3,2853.3,13154,-706.81,12892
19677,-2677.6,-84.944,12849,12.474,12651
12651,-0.14814,-92.854,12651,30.182,19985
15071,-7096.6,720.87,16739,-729.08,12679
12959,3281.3,-326.49,19454,-1117.2,12687
12652,-223.85,70.892,19429,-3544.5,13011
17647,-5901.1,2819.2,14031,-1253.8,12918
12651,-0.037153,-79.056,12651,8.8911,19985
15777,5627.5,4696.4,14734,3231,13760
12716,-1.5371,-1560.3,12651,18.32,19882
17349,4894.2,4703.9,13684,1910.3,13473
13252,-3746.5,-2409.1,17445,5318.3,13836
18292,5699.6,1149.8,13778,436.12,12691
13018,-3307.9,1362.1,18593,-4111.4,13214
12657,180.92,-446.8,13918,-5973,18157
14998,7068.5,605.72,16831,627.38,12671
13939,5889,1213,17948,1860.2,12785
13794,5164.9,-2557.1,17359,-4029.6,13358
12663,-638,241.79,19201,-4117.7,13155
13374,4417.1,-1919.2,18057,-3994.5,13245
12663,664.62,96.299,19843,1706.4,12730
12851,-276.72,-2675.2,12746,1823,19528
17349,799.64,6741.1,12680,482.75,14540
12683,-1084.5,-115.15,19869,1254.3,12693
19761,-1739,-1497.1,12734,142,12712
12661,566.67,242.59,19021,4540.6,13282
12810,2291.9,750.87,19165,3542.7,13028
17021,-5013.3,-4894.8,13823,2191.3,13595
14504,-3630,5659.9,14212,-4599.3,15518
12874,2833.8,-19.572,19638,-79.348,12651
17735,-4164.6,-4933.4,13342,1595.3,13517
14919,6990.3,-902.58,16885,-956.25,12697
12651,0.028033,70.555,12651,7.517,19985
13301,-4181,1933.4,18051,-4247.5,13322
14563,-6165.8,2817.3,16643,-3210.9,13197
14492,-4363.7,5101.1,14867,-4795,14846
16164,6956,-2264.8,15380,-1619.5,12866
13581,2544.6,4685.9,14231,5496.5,16549
18570,-5366,666.42,13601,-227.71,12664
13110,-1936.1,3448.6,14520,-6229.6,16803
13409,-4065.3,2755.3,17147,-5294.9,13912
14869,6543.6,2532,16502,2632.6,13036
13100,3847.2,729.38,19109,2034.8,12778
19644,-2798.6,-288.73,12869,44.502,12653
18907,-2370.4,4186.8,12830,-627.04,13186
12662,648.58,-55.194,19924,-1012,12678
15842,5567.9,-4772,14650,-3192.6,13782
13219,1135.4,-4195.3,13194,-3932.7,18339
12651,-0.23681,81.052,12651,-55.275,19985
14287,-6409.1,-1045.7,17583,1383.7,12732
13734,1410.9,-5472.2,13084,-3304.4,17799
16147,-2998,6675.4,13204,-2409.5,15003
13365,-4785.8,220.84,18907,-481.81,12658
14743,-3926.6,5708.1,14251,-4391.6,15223
16770,-6158.6,3604.1,14496,-2022.1,13157
19658,-1594.8,-2246.2,12722,199.05,12790
16928,6647.2,2373.7,14695,1358.5,12858
12872,-2762.5,570.76,19405,-2305.3,12805
18451,5441.8,-1277.5,13650,-451.88,12700
12734,1335.2,1140.8,17187,6728.5,14614
18853,-3139.5,-3782.9,12966,750.28,13085
16738,7136.9,-429.37,15097,-270.45,12658
12665,325.83,-638.3,14469,-6674.9,17455
12676,-165.12,954.89,12921,-3089.9,19529
13143,-1217.9,3895.7,13370,-4473.3,18203
19276,-2841.2,-2788.7,12890,465.12,12873
12652,177.57,5.3148,19978,358.18,12654
16832,-6842.1,-1922.2,14861,1149.2,12788
14222,-6383.6,-629.68,17735,859.22,12681
17676,-4281.6,4907.8,13390,-1648.3,13514
12674,-919.37,-78.639,19906,1015,12679
19907,-1080.2,-834.12,12682,48.135,12670
14051,5122.1,-3465.8,16503,-4604.4,13794
17076,6925,825.63,14778,470.74,12675
13438,-4987.6,-59.225,18814,122.39,12651
13523,1903.5,-4837.2,13618,-4741.8,17368
18980,4605.4,-745.79,13304,-206.4,12667
17309,3862.8,5617.9,13310,1869.6,13883
13262,4479.1,266.43,19045,632.95,12664
12813,2427.6,132.53,19715,633.11,12662
15030,-6571.7,2719.2,16278,-2667.4,13073
12792,1588.2,-1629.3,16504,-6983.2,15150
12653,-279.23,-0.19838,19982,8.5057,12651
12659,-0.598,-538.47,12651,20.969,19973
12652,1.6402,158.1,12652,196.21,19982
13050,-1209.4,-3512.6,13523,4900.7,18125
17158,-3883.7,5730.2,13342,-1987,13972
12652,-6.3716,158.26,12666,-759.41,19960
16953,5105.9,-4853.3,13885,-2242.5,13587
18586,5353.4,-548.52,13594,-186.48,12660
16675,6033.7,-3885.4,14472,-2197.2,13255
12661,460.18,-411.86,17105,-6935.1,14769
16543,-5582.2,4586.7,14281,-2525.2,13539
15349,-7220.8,620.35,16448,-577.09,12670
12652,8.8185,217.96,12666,763.03,19959
12859,2696.8,476.35,19487,1991.4,12765
16062,-5016,-5340.8,14183,3087.1,14041
16621,7092.6,-1223.2,15144,-789,12708
12982,-3377.7,-453.63,19376,1492.9,12716
12839,2613.2,-16.037,19692,-70.97,12651
17971,-5628.9,-2622.7,13827,1049,12873
14395,3797.8,-5415.6,14456,-4826.5,15370
13599,-772.1,5317.2,12802,-2061.6,18373
12653,12.393,282.84,12669,825.74,19953
17476,-6537,1416.9,14391,-708.68,12718
12800,-2325.9,-161.7,19725,807.22,12669
18624,-5081.8,1573.7,13497,-507.64,12724
16580,7136.7,-1042,15200,-681.87,12692
13395,-2293.8,4301.8,14265,-5710.4,16739
16502,-6818.3,2429.8,15044,-1570,12884
13043,3609,-743.44,19156,-2225.1,12801
13408,1176.3,-4764.9,13087,-3476.8,18228
12652,-191.85,16.787,19938,-1042.2,12680
14376,-6571.2,545.38,17558,-700.68,12672
13490,-4686.8,-2060.6,17896,3936.4,13249
13744,-4771.7,3063.4,16922,-4791.5,13753
18295,4861.5,-3182.5,13480,-1051.8,12970
18676,565.45,-5202.1,12662,-196.99,13526
14605,4762,-4877.6,15106,-4620.1,14498
14877,3045.3,-6326.6,13575,-3707.7,15839
14144,-6286.2,594.38,17836,-837.93,12679
18177,2527,-5402,12886,-995.18,13655
13903,5332.4,2648,17232,3945.3,13351
12677,894.19,416.26,18853,4824.5,13383
12800,1199.7,-1999.3,14865,-6830.5,16811
12990,-3116.7,1477.8,18402,-4601.7,13380
16362,401.62,-7266.2,12660,-342.6,15440
15777,7002.5,2165.9,15760,1733.3,12864
14895,-6864.5,1531.6,16794,-1620.7,12786
13307,789.33,-4554.9,12880,-2625,18662
19390,2889.6,-2259.3,12893,-375.32,12794
18378,-4581.4,3382.8,13377,-1043.4,13010
12736,-1760,-265.65,19719,1751.3,12736
12694,1147.7,-546.54,18787,-4889.5,13412
13929,-5721.3,1794.6,17729,-2729.3,12953
18773,5059.8,-208.36,13467,-65.133,12652
12905,-3010.4,-104.16,19585,394.9,12655
18199,-5799.7,-1264.2,13838,495.42,12700
14962,5714.1,-4170,15554,-3841.9,13744
17165,6793.8,1305.1,14661,719.24,12710
15757,-6653.3,-3072.1,15503,2391.7,13094
16113,-5311.2,-5039.9,14331,3001.7,13851
17659,-5180.2,3974,13724,-1581.8,13198
17956,-967.62,-6151.4,12687,462.48,14041
14510,-6621,-1208.5,17291,1466.5,12749
19899,335.18,1390.5,12654,24.986,12703
15153,-4898.7,5238.4,14672,-4024.4,14387
14787,-6424.2,-2679.6,16515,2846,13098
19280,-739.21,-3901.4,12667,172.15,13097
13740,-3170.7,-4690.2,14699,5636.9,15838
15039,-6632.4,2580.8,16325,-2537.4,13028
12806,1052,2136,14314,6361.4,17449
13569,797.56,-5245.1,12817,-2169.9,18391
19952,-721.6,519.72,12665,-19.91,12658
13337,-4467.3,1495.6,18420,-3257.8,13020
14153,6202.7,1241.9,17692,1731,12774
19540,-1303.8,-2917.3,12699,216.14,12890
19560,-1752.7,2591,12738,-256.41,12838
12655,397.27,25.958,19953,779.62,12667
12717,1461.6,-564.16,19099,-4137.6,13169
12716,642.58,-1424.2,14136,-6238.5,17793
12651,75.322,0.79064,19984,125.7,12651
19011,2428.5,-3906.4,12835,-587.43,13108
13554,-4870.1,-2018.1,17900,3712.3,13183
14291,-5990.5,-2517.7,17030,3207.8,13142
15534,5893.1,-4302.3,15114,-3303.5,13623
14623,2256.5,-6448.9,13236,-3270.8,16525
12887,-2808.2,-763.99,19220,2963.5,12914
12651,0.062682,52.748,12651,22.482,19985
12730,-63.24,-1710.6,12664,683.44,19841
13591,4884.6,2191.1,17746,3914.7,13262
12994,-3419.5,-560.55,19310,1806.8,12748
17777,6173.4,1744,14112,782.85,12750
15044,-6833.1,-1997.2,16517,1995.6,12872
12652,-175.3,76.095,19011,-4597.6,13299
12959,-2856.8,1646.6,18045,-5288.9,13678
12712,-753.33,-1301.6,14804,6898.4,16997
14598,-436.14,-6796.6,12674,705.5,17288
19008,-1437.4,-4377.6,12716,393.56,13234
18314,3098.6,4884.2,12993,1063.1,13442
15295,660.79,-7198.8,12688,-812.19,16482
13836,-5638.2,-1518.2,17949,2432.1,12880
14023,5782.7,2070.9,17502,2993.1,13033
17604,-2132.2,6223.5,12841,-1103.7,14149
13169,-4171.2,-132.95,19194,345.99,12655
14014,-5184.4,-3270,16685,4473.9,13679
13327,-4098,-2263.9,17697,4780.6,13562
12652,-3.2763,-171.52,12654,361.1,19978
15252,6867.6,-2205.7,16251,-2056.1,12905
14612,-1914.8,6548,13078,-2870.7,16739
19678,-1117.8,2426,12686,-150.58,12813
15396,6703.2,2792.9,15921,2444.9,13049
19824,1664.1,-1013.8,12726,-91.078,12679
15267,-6738.6,2589,16111,-2373.5,13004
15554,2230.5,6951.3,13030,2326,15783
12913,-1166.1,-2823.5,13878,5677.8,17849
16809,-6804,-2089.5,14850,1250.7,12814
13366,-2164.7,-4278.2,14155,5628.2,16906
17871,2206.9,-5920.4,12843,-1021.9,13936
17176,5263.7,-4478,13889,-2012.7,13408
13205,-3915.7,-1777.2,18202,4270.3,13308
12661,-534.07,300.28,18478,-5519.3,13672
15501,-2270.8,-6926.4,13051,2404.1,15811
13573,-1944.8,4946.1,13604,-4679,17322
12690,1152.4,355.34,19401,3438.6,12992
17003,-2046.4,6712,12855,-1325.2,14634
12896,-2651.7,-1325.1,18426,4867.4,13460
15205,-762.76,-7153.9,12703,966.53,16561
12654,-15.863,-335.01,12672,891.67,19947
13359,3769.2,-2931.8,16837,-5702.8,14220
17943,-1153.6,-6133.2,12703,550.56,14033
16780,3395.4,6271.1,13238,2118.5,14400
14873,-6951.5,-970.92,16927,1043.5,12705
12745,-1855.7,-156.52,19797,987.81,12678
14755,-6265.3,2978.1,16401,-3157.5,13217
16792,6117.6,3654.2,14463,2029.2,13170
12651,-0.58539,53.574,12652,-206.68,19983
19849,-1780.6,-225.6,12736,21.579,12652
15712,2566.4,6859.8,13122,2473.6,15514
15539,-5479.4,-4819.7,14801,3507.6,13907
17390,3464.2,5801.9,13173,1715.4,13963
19950,-801.43,453.16,12668,-19.284,12656
17173,5819.9,3729.4,14151,1820.1,13162
18955,337.57,-4704.6,12655,-100.81,13335
15704,2450.3,-6901.3,13082,-2389.5,15569
12651,-2.6523,63.78,12667,-784.39,19959
15867,-7304.1,658.43,15910,-527.46,12670
14249,-6025.7,-2293.7,17183,2995.3,13064
17959,-4853,3895.8,13537,-1375.8,13157
15548,6911.4,2347.5,15926,1996,12917
12652,137.98,103.82,17687,6500.1,14294
17811,-5077.3,3864.3,13649,-1463.6,13157
15729,-7302.7,-582.52,16055,485.43,12666
12799,-2121,-966.19,18725,4636.6,13345
12652,-2.3572,144.34,12654,-308.78,19980
16269,6135,-3952,14752,-2514,13327
19768,-2123.4,-766.97,12774,88.439,12667
12651,-0.0018585,-3.5571,12651,9.8854,19985
16030,-6651.6,3078.5,15268,-2214.8,13069
13380,-4555.9,1616.5,18303,-3391.9,13060
12788,1012.8,-1996.9,14397,-6468.7,17373
13308,4481.6,1147.6,18670,2585.9,12873
14990,-2486.6,6639.7,13242,-3085.9,16113
14062,-6196.7,-176.17,17977,257.95,12654
12700,4.7484,1347.7,12651,65.809,19908
13833,-5604.8,-1618.8,17907,2590.6,12913
16717,-3127.5,6439.5,13159,-2051.2,14540
12654,-2.2473,352.84,12651,-120.39,19979
16319,-6149.7,3910,14732,-2458.8,13305
17307,5930,-3367,14156,-1618.2,13055
12656,213.03,366.29,14848,6996.8,17021
13972,-5745.9,1941.8,17615,-2882.4,12996
12651,-0.00241,26.71,12651,-1.7071,19985
12912,1940,-2353.3,15825,-6928.4,15654
18135,-1718,5766.4,12761,-735.94,13821
18110,3401.4,4999.9,13080,1239.2,13503
12695,1273.1,174.35,19806,1605.8,12721
17972,-4713.5,4040.7,13486,-1387.1,13197
12713,1417.2,-545.46,19109,-4131,13167
16768,237.33,7132.7,12654,176.76,15075
12651,-0.019137,-60.175,12651,6.0168,19985
13307,1328.7,-4427.6,13291,-4162.6,18085
12683,-884.11,-660.42,17674,6437.8,14269
14075,-5735.2,2405.5,17272,-3357.8,13157
13429,-4914,-699.35,18725,1448.5,12720
13617,-5358.9,749.39,18472,-1371.5,12717
15140,-6884.3,1990.4,16423,-1930.5,12864
17529,-2119.2,-6297.2,12843,1129.7,14209
15791,-353.11,7322.2,12660,-366.02,16000
13561,4591.8,2621.7,17363,4650.6,13584
19942,924.25,-402.51,12674,-19.768,12655
12654,-88.448,296.44,13402,-4890.1,18862
16927,-3550.4,-6100.9,13266,2066.1,14244
12837,2581.1,-310.69,19612,-1378.5,12704
12665,720.05,166.88,19655,2668.1,12848
16005,5067.3,-5297.8,14241,-3138.7,14033
18189,5654.3,-1849.9,13784,-711.07,12757
19476,-2866.4,1843.6,12886,-299.36,12745
13557,-1234.8,5130.7,13051,-3273,18078
13493,4686.4,2079.4,17879,3961.2,13258
12651,-57.605,-48.669,17312,6815.6,14604
17749,-3639,5316.1,13180,-1515.6,13672
16627,-5092.9,5082.6,13990,-2544.2,13751
12841,2340,-1188.4,18466,-4976.6,13489
12858,2064.6,-1789.7,17013,-6592.7,14622
12746,-1789.5,-555.21,19313,3420.8,12994
18301,5134,-2704.4,13571,-936.42,12879
12655,397.66,43.02,19909,1284.1,12695
17519,3032.6,-5921.6,13041,-1500.8,14000
16701,4339.1,-5702.4,13616,-2446.5,14066
15772,7273.7,902.63,15985,741.1,12687
18577,-3467.5,4134,13056,-949.55,13188
14302,-5013,-4154.4,15825,4733.5,14132
14010,6109.2,407.65,18027,610.43,12665
18122,1876.6,-5734.1,12783,-800.35,13808
13174,3762.6,-1846.9,18108,-4549.9,13408
12931,1239.7,2900.6,13942,5760.5,17742
12864,2770.6,58.835,19652,244.36,12653
12744,-1391.7,1224.6,17079,-6782.3,14696
19744,-1055.6,2128.7,12682,-123.42,12775
12692,1238.4,51.318,19910,491.95,12657
19640,-1742.4,2225.3,12736,-215.9,12787
19338,1289.6,-3590.5,12700,-272.79,13024
14787,-6589.8,-2241.2,16692,2415.9,12959
15768,-3395.6,6495.2,13449,-2962.6,15083
13747,-5650.6,536.06,18348,-913.15,12681
16721,6646,-2656.8,14805,-1596.9,12921
12653,-3.4841,-302.79,12652,217.52,19979
14954,-5056.1,4940.2,14981,-4198.4,14278
14918,-6589.1,-2499.7,16469,2561.3,13019
14231,-6409.3,452.27,17745,-615.73,12666
12865,-2471.8,1263.3,18423,-4975.6,13496
15786,-3489.8,6446.4,13488,-2994.8,15023
12760,-1666.7,1122.9,17888,-6023.8,14013
14265,-6226.1,1751.2,17402,-2307.7,12885
17358,-6315.5,-2471.6,14326,1234.6,12863
14818,-2830.8,-6382.8,13476,3604.6,16018
19264,-3311.1,2263.4,12975,-437.95,12796
16713,6271.8,3455.8,14589,1993.7,13119
12660,-15.739,589.27,12658,-503.48,19960
12970,-2597.4,-2121,17088,6305.3,14432
15279,-7201.8,-557.52,16527,529.79,12667
14950,3972.8,-5844.5,14137,-4142.2,15134
14904,-3818.8,5912.5,14059,-4141.1,15266
12754,1892.3,478.97,19467,2846.2,12883
12660,361.23,467,15793,7316.6,15997
19339,3619.7,-1196.7,13033,-248.65,12691
18348,4805.8,3133,13453,1014.2,12958
12764,-1566.8,-1304.2,17242,6625.7,14534
16779,-7131,91.717,15068,-57.181,12651
14639,-2424.7,6401.6,13319,-3438.1,16405
19721,1548.1,1939.8,12717,165.11,12753
16412,-5572.6,4660.4,14336,-2652.4,13595
14298,5655.6,3217,16594,3952.8,13481
19408,-687.77,3549,12665,-142.39,13013
12824,-600.78,-2435.7,13159,4040.1,18954
18240,3854.5,4444.7,13184,1204.6,13301
19299,-3870.9,-628.54,13090,140.07,12662
13633,5429.6,410.86,18518,747.2,12670
16026,-5728.1,-4573.3,14639,2959.5,13634
13091,3868.3,323.53,19275,917.64,12676
12877,272.66,-2836,12732,-1687,19509
14899,6590.4,-2463.5,16501,-2542.4,13010
13246,-4294.2,-1110.8,18748,2641.5,12879
14182,6141.6,-1664.5,17523,-2273.6,12872
14643,1298.5,6724.6,12846,2001,17005
15066,-6918.8,1725.6,16568,-1722.7,12814
13938,5847.8,1391.1,17889,2127.2,12829
13510,-1145.7,5039.3,13015,-3158.7,18190
15153,-5972.8,-3970.8,15560,3506.4,13566
16179,6178.6,3912.6,14836,2563.9,13325
16444,-5574.7,4644,14322,-2621.3,13581
13703,5345.7,1634.3,18028,2797.5,12948
14346,1063.6,-6474.2,12806,-1880.4,17410
12652,-0.42355,234.99,12651,-34.087,19983
12661,516.69,339.46,18077,6060,13975
12753,-1159.9,1560.6,15587,-7156.1,16091
14333,-5418.4,3672.6,16236,-4323.2,13745
16590,6861.7,2209.8,15016,1403.3,12840
13349,4431.3,1697.3,18257,3635.3,13125
14092,-6174.7,-919.32,17843,1321.1,12721
13062,-2016.3,3178.6,14887,-6520.9,16449
12803,2236.1,-740.81,19164,-3582.1,13037
15645,7284,-681.97,16134,-581.73,12672
14444,786.1,-6618.9,12731,-1346.1,17393
14888,-6711.2,-2089.1,16645,2188.1,12907
13222,3004,-3154.2,16057,-6394.7,15066
19924,-1189.2,225.02,12689,-14.247,12652
12660,410.26,414.32,16681,7156.9,15146
13313,-4487.9,1186.8,18643,-2659.6,12887
12659,-311.42,464.8,15298,-7219,16516
12684,1109.3,45.268,19923,485.22,12657
16497,-6744.7,-2631.3,15000,1689.1,12926
17983,5379.4,-3074.5,13726,-1180.6,12958
13238,2942.4,-3283.6,15850,-6419.3,15244
12685,581.31,-962.08,14950,-7024,16867
14958,6937.3,1371.1,16762,1425.9,12757
12984,2254.5,-2570.8,15978,-6798.2,15417
12989,-3402.9,-507.36,19343,1650.3,12731
19502,868.59,-3207.9,12673,-159.75,12942
18046,-2643.7,-5524.3,12915,1092.9,13724
12991,-2932.4,1822.8,17827,-5500.7,13811
12713,-190.53,1512.3,12796,-2282,19662
14172,5733.1,-2732,17000,-3614.5,13276
17237,6868.9,93.788,14668,51.288,12651
14070,5808.3,2202,17390,3103.9,13072
12693,1248.7,125.77,19859,1188.5,12689
13376,-4821.7,-90.698,18900,196.22,12652
12903,-2289.6,1939,17042,-6479.6,14546
12651,0.16563,-103.86,12651,-30.17,19985
17054,-6243.9,3136.5,14414,-1662.8,13012
13093,1962.2,-3360.2,14634,-6332.8,16693
18360,-4243.1,3837.6,13279,-1108.6,13120
13156,1441,-3867.4,13622,-5026.8,17848
16350,-3300.2,6489.2,13278,-2406.1,14734
17374,-6034.1,-3068,14182,1473.1,12981
12682,853.61,-651.93,17607,-6504.6,14325
12836,589.01,-2524.7,13108,-3847.2,19010
15014,-7005.2,-1176.7,16738,1205.4,12727
19232,2762.7,3021,12879,494.32,12914
12711,-2.535,1500,12651,-31.47,19890
12652,0.032766,190.77,12651,3.2487,19984
13414,-759.08,-4864.9,12833,2317.3,18582
18426,-23.593,5626.2,12651,-9.3569,13721
15995,7331,92.964,15807,72.046,12651
19717,-2023.4,-1468.6,12764,162.91,12709
12732,1721.4,-251.58,19733,-1698.6,12730
13899,-4849.4,3444,16541,-4875.6,13912
13638,5456.7,58.452,18538,106.09,12651
13249,1926.5,4003.4,14087,5662.4,17139
14093,4054.6,-4747.5,15110,-5289,15022
15092,-3172.9,6400.3,13559,-3539.5,15631
15628,6102.6,-4030.2,15194,-3077.8,13471
12658,-14.566,506.5,12659,-542.33,19962
12652,0.013492,175.49,12651,1.4542,19984
12994,-3404.1,-662.39,19251,2128.2,12786
15927,-5431.9,-4927.4,14509,3154.3,13842
17587,-5607.4,3468.5,13920,-1498.2,13065
14947,2639,6553.8,13328,3277.3,16056
12752,1923.2,192.21,19769,1166.6,12688
15185,-5808,4232,15381,-3625.7,13694
13997,-4982.8,3525,16457,-4762.3,13886
12973,-2590,2146.4,17040,-6337.4,14470
13408,4557.4,1827.7,18124,3726.7,13162
16953,-6422.9,-2893.9,14556,1604.7,12961
16740,-5913.6,4017.6,14374,-2201.3,13293
19432,-335.13,3527.9,12654,-68.733,13008
14670,3692.8,5794.1,14129,4394.5,15432
13406,4544.9,-1840.7,18114,-3757.8,13172
15443,-421.71,7262.6,12665,-493.5,16354
18654,-3330.9,-4083.2,13019,889.62,13170
15720,1909.3,-7071.8,12913,-1922.2,15757
13636,5013,-2144,17759,-3740.6,13209
12871,-286.62,-2801.7,12743,1794,19501
17129,-3984.7,5683.5,13383,-2031.1,13953
13185,1727.6,-3862.2,13952,-5547.3,17387
19498,-3329,248.25,12966,-46.347,12653
12910,-2981.3,-606.84,19355,2256.6,12800
12942,3071.7,-944.03,19039,-3267.8,12980
14579,5525.9,3951.5,15911,4184.4,13789
12666,-727.85,152.68,19709,-2430.8,12814
12653,9.4519,284.83,12661,626.28,19965
12652,4.2091,-218.13,12655,-364.73,19977
18499,5373.3,-1255.9,13617,-435.44,12698
12651,2.6147,-110.67,12656,-446.53,19976
13937,4026.9,-4461.7,15360,-5473.4,14941
13525,2682.7,4458.8,14505,5768.1,16304
12677,812.09,570.97,17864,6260.7,14124
12651,0.87914,98.47,12652,168.88,19983
13571,-5287.2,-481.04,18589,907.98,12679
12874,2807.5,-354.51,19549,-1434.7,12709
16901,-83.289,7072.1,12651,-59.336,14959
19511,-2857,1639.4,12883,-263.73,12725
18739,4272.7,-2829.2,13242,-764.56,12891
17911,2975.9,-5524.9,12995,-1259.6,13742
13568,-5302.5,-63.043,18634,119.42,12651
19952,371.1,-811.62,12655,-16.004,12668
14559,4528.5,-5040.3,14942,-4708.6,14703
19754,2131.2,939.25,12775,108.96,12675
19006,3020.7,-3483.7,12935,-647.23,13011
12747,1859,-285.89,19699,-1779.9,12739
19453,2904.4,1918.7,12893,316.8,12753
18089,-5061.1,-3356.1,13586,1197,13015
13850,5645.5,1582.5,17906,2514,12898
13060,-3374.1,1651.4,18256,-4644.2,13415
15845,4202.6,-6009.4,13824,-3212.2,14602
13055,3292.2,-1760.3,18091,-4942.7,13544
17405,-2960,6061.3,13033,-1542,14100
17981,6183.1,431.72,14054,186.17,12657
13560,-3606,3861.6,15730,-5949.8,14996
18879,-4776.1,931.69,13366,-271.34,12676
12857,392.64,2700.4,12835,2514.4,19383
19909,-713.84,1134.5,12665,-43.304,12685
12773,169.07,2112.1,12709,1450.5,19704
12677,-951.58,-266.61,19506,3166.1,12935
12651,-24.106,-47.345,14468,6689,17475
14561,-2.8893,6777.7,12651,-4.7658,17363
14911,-6587.7,-2491.7,16479,2559.3,13017
12872,1745.6,-2213.6,15704,-6990.3,15824
17071,4876.3,4990,13748,2156.3,13628
13015,2921,2040.1,17496,5830.6,14046
13841,-5760.1,1008,18125,-1626.7,12750
12758,151.42,-1983.8,12704,-1389.8,19734
18215,5098.1,-3000.7,13575,-1050.2,12936
13125,4011,157.23,19255,428.94,12657
19095,247.89,4410.8,12653,67.607,13239
13413,823.94,-4854,12865,-2503.9,18535
12810,1017.7,2187.4,14173,6192.2,17617
13130,-3302.5,2317.1,17357,-5708,14035
12954,3212.2,-625.99,19309,-2147.7,12787
13848,5791.9,-891.17,18148,-1435.3,12728
19096,-4381.6,544,13231,-140.91,12659
13702,2752.4,-4862.9,14277,-5417.7,16351
12749,1414.5,1270.5,17005,6819.3,14755
15718,7284.6,766.55,16052,639.89,12678
15324,-170.69,-7237.4,12653,208.92,16495
14197,-6353,-614.82,17768,847.8,12680
14783,-6952.6,267.14,17097,-297.21,12655
15230,5309.7,4870.2,14926,3855.4,14070
18572,-195.82,-5400.9,12652,72.373,13612
18976,-4624.9,-674.84,13310,187.62,12664
14040,-239.64,6163.1,12661,-503.65,17994
12677,786.03,-599.83,17615,-6508.4,14324
15288,-2548.2,6762.4,13197,-2837.2,15854
16388,960.99,7207.1,12705,804.04,15363
18212,3234.3,-4958.9,13031,-1147.9,13478
14758,-3326.7,6090.2,13810,-4065,15694
14692,6500.9,2279.7,16770,2533.9,12982
13618,-4088.8,-3548.6,16290,5610.7,14418
17290,6170.8,-2931.7,14280,-1459.8,12955
14703,2798.3,-6304,13505,-3725,16109
19635,1740.2,2254.5,12736,218.65,12791
15192,-7001.1,1634,16460,-1572.1,12791
18254,-4682.9,-3531.5,13428,1138.3,13049
12739,-1760.5,-421.55,19524,2712.2,12860
12763,1828.2,892.96,18645,4914.5,13441
18671,1866.6,-4897.9,12767,-607.79,13418
17689,-1811.7,6243.2,12786,-926.31,14142
19232,-2906.3,2883.4,12903,-495.43,12890
19440,-1883.2,-2972.4,12754,322.41,12901
19417,-2341.9,2721.1,12810,-366.98,12860
16071,7024.3,-2081.3,15506,-1536.1,12835
13243,810.42,-4351.4,12919,-2848.2,18695
19483,1825.3,-2851.8,12747,-297.73,12880
17291,6830.8,71.757,14622,38.618,12651
19067,-2162.9,3923.7,12796,-521.63,13110
12661,601.6,169.69,19523,3194.4,12940
18647,-5273,-296.73,13556,98.435,12654
12999,3488,-53.806,19449,-173.07,12652
19044,2021.9,-4053.9,12778,-506.69,13144
18357,-5602.9,1173.9,13727,-433.4,12693
13001,3418.7,-742.19,19193,-2356.4,12818
14241,5841.8,2706,16964,3487.9,13240
17780,5574.1,-3168.5,13853,-1307.2,12986
17764,-2152.6,6057.2,12838,-1045.3,14026
16031,-6869,-2556.9,15425,1879.8,12935
13729,-4883.3,2825.3,17153,-4525.4,13582
12973,-2903.5,-1703.2,17988,5332.2,13707
13187,-3351.4,-2593.9,17025,5900.6,14247
13200,4245.2,-555.92,19063,-1396.9,12712
12659,-465.52,-307.71,18063,6082.6,13988
12651,-0.003785,23.952,12651,-2.9898,19985
15550,3831.1,-6213.4,13740,-3392.1,14971
14196,-6193.7,-1537,17552,2093,12837
13003,-2548.8,-2407.3,16592,6560,14826
15488,-5079.6,-5223.7,14552,3655.1,14191
18745,-5083.2,565.18,13478,-178.32,12660
13318,-4644.2,-347.95,18954,787.45,12671
13214,-1483.4,-4069.3,13573,4884.2,17834
14536,-2394.4,-6315.6,13340,3540.8,16495
17113,-6941.3,-374.27,14769,212.01,12656
13415,2212.5,-4404.2,14120,-5543.7,16886
14411,1640,-6425,13003,-2723,17069
13487,1721.4,-4811.7,13482,-4502.5,17591
13116,3715.6,1420.8,18564,3801.8,13137
16036,-5172,-5192.9,14288,3098.1,13960
18999,-2417.9,3942.1,12834,-591.58,13118
13280,-4520.2,-430.22,18991,1005.4,12683
14390,6333.4,1889.5,17220,2364.6,12908
18776,-2978,4089.2,12939,-782.55,13166
15642,7007.9,2098.8,15904,1749.3,12858
13754,-3826,4210,15508,-5708.6,14996
14864,4092.8,5694.6,14286,4289.2,15063
13158,4134.1,47.637,19215,125.43,12651
19909,390.49,1285.4,12655,26.861,12695
19097,3947.8,1974.6,13124,464.56,12763
12933,2887.3,1288.3,18583,4448.5,13310
12939,-2197.3,-2318.3,16279,6802.3,15186
13805,5784.1,-79.67,18313,-131.86,12652
18957,-4005.2,2483.9,13150,-607.51,12831
15628,-6676.6,-2984.7,15646,2421.5,13081
15883,3541.5,-6422.2,13484,-2927.2,14935
13291,2465.8,3853.1,14788,6196.5,16274
13949,-5136.7,3154.7,16805,-4471.4,13646
12831,-632.71,2480,13191,-4144.2,18898
13170,3203.7,-2684.8,16808,-6105.8,14449
13116,-2445.1,3139.6,15489,-6620.6,15745
17945,1276.9,6106.8,12715,606.01,14019
12873,-831.67,2698.9,13402,-4739.8,18540
12718,241.12,-1559.8,12866,-2759.6,19548
12689,738.44,-944.82,15808,-7272.4,15945
14431,-4309.3,5067.4,14889,-4868.7,14886
13551,-4949,1794.2,18063,-3336.1,13068
13224,-4133.1,1402.3,18555,-3369.1,13035
12808,1349,1981.8,15256,7000.6,16369
14899,-6761.1,1946.4,16679,-2039,12872
13052,1133.8,3547.9,13416,4650.2,18266
12888,1950.6,2166.4,16146,6923.4,15371
15698,6302.1,3728.8,15286,2849,13330
17655,-5274.2,3854.4,13763,-1559,13164
15507,-932.83,-7230.6,12719,1055.5,16217
14386,-4313.4,5001,14951,-4923.5,14871
12934,-2814.2,-1453.9,18313,4945.6,13505
19539,58.611,3200.2,12651,10.702,12940
13453,960.39,4932.9,12927,2803.1,18393
12982,2228,-2583,15924,-6808.9,15472
14637,-6770.4,-997.62,17189,1160.7,12714
16610,-6489.9,-3121.4,14773,1894.7,13035
14282,-6366.9,1241.5,17544,-1642,12766
15165,-2328.1,-6789.3,13132,2755,16061
18892,-2127.4,4348.2,12796,-587.71,13232
13124,3998.4,-314.03,19231,-856.71,12673
14769,-5392.1,-4380.9,15497,4200.3,13975
13277,4509.1,455.87,18989,1067.7,12687
16466,5910.3,4197.9,14505,2464.8,13393
13905,-5936.1,498.02,18150,-782.92,12674
19070,-3636.1,2604.5,13055,-570.17,12847
12652,-116.73,76.496,18096,-6062.9,13971
13039,3243.6,-1712.9,18135,-4916.4,13526
12768,-1933.5,-746.87,19026,4100.3,13167
17837,-3490.4,-5310.1,13129,1429.1,13658
16887,4872.1,5136.4,13799,2319.7,13726
19265,-3569.5,1824.2,13027,-378.96,12745
12693,-184.51,-1245.6,12850,2669.9,19610
13019,1975.9,2986.4,15038,6642.8,16337
12698,1319.3,-105.93,19873,-949.04,12675
