3.6159e+05,-3.3188e+05,-1.601e+05,22181,4897.8,17182
4.9362e+05,38339,-1.4713e+05,16383,-377.43,17041
2.4587e+05,-4.1487e+05,-1.8254e+05,32091,10462,17466
17970,2209.2,2.1517e+05,17030,1.3273e+05,4.5033e+05
2.5107e+05,-4.1013e+05,-1.8626e+05,31333,10363,17518
53933,4.8498e+05,66920,1.5498e+05,21148,16487
70797,2.7174e+05,-4.1715e+05,66471,-95878,29284
99579,2.3553e+05,4.4102e+05,42434,67684,32614
1.5371e+05,-3.7669e+05,3.139e+05,43444,-31084,20637
24778,-3.2306e+05,-2.148e+05,2.8369e+05,1.88e+05,19605
2.7002e+05,14604,-4.3928e+05,16358,-1440.3,31199
1.4884e+05,4.8756e+05,-63145,56254,-6671.4,16459
3.7792e+05,86344,-3.4101e+05,16756,-3288.7,21763
19669,6329.8,-2.8749e+05,18863,-2.1434e+05,3.7143e+05
1.5119e+05,2.72e+05,4.0879e+05,33771,38881,26989
2.5868e+05,-4.422e+05,-59553,32397,3253.9,16444
3.3842e+05,2.2598e+05,3.1757e+05,19648,8528.4,20725
4.7289e+05,45555,2.0261e+05,16410,671.85,17759
2.3021e+05,-4.3512e+05,-1.5295e+05,34996,9621.8,17105
60921,4.0046e+05,2.895e+05,1.1264e+05,79720,20082
84493,4.5718e+05,2.0235e+05,91548,39230,17816
5.0289e+05,-1.1649e+05,-17740,16767,130.16,16344
2.9391e+05,2.9235e+05,-3.0723e+05,23057,-12069,20336
1.0014e+05,-3.8387e+05,3.2028e+05,65534,-51281,21000
4.6679e+05,-1.8093e+05,-1.2693e+05,17519,1607,16851
3.7412e+05,-46784,3.5271e+05,16461,-1914.5,22377
1.0364e+05,-2.917e+05,4.0572e+05,49335,-61098,26951
2.9095e+05,-3.7117e+05,2.0931e+05,26502,-9268.3,17872
3.6684e+05,-3.5441e+05,-79752,22723,2471.1,16533
1.0664e+05,72187,4.9419e+05,19799,43289,65271
3.0812e+05,2.8917e+05,2.9625e+05,22415,10770,19953
3.9782e+05,-1.6819e+05,-2.8297e+05,17736,4531.2,19532
1.0123e+05,-4.1075e+05,-2.8488e+05,69114,45256,19697
2.3327e+05,-36990,-4.5823e+05,16539,5049.9,35720
2.385e+05,-4.5517e+05,-41852,35258,2546.1,16388
25363,-19167,-3.9421e+05,22960,2.3322e+05,2.3665e+05
2.2081e+05,1.7598e+05,-4.3114e+05,20909,-19965,29849
1.4999e+05,4.5937e+05,-1.7432e+05,52909,-18164,17365
2.8584e+05,4.2455e+05,-65190,29279,-3096.7,16466
1.4207e+05,-4.6873e+05,-1.5379e+05,56655,17043,17121
24410,3.1612e+05,-2.1698e+05,2.8511e+05,-1.9505e+05,19801
1.9967e+05,-1.9742e+05,4.3179e+05,23009,-24961,29998
4.703e+05,-65602,2.0312e+05,16492,-975.77,17767
22343,-3.3599e+05,1.0532e+05,3.6035e+05,-1.1273e+05,17116
5.0729e+05,91554,32681,16598,187.09,16367
4.467e+05,132.1,2.5917e+05,16334,2.8064,18887
49861,-4.0477e+05,-2.6853e+05,1.4129e+05,92481,19562
1.8136e+05,-1.0802e+05,-4.6941e+05,19032,21788,39926
2.6741e+05,2.1873e+05,-3.8304e+05,21118,-14858,24403
1.3682e+05,-3.9528e+05,2.9715e+05,50258,-33790,20041
4.0154e+05,-1.3893e+05,2.934e+05,17286,-3908.7,19855
1.3951e+05,-4.317e+05,-2.3995e+05,53452,26936,18481
18013,7521.4,-2.1749e+05,22990,-3.2921e+05,3.3278e+05
4.0161e+05,-64953,-3.1799e+05,16547,2068.2,20738
1.8347e+05,4.7855e+05,-47779,45788,-3989.8,16405
1.3598e+05,2.0077e+05,-4.5213e+05,29274,-45400,34621
4.636e+05,-2.2237e+05,48572,18118,-740.96,16407
4.1623e+05,-3.0509e+05,-18117,20257,420.85,16344
18931,2.589e+05,-32553,4.4219e+05,-55524,16462
1.13e+05,1.2452e+05,-4.8293e+05,24447,-52488,49884
1.9525e+05,-1.3346e+05,4.5745e+05,19807,-21722,35633
60323,-4.935e+05,18104,1.3977e+05,-5057.3,16345
38915,4.6744e+05,-7192,2.1678e+05,-3316.4,16336
2.6993e+05,20625,-4.3909e+05,16382,-2031.8,31165
4.2535e+05,-2.1842e+05,1.9504e+05,18365,-3425.9,17642
1.3389e+05,-1.977e+05,-4.5396e+05,29279,46308,35153
52365,3.7485e+05,-3.1282e+05,1.2414e+05,-1.0181e+05,21199
54322,-2.3964e+05,-4.2728e+05,77299,1.3167e+05,32819
18839,-2.3444e+05,1.0581e+05,4.0824e+05,-1.8395e+05,17918
3.0065e+05,-2.5063e+05,3.3627e+05,21278,-11725,21542
61274,-4.8216e+05,-1.0899e+05,1.3435e+05,29921,16740
54729,-1.1082e+05,4.7752e+05,38311,-1.3507e+05,65726
4.7508e+05,1.9166e+05,-65666,17615,-845.58,16468
4.8051e+05,1.6294e+05,96520,17249,1054.8,16627
1.5576e+05,-4.8942e+05,18585,54132,-1868.4,16345
37057,1.1463e+05,4.4801e+05,58614,2.1129e+05,63448
2.0988e+05,-4.2819e+05,1.9508e+05,37203,-13682,17649
1.27e+05,-2.1223e+05,4.4887e+05,32006,-50063,33903
4.4771e+05,85481,-2.4281e+05,16629,-1663.5,18510
4.2603e+05,-27893,2.9051e+05,16369,-728.75,19761
72423,4.708e+05,-1.631e+05,1.1021e+05,-37340,17266
76826,1.2947e+05,4.8202e+05,32564,90732,55086
4.9176e+05,1.1062e+05,-1.1274e+05,16743,-822.78,16738
2.5137e+05,1.193e+05,-4.3419e+05,18087,-12143,30310
17088,-1.4885e+05,-28824,4.8475e+05,93759,16637
2.6814e+05,-4.3229e+05,85473,31029,-4435.1,16563
2.3858e+05,4.1567e+05,1.9005e+05,32871,11318,17573
17908,-2.1017e+05,24602,4.6795e+05,-54711,16445
4.1446e+05,3.08e+05,-3629.5,20356,-85.428,16334
1.2848e+05,-42675,-4.944e+05,17226,20123,62270
77382,-25155,-4.9856e+05,17214,33976,1.0346e+05
2.3023e+05,-4.4763e+05,1.111e+05,35783,-7030.9,16728
31256,-1.0486e+05,4.2689e+05,66316,-2.536e+05,66485
2.8495e+05,2.5048e+05,3.4965e+05,21763,13267,22222
1.978e+05,-47551,-4.7314e+05,16803,9193.2,41464
2.5012e+05,57968,4.4723e+05,16769,6621.7,32858
3.2986e+05,-3.7166e+05,-1.3954e+05,24624,5177.2,16966
94437,-1.1131e+05,4.8762e+05,25473,-65709,57288
79571,26987,-4.9876e+05,17287,-34253,1.0019e+05
32545,35488,-4.4446e+05,26284,-2.0206e+05,1.611e+05
1.1569e+05,93937,4.8943e+05,21125,44263,56386
63193,-4.7997e+05,-1.2199e+05,1.2946e+05,32379,16845
3.4803e+05,-1.9113e+05,3.2988e+05,18640,-7467.3,21243
4.6601e+05,-2.1111e+05,70754,17934,-1024.5,16490
91774,-2.9496e+05,4.0397e+05,55794,-69864,26914
1.7953e+05,-4.6703e+05,1.2045e+05,45689,-10277,16801
1.1646e+05,-4.9722e+05,31973,72300,-4411.8,16366
27619,-3.1321e+05,2.7365e+05,2.3029e+05,-2.002e+05,21667
1.7252e+05,-3.1306e+05,3.7001e+05,33960,-30852,23522
3.286e+05,3.6202e+05,-1.6544e+05,24319,-6100.2,17245
1.5531e+05,-4.871e+05,52202,54042,-5262.6,16419
16364,19631,-24310,3.2417e+05,-4.0041e+05,25978
44355,-17845,-4.7812e+05,17798,75212,1.7457e+05
3.4771e+05,-3.6827e+05,99758,23806,-3412.9,16648
1.0567e+05,-32867,-4.9844e+05,17124,23419,76160
2.7684e+05,1.4136e+05,-4.1172e+05,18347,-11082,27132
1.6127e+05,4.7281e+05,-1.2154e+05,50830,-11717,16811
2.8493e+05,-4.2995e+05,-12243,29603,586.31,16339
1.9174e+05,4.1418e+05,2.3837e+05,38998,18507,18430
3.9265e+05,-2.8075e+05,1.8334e+05,20086,-4442.4,17474
20720,-11122,3.1735e+05,21676,-2.673e+05,3.0683e+05
4.0905e+05,2.1737e+05,-2.282e+05,18500,-4282.1,18211
87142,-2.6903e+05,4.2157e+05,53873,-76659,29355
2.6752e+05,-4.0091e+05,-1.8379e+05,29466,9357.4,17483
4.8598e+05,37300,-1.7086e+05,16382,-439.97,17310
60102,-4.9272e+05,31306,1.401e+05,-8780.5,16367
49984,-4.7638e+05,95603,1.6552e+05,-32895,16657
16350,-667.86,22718,22282,-3.5066e+05,3.7827e+05
2.0578e+05,3.7196e+05,-2.91e+05,33824,-20291,19799
3.6848e+05,-3.2605e+05,1.564e+05,21820,-4601.2,17140
16808,-560.05,1.2179e+05,16496,-70158,4.9701e+05
5.1077e+05,-12517,-75837,16339,59.475,16513
2.9898e+05,-43527,-4.1832e+05,16507,3302.2,27924
91015,-4.7653e+05,1.5202e+05,88453,-27256,17118
2.4879e+05,-4.4704e+05,-64593,33645,3715.5,16464
3.0658e+05,-3.1545e+05,2.6984e+05,23454,-10332,19166
3.7705e+05,-34690,3.5099e+05,16403,-1395.6,22282
3.7426e+05,3.5091e+05,-57850,22401,-1729.4,16438
25433,-2.3786e+05,-3.1591e+05,1.9996e+05,2.6381e+05,27098
72400,3.8708e+05,3.1371e+05,91115,71472,20890
38041,-4.6431e+05,-29099,2.2136e+05,13797,16366
51185,3.1893e+05,-3.6819e+05,1.0862e+05,-1.2257e+05,24786
1.3634e+05,-4.13e+05,2.7217e+05,52446,-31210,19273
3.3119e+05,-1.2598e+05,3.7531e+05,17479,-6595.9,23806
4.4672e+05,-24788,2.5795e+05,16359,-523.26,18857
2.4689e+05,-4.1648e+05,1.7745e+05,32084,-10127,17398
16361,147.05,-29494,16535,-80104,5.0942e+05
4.2135e+05,2.4908e+05,1.6458e+05,18978,3251,17234
4.2204e+05,2.1726e+05,2.0335e+05,18374,3607,17771
1.4922e+05,2.0472e+05,-4.4687e+05,27840,-39849,33172
1.1173e+05,-4.1949e+05,2.7001e+05,64111,-38587,19240
1.0239e+05,4.9644e+05,-57802,81872,-9153.2,16440
69551,-4.8455e+05,-1.1282e+05,1.182e+05,26996,16763
1.6817e+05,-1.1382e+05,-4.7256e+05,19753,25934,41486
4.2023e+05,2.9551e+05,-52372,19973,-1172.4,16419
4.7035e+05,-1.0535e+05,1.8553e+05,16739,-1409.9,17504
2.5735e+05,-4.3748e+05,-91520,32263,5019.5,16598
3.3747e+05,3.9052e+05,6780.3,24998,248.72,16335
4.3512e+05,-2.7016e+05,-66136,19230,1311.2,16470
33286,-3.0998e+05,-3.25e+05,1.7534e+05,1.8224e+05,23612
16816,-1.0991e+05,54437,4.4967e+05,-2.2242e+05,18225
1.0651e+05,-1.0169e+05,4.8899e+05,22713,-52732,56968
60499,3.2625e+05,3.7084e+05,92927,1.0236e+05,24513
2.6898e+05,-1.4405e+05,4.1591e+05,18536,-11963,27639
1.3831e+05,2.2032e+05,-4.4235e+05,30876,-44644,32270
43467,-63826,-4.7268e+05,30605,1.6209e+05,1.0359e+05
3.1981e+05,49153,-4.0209e+05,16526,-3127.8,26074
3.1066e+05,-58654,-4.079e+05,16623,3989.7,26685
1.2658e+05,-84622,-4.8933e+05,19699,35593,55266
81397,-4.5171e+05,2.1368e+05,93957,-43103,18019
2.3992e+05,3.3533e+05,3.0955e+05,28115,17193,20431
69795,-1.0922e+05,-4.8544e+05,30952,99256,63792
2.8337e+05,-2.417e+05,-3.5703e+05,21484,13391,22637
1.199e+05,4.9699e+05,-27139,70270,-3629.8,16357
2.5988e+05,-1.0676e+05,4.3252e+05,17664,-10368,30021
77221,-3.4099e+05,-3.6454e+05,75583,77030,23611
3.4612e+05,13671,-3.8274e+05,16347,-714.47,24357
1.3982e+05,2.7584e+05,-4.0962e+05,36327,-43039,27133
1.1068e+05,-4.773e+05,1.4556e+05,73067,-21170,17040
1.4638e+05,39640,-4.9066e+05,16930,-14485,55609
4.511e+05,-1.2862e+05,2.1605e+05,16986,-2147.8,17985
4.6308e+05,2.2772e+05,-20773,18204,-323.69,16347
1.8138e+05,-1.212e+05,-4.6617e+05,19670,23485,38626
1.0924e+05,-4.8291e+05,1.2638e+05,74834,-18651,16858
47254,3.029e+05,3.7577e+05,1.1277e+05,1.3696e+05,25861
1.3141e+05,-4.3128e+05,2.4429e+05,56442,-29293,18580
2.1925e+05,4.4293e+05,1.4604e+05,36901,9782.9,17033
3.2986e+05,1.6338e+05,3.6182e+05,18232,7969.5,22915
4.0003e+05,61832,-3.2058e+05,16528,-2002.8,20843
4.7283e+05,-1.4705e+05,1.4681e+05,17107,-1507.8,17038
91056,4.0621e+05,2.9186e+05,75849,51970,19954
2.7317e+05,-3.9457e+05,-1.8922e+05,28730,9324.1,17559
1.2394e+05,4.1218e+05,2.7781e+05,57180,35394,19445
1.4873e+05,82600,4.8467e+05,18711,26122,49521
16338,-10041,-4219.4,4.7613e+05,1.9984e+05,17716
17339,1.7256e+05,-14678,4.8484e+05,-41193,16393
2.1839e+05,-4.0135e+05,2.3832e+05,34248,-15711,18425
3.7528e+05,3.1479e+05,-1.6318e+05,21328,-4571.3,17218
5.1162e+05,57362,-41788,16436,-148.8,16388
18872,-12188,-2.5826e+05,26653,3.5264e+05,2.7398e+05
48958,-4.3871e+05,2.0618e+05,1.5612e+05,-72568,18030
17753,-1.8611e+05,-79110,4.3742e+05,1.8567e+05,17747
2.3704e+05,4.5701e+05,27470,35543,1685.2,16357
2.1054e+05,-4.0496e+05,2.3905e+05,35494,-16515,18441
1.2183e+05,4.176e+05,-2.7025e+05,58811,-35124,19233
4.755e+05,-65351,-1.9073e+05,16488,893.13,17578
1.217e+05,3.8674e+05,3.1286e+05,54868,40453,20638
4.8919e+05,-45809,-1.5925e+05,16406,496.31,17171
1.9197e+05,-71038,-4.7248e+05,17424,14047,41200
4.3542e+05,-1.8017e+05,2.1128e+05,17679,-3034.3,17902
3.7058e+05,-2.7544e+05,-2.3099e+05,20359,6083.2,18266
1.1173e+05,4.9404e+05,69321,74811,9996.7,16486
1.6475e+05,-67724,4.8241e+05,17673,-18352,47331
1.7392e+05,4.815e+05,-51221,48270,-4547,16416
1.6046e+05,3.679e+05,3.2125e+05,41037,30157,20929
2.8551e+05,-2.8542e+05,-3.2127e+05,23115,13026,20881
2.6043e+05,4.0758e+05,1.7909e+05,30378,9489.1,17419
1.4673e+05,-4.5389e+05,1.9031e+05,53401,-20296,17587
2.036e+05,4.487e+05,1.502e+05,39636,11015,17077
3.5928e+05,-1.6254e+05,-3.3319e+05,17931,6255.6,21392
3.4441e+05,-3.5906e+05,-1.3757e+05,23610,4716.4,16948
60840,83268,4.8703e+05,28379,1.11e+05,79816
89677,4.6751e+05,-1.7779e+05,88129,-32363,17437
4.5988e+05,-2.3501e+05,3478,18346,-56.278,16334
4.4725e+05,-2.582e+05,-2736.6,18864,50.027,16334
1.8125e+05,-3.609e+05,3.1906e+05,36514,-25821,20823
1.7048e+05,-4.8425e+05,-32548,49390,2956.6,16367
37103,-3.6517e+05,-2.8396e+05,1.7979e+05,1.3865e+05,20659
3.6286e+05,-2.9371e+05,2.2043e+05,21023,-6253.1,18065
25404,3.9327e+05,38233,3.3056e+05,32059,16411
1.9038e+05,3.9574e+05,-2.6879e+05,37792,-20873,19154
2.2724e+05,4.5664e+05,74358,36740,4800,16507
2.4254e+05,1.9713e+05,4.1009e+05,21068,17483,26970
5.1525e+05,24383,26808,16352,40.212,16356
96994,-3.2269e+05,3.8205e+05,57498,-62582,24711
2.914e+05,-4.2581e+05,1776.8,28953,-82.361,16334
19165,-1.546e+05,-2.2138e+05,2.5241e+05,3.5991e+05,28488
5.0044e+05,62438,-1.1154e+05,16461,-451.2,16729
1.4063e+05,3.8459e+05,-3.0949e+05,47848,-34017,20480
3.5631e+05,-3.338e+05,-1.6771e+05,22393,5265,17272
3.4519e+05,-1.654e+05,3.4635e+05,18116,-7096.1,22037
3.7263e+05,1.9362e+05,-3.0036e+05,18411,-6080.9,20087
4.4877e+05,-2.3741e+05,-94617,18481,1612.2,16616
1.8208e+05,46465,-4.7918e+05,16862,-10713,44887
4.1325e+05,-13220,3.0936e+05,16342,-391.57,20406
2.6445e+05,1.2218e+05,-4.2566e+05,17999,-11065,28952
4.8346e+05,-1.4319e+05,1.1193e+05,17036,-1075.2,16732
93768,-3.3303e+05,3.7319e+05,61136,-63617,24040
1.5123e+05,-4.5551e+05,1.8329e+05,52114,-18910,17486
91895,3.2697e+05,-3.7853e+05,61276,-65897,24474
39339,3.1074e+05,3.5066e+05,1.4277e+05,1.59e+05,24538
78372,-3.3967e+05,-3.66e+05,74202,76081,23697
1.9225e+05,-4.1956e+05,2.2837e+05,39328,-17714,18227
59814,-1.8363e+05,-4.5812e+05,54627,1.241e+05,42176
1.5286e+05,4.4964e+05,-1.9616e+05,51010,-19972,17674
48293,3.1621e+05,-3.6637e+05,1.1482e+05,-1.3034e+05,24854
2.0039e+05,-1.9573e+05,-4.3224e+05,22870,24742,30070
90542,-4.5787e+05,2.0135e+05,85552,-36251,17791
3.7525e+05,3.5001e+05,56992,22346,1694.6,16435
34004,-17629,4.517e+05,18974,-1.2589e+05,2.1359e+05
2.4839e+05,44599,4.497e+05,16596,5248.6,33430
2.3106e+05,-1.1888e+05,4.4521e+05,18379,-14463,32451
2.6606e+05,-15961,4.4161e+05,16363,-1629.7,31654
1.0949e+05,-4.4503e+05,2.2602e+05,69098,-33133,18215
1.5134e+05,-4.5878e+05,1.7486e+05,52417,-18039,17372
2.189e+05,4.6546e+05,31848,38469,2157.6,16365
2.1631e+05,-3.0867e+05,3.5139e+05,28517,-21812,22341
54670,-4.8959e+05,23760,1.5415e+05,-7396.6,16353
3.4111e+05,-2.0587e+05,-3.282e+05,19084,8136.8,21169
3.5892e+05,-3.7e+05,28219,23472,-923.2,16358
1.7527e+05,4.0389e+05,2.6627e+05,41182,22879,19092
2.3577e+05,1802.8,-4.5847e+05,16334,-244.03,35783
54510,-2.6849e+05,-4.0994e+05,85896,1.2641e+05,29432
4.8724e+05,-1.7008e+05,-21028,17302,232.57,16348
86867,4.3849e+05,-2.4044e+05,85523,-45185,18550
5.0852e+05,-80572,41308,16538,-207.85,16387
18535,-2.1702e+05,1.1151e+05,4.0493e+05,-2.0773e+05,18361
3.6599e+05,-3.4736e+05,1.0921e+05,22530,-3360.6,16713
3.9332e+05,3.0551e+05,-1.3627e+05,20689,-3476.4,16935
16343,-11384,13064,3.3938e+05,-3.8854e+05,24846
2.4138e+05,-4.5548e+05,10868,34945,-651.62,16338
31920,2.5082e+05,-3.6507e+05,1.5028e+05,-2.1615e+05,28728
2.4111e+05,-4.5573e+05,-3978.8,34990,238.91,16335
22928,-18318,-3.6166e+05,24751,2.7584e+05,2.4284e+05
2.7115e+05,4.3865e+05,12798,31106,657.29,16339
16825,-1.1093e+05,54929,4.4944e+05,-2.2226e+05,18225
1.6094e+05,-3.7918e+05,-3.0763e+05,41991,28913,20392
88335,-4.9976e+05,19469,95440,-3609.2,16346
1.5428e+05,-4.901e+05,8811.3,54679,-895.34,16336
3.5424e+05,-3.2622e+05,-1.86e+05,22216,5819.5,17511
3.2132e+05,4.0072e+05,-50516,26131,-2007,16413
67387,-4.9332e+05,59067,1.2433e+05,-14630,16449
1.7455e+05,-2.0641e+05,4.3779e+05,25361,-31478,31131
82723,4.6963e+05,1.7109e+05,95992,33959,17355
4.7016e+05,-1.5043e+05,1.5188e+05,17151,-1609.8,17090
46604,4.2053e+05,2.3511e+05,1.5822e+05,87513,18690
3.7999e+05,1.5833e+05,3.1163e+05,17698,5161.1,20492
79023,4.9629e+05,55865,1.0611e+05,11661,16435
35034,2.3905e+05,-3.882e+05,1.2704e+05,-2.0289e+05,30964
1.3044e+05,4.8245e+05,1.1451e+05,63045,13960,16758
55964,4.7393e+05,-1.2883e+05,1.4554e+05,-39064,16919
1.1264e+05,-4.9306e+05,-75220,74083,10753,16514
4.132e+05,27814,3.0845e+05,16371,820.17,20372
2.552e+05,1.4181e+05,4.2513e+05,18696,13265,28884
4.5248e+05,-2.4408e+05,-49032,18562,841.28,16408
17212,-1.2073e+05,1.092e+05,3.6368e+05,-3.2831e+05,22015
4.9966e+05,-1.2075e+05,50425,16805,-387.63,16412
2.2038e+05,-4.4438e+05,-1.3986e+05,36846,9317.3,16972
4.5383e+05,-1.5458e+05,-1.92e+05,17257,2230.8,17597
5.1254e+05,23523,-59546,16351,-87.089,16444
1.2554e+05,4.9197e+05,-68936,66593,-8769.8,16484
1.8359e+05,2.103e+05,4.3246e+05,24893,29151,30155
1.5932e+05,-70880,4.8358e+05,17893,-20348,48340
2.331e+05,-3.682e+05,2.754e+05,30591,-16357,19326
1.0822e+05,4.0536e+05,-2.9148e+05,64009,-43029,19894
3.8797e+05,-2.8415e+05,1.8797e+05,20253,-4683.1,17539
5.151e+05,-12099,-36438,16339,27.161,16375
1.9958e+05,-2.3887e+05,4.1035e+05,25526,-25894,27051
4.751e+05,1.2171e+05,-1.6191e+05,16862,-1383,17202
2.5495e+05,-4.3352e+05,1.1418e+05,32270,-6321.6,16750
3.4544e+05,2.4318e+05,-2.9665e+05,19983,-8089.7,19964
1.2598e+05,4.9463e+05,-45242,66707,-5735.6,16398
22672,-12981,3.5763e+05,21181,-2.3654e+05,2.8697e+05
5.0785e+05,-76566,54962,16519,-263.81,16427
2.7727e+05,-3.8103e+05,-2.0996e+05,27792,10025,17884
67254,-4.8531e+05,-1.062e+05,1.226e+05,26352,16714
3.5576e+05,-3.3591e+05,-1.6465e+05,22476,5198.3,17235
1.1922e+05,-4.6089e+05,1.8821e+05,65804,-25216,17566
3.1205e+05,4.0464e+05,72300,26770,3002.4,16497
1.358e+05,4.8303e+05,-1.0698e+05,60762,-12485,16702
16844,357.88,-1.2603e+05,16396,-43409,4.9901e+05
4.3572e+05,-1.1038e+05,2.5428e+05,16851,-2344.1,18770
1.6859e+05,2.7228e+05,4.025e+05,31134,33356,26255
4.2276e+05,-54172,-2.9157e+05,16468,1433.9,19795
18439,1.597e+05,-1.7846e+05,3.0538e+05,-3.4027e+05,24475
2.4537e+05,-4.3239e+05,-1.3683e+05,33151,7943.9,16942
2.1335e+05,4.6712e+05,42242,39412,2951.9,16389
2.4528e+05,-4.5113e+05,-46982,34254,2756.2,16402
1.6808e+05,3.7517e+05,3.091e+05,40109,27565,20442
1.7172e+05,-3.9045e+05,-2.8761e+05,40728,25175,19705
2.4773e+05,3.7278e+05,2.5607e+05,29556,14102,18821
3.8927e+05,3.2142e+05,1.0842e+05,21190,2900.5,16707
1.4247e+05,-35777,4.9192e+05,16848,-13914,57414
2.3959e+05,4.2023e+05,1.7842e+05,33037,10598,17411
43912,-1.611e+05,4.4974e+05,66591,-1.7472e+05,47128
95890,4.8803e+05,1.0933e+05,85932,18555,16724
4.7141e+05,-1.5861e+05,1.3917e+05,17235,-1539.5,16962
2.204e+05,-3.2811e+05,3.3071e+05,29349,-20419,21305
17799,-7320.7,-2.0497e+05,23509,3.4049e+05,3.2933e+05
68007,-4.0271e+05,2.9133e+05,1.0097e+05,-71132,20069
50141,3.5595e+05,3.3096e+05,1.2373e+05,1.1304e+05,22213
16540,-81175,-989.09,5.1006e+05,6208.6,16335
3.6962e+05,-3.3441e+05,-1.3454e+05,22037,3995,16919
2.0457e+05,3.4111e+05,-3.2736e+05,31834,-22507,21162
5.0805e+05,-36500,85706,16376,-197.66,16564
21490,1.2612e+05,-3.1075e+05,1.4842e+05,-3.6125e+05,43206
1.9236e+05,2.1391e+05,4.2706e+05,24477,27105,29268
16485,-827.29,69791,17423,-1.7799e+05,4.798e+05
1.7495e+05,-4.1483e+05,2.491e+05,42191,-21538,18671
1.9038e+05,4.1322e+05,2.4105e+05,39155,18866,18488
3.829e+05,-1.792e+05,2.964e+05,18037,-5368.3,19954
3.0897e+05,76140,4.0627e+05,16824,5153,26511
1.2721e+05,2.5153e+05,-4.2804e+05,36434,-49539,29734
3.8184e+05,3.383e+05,-79557,21831,-2260,16532
1.9366e+05,-4.0833e+05,-2.4683e+05,38228,18889,18614
37992,4.2165e+05,1.9626e+05,2.0145e+05,93151,18006
1.5062e+05,4.0984e+05,2.707e+05,47599,27737,19222
2.5288e+05,4.3912e+05,-95826,32782,-5377.8,16624
4.0006e+05,-2.0756e+05,2.5198e+05,18405,-4745.1,18716
84231,-4.9662e+05,57531,99517,-11218,16440
1.7304e+05,-4.6403e+05,-1.3937e+05,46931,12388,16969
3.9682e+05,1.6095e+05,-2.8851e+05,17629,-4470.6,19700
4.9881e+05,-28922,-1.3091e+05,16361,248.4,16886
27359,-2.3156e+05,3.4293e+05,1.7311e+05,-2.5408e+05,29099
85131,4.6195e+05,-1.9132e+05,91776,-36805,17638
88210,-4.0194e+05,2.9762e+05,77480,-54821,20164
4.0547e+05,-1.0501e+05,-3.02e+05,16874,3054.9,20142
20139,-28808,3.0053e+05,43157,-3.8572e+05,1.5856e+05
3.0201e+05,-1.6956e+05,-3.8252e+05,18739,10154,24351
4.6723e+05,-1.7895e+05,1.2811e+05,17492,-1603.6,16861
3.4898e+05,-1.7877e+05,-3.3577e+05,18357,7179.2,21512
4.1841e+05,2.6848e+05,-1.3968e+05,19412,-2948.7,16967
4.6304e+05,-1.9699e+05,-1.1628e+05,17752,1607.5,16765
17674,-1.9687e+05,11043,4.7662e+05,-26703,16360
77280,4.843e+05,-1.2094e+05,1.06e+05,-25840,16824
1.4177e+05,-4.374e+05,2.2826e+05,53297,-25201,18238
65627,-4.1077e+05,2.784e+05,1.0681e+05,-70700,19659
2.2024e+05,3.8324e+05,-2.6499e+05,32850,-17098,19048
2.0549e+05,-4.7068e+05,-40131,40932,2934.2,16384
2.9534e+05,2.5384e+05,3.3851e+05,21552,12232,21650
4.7552e+05,-1.9094e+05,64582,17603,-827.54,16463
71028,-4.9041e+05,-86066,1.1703e+05,20138,16579
3.6825e+05,-29135,3.6067e+05,16385,-1264.3,22840
4.5148e+05,-1.362e+05,2.1055e+05,17062,-2202.9,17890
1.2874e+05,4.3059e+05,2.4656e+05,57447,30236,18634
5.1355e+05,-53367,-14517,16422,47.773,16340
20199,26449,3.0249e+05,39855,3.7926e+05,1.7118e+05
22717,70601,-3.5161e+05,74848,-3.5501e+05,81050
2.3263e+05,-2.4767e+05,3.8768e+05,23889,-19913,24798
71093,70198,-4.9295e+05,23269,-82880,83308
20199,2.073e+05,2.2186e+05,2.8541e+05,3.0446e+05,23904
2.3103e+05,4.5897e+05,41294,36401,2615.6,16387
4.987e+05,-46879,-1.2603e+05,16406,386.75,16844
4.9611e+05,4453.5,-1.4362e+05,16335,-42.492,17005
3.8137e+05,-3.4791e+05,9738.3,22119,-281.49,16337
32678,-34771,-4.4512e+05,25875,1.9923e+05,1.6299e+05
20948,-1.7626e+05,2.7081e+05,2.2014e+05,-3.3635e+05,29885
51863,3.55e+05,-3.345e+05,1.1893e+05,-1.0995e+05,22343
2.1249e+05,-47147,-4.6703e+05,16734,7821.3,38757
74332,4.9866e+05,505.81,1.135e+05,112.75,16334
3.4802e+05,-3.4728e+05,-1.5733e+05,23088,5224.5,17151
38926,4.6738e+05,-11398,2.1668e+05,-5254.4,16339
1.0141e+05,4.9325e+05,81010,82140,12957,16544
32999,-1.4018e+05,4.2539e+05,81507,-2.3742e+05,51236
4.6515e+05,1.2241e+05,1.8811e+05,16891,1683.2,17540
1.3078e+05,4.3083e+05,2.4533e+05,56642,29571,18604
4.1232e+05,-1.2686e+05,2.8381e+05,17091,-3311.1,19556
3.9319e+05,-77426,3.256e+05,16648,-2617.9,21053
1.1956e+05,-4.9336e+05,-66235,69970,8881.8,16473
73553,4.9809e+05,-20174,1.1461e+05,-4548,16347
1.3607e+05,2.3453e+05,-4.3555e+05,32725,-45634,30947
33726,3.4782e+05,2.87e+05,1.9324e+05,1.5831e+05,21146
91844,-3.5397e+05,-3.5341e+05,66024,61885,22726
2.0066e+05,3.362e+05,3.3467e+05,31949,23491,21496
1.2253e+05,4.8733e+05,99083,67555,12932,16649
1.0917e+05,-3.5239e+05,3.5355e+05,55768,-51153,22635
3.1129e+05,-2.6614e+05,-3.14e+05,21503,10730,20588
1.8598e+05,4.8002e+05,-901.62,45365,-74.162,16334
2.5152e+05,-4.4125e+05,-89329,33037,5053.2,16585
3.4383e+05,-3.4136e+05,1.7811e+05,23030,-5971.6,17404
16629,376.65,-96817,16453,-60803,5.037e+05
17821,-2.018e+05,43540,4.6279e+05,-99725,16709
69946,4.1575e+05,-2.7345e+05,1.0118e+05,-64810,19473
16409,233.37,-49293,16514,-75712,5.0856e+05
1.7604e+05,-4.0432e+05,2.6515e+05,41065,-22670,19063
89099,4.9877e+05,-37281,94437,-6847.5,16378
2.9083e+05,-3.9243e+05,1.6626e+05,27461,-7518.5,17255
17341,-434.66,1.7335e+05,16379,-36196,4.8518e+05
2.582e+05,4.2129e+05,-1.4782e+05,31304,-7993.3,17050
4.1399e+05,-3.0843e+05,11340,20374,-267.66,16338
4.4614e+05,-68449,2.5096e+05,16525,-1395.2,18692
3.1326e+05,-2.5511e+05,3.2114e+05,21077,-10597,20872
45503,-4.7122e+05,-92556,1.8197e+05,35453,16644
3.9794e+05,96221,3.1465e+05,16806,3040.3,20607
5.0149e+05,-84993,-89844,16567,489.5,16587
91927,-2.9531e+05,4.0371e+05,55767,-69696,26882
4.4152e+05,61242,2.6078e+05,16491,1327.3,18927
1.5297e+05,68871,-4.8568e+05,17931,-21515,50243
21785,-3.096e+05,-1.4406e+05,3.512e+05,1.6307e+05,18012
5.0856e+05,25906,86514,16355,141.51,16568
4.5095e+05,32591,-2.496e+05,16377,-652.54,18661
5.0498e+05,1.0622e+05,22450,16692,149.62,16349
1.0864e+05,-1.1842e+05,4.8498e+05,24313,-54630,52173
4.409e+05,-96154,2.5112e+05,16718,-1985,18696
4.015e+05,-2.2863e+05,-2.3055e+05,18800,4647.8,18257
4.4435e+05,-2.4228e+05,-1.0277e+05,18607,1810.7,16668
2.9051e+05,2.5542e+05,3.4145e+05,21765,12708,21795
1.0571e+05,-2.5031e+05,4.3228e+05,42420,-62396,30734
60750,4.2772e+05,2.4727e+05,1.2051e+05,68389,18824
3.773e+05,-3.1596e+05,-1.5615e+05,21313,4346.5,17137
1.5658e+05,-1.0775e+05,4.7753e+05,19863,-28499,44309
1.1728e+05,-4.9733e+05,28313,71829,-3877.8,16359
1.8745e+05,4.5917e+05,-1.3806e+05,43358,-11186,16956
4.439e+05,1.8348e+05,-1.8971e+05,17676,-2669.9,17563
57728,4.9204e+05,-16600,1.4607e+05,-4866.5,16343
72544,1.9411e+05,4.5891e+05,47740,99651,39792
2.2263e+05,2.915e+05,3.6207e+05,26957,21189,22963
1.8417e+05,4.6115e+05,-1.3562e+05,44191,-11220,16933
1.6704e+05,-4.1839e+05,-2.4811e+05,44236,22656,18650
18010,-36904,-2.143e+05,81114,4.5193e+05,94335
61620,4.9449e+05,1578.3,1.3692e+05,430.79,16334
2.2903e+05,1.9579e+05,-4.1824e+05,21512,-19460,27971
1.9902e+05,-4.4815e+05,1.5756e+05,40359,-11865,17157
94164,-4.9699e+05,-56319,89048,9751.5,16435
5.0314e+05,59634,-1.0041e+05,16448,-384.06,16652
1.9104e+05,2.8872e+05,-3.8113e+05,29677,-27307,24308
1.2293e+05,-40220,4.9561e+05,17201,-20826,65171
1.0937e+05,-4.4499e+05,2.2613e+05,69168,-33189,18217
29804,11138,-4.3119e+05,17890,-1.1524e+05,2.5845e+05
1.5057e+05,-4.6707e+05,1.5198e+05,53523,-15794,17100
2.1124e+05,-6294.1,-4.699e+05,16341,1088.7,39923
1.5299e+05,-4.5756e+05,1.768e+05,51778,-18016,17397
4.64e+05,-1.8254e+05,1.3461e+05,17554,-1736.7,16919
36870,-1.8274e+05,-4.2421e+05,91766,2.0628e+05,40731
29176,-69004,4.217e+05,49401,-2.689e+05,95613
30435,-4.2153e+05,-1.0771e+05,2.6862e+05,68385,16857
42972,-4.7455e+05,38423,1.957e+05,-15735,16387
67940,3.2467e+05,-3.7632e+05,82059,-91343,24719
4.575e+05,-2.3924e+05,-13583,18435,224.97,16340
29120,-3.503e+05,-2.4406e+05,2.3791e+05,1.6497e+05,19892
1.9505e+05,2.2127e+05,-4.2212e+05,24750,-26652,28546
1.608e+05,4.3652e+05,-2.1889e+05,47471,-20986,18054
3.9161e+05,-2.96e+05,1.6008e+05,20482,-4031.8,17181
1.0243e+05,-4.9025e+05,-97162,80858,15371,16639
68051,-3.9827e+05,-2.974e+05,99819,72542,20288
1.0007e+05,4.8557e+05,-1.1902e+05,81979,-19297,16799
16338,9.1904,11133,16340,13460,5.1623e+05
31732,3.4022e+05,2.8217e+05,2.0492e+05,1.6887e+05,21193
17611,-1196.9,-1.93e+05,16602,85631,4.7134e+05
65754,4.5701e+05,-1.9345e+05,1.1833e+05,-49136,17711
1.0004e+05,53584,-4.9707e+05,18586,-39252,74119
66532,-4.5854e+05,1.9052e+05,1.1727e+05,-47780,17663
20911,-3.0683e+05,-98459,3.8421e+05,1.2307e+05,17153
3.4692e+05,-78206,3.7417e+05,16745,-3882.5,23723
5.1512e+05,8845.7,36985,16336,20.156,16376
1.4181e+05,4.8406e+05,-95431,58457,-10625,16624
4.6533e+05,37759,2.2086e+05,16388,627.8,18072
1.9077e+05,-4.5765e+05,1.3883e+05,42587,-11018,16963
3.5706e+05,3.5538e+05,-1.128e+05,23058,-3645.9,16739
2.8314e+05,2.6942e+05,-3.3679e+05,22565,-13427,21570
39323,-4.4451e+05,-1.4797e+05,2.0364e+05,67353,17210
32696,21531,-4.4604e+05,20518,-1.5566e+05,2.0543e+05
3.8258e+05,2.2993e+05,2.5951e+05,19062,5716.4,18897
3.3463e+05,-3.5949e+05,-1.5881e+05,23989,5684,17168
46279,4.1287e+05,-2.4744e+05,1.566e+05,-92834,19016
94875,4.6541e+05,-1.8316e+05,82966,-31385,17508
17300,-91125,1.4365e+05,2.6159e+05,-4.1078e+05,30451
23829,3.0974e+05,-2.126e+05,2.9206e+05,-1.9984e+05,19801
3.9284e+05,3.3047e+05,55429,21352,1485.6,16429
1.3019e+05,-4.7511e+05,1.4208e+05,62264,-17338,17000
1.3284e+05,-1.3833e+05,-4.7566e+05,23676,42663,43816
2.7283e+05,1.429e+05,-4.1383e+05,18446,-11532,27383
3.7155e+05,-3.2827e+05,1.4403e+05,21805,-4198.8,17010
1.4618e+05,-4.5165e+05,-1.9591e+05,53346,20970,17672
1.0703e+05,-70751,4.9436e+05,19651,-42445,65523
4.4584e+05,-2.3773e+05,1.0686e+05,18514,-1844.2,16696
4.2524e+05,1.7698e+05,-2.3349e+05,17694,-3450.9,18315
1.453e+05,-4.6226e+05,1.6999e+05,54789,-18357,17311
4.7299e+05,-1.7714e+05,1.0792e+05,17443,-1308.5,16703
68953,-4.2365e+05,-2.605e+05,1.0458e+05,62736,19110
2.7726e+05,2.9531e+05,-3.1947e+05,23885,-13756,20809
1.2742e+05,4.7347e+05,1.4924e+05,63343,18639,17075
4.9088e+05,-1.0189e+05,1.2419e+05,16683,-840.79,16828
4.9282e+05,1.334e+05,78116,16922,677.19,16524
27880,-4.0412e+05,-1.068e+05,2.926e+05,77085,16893
2.5471e+05,-4.0463e+05,-1.9332e+05,30707,10519,17620
4.1193e+05,-88911,2.9842e+05,16711,-2500.4,20020
65190,-4.6316e+05,1.7763e+05,1.2098e+05,-45553,17474
2.0622e+05,-1.8201e+05,-4.3559e+05,21816,22943,30631
99883,-4.4848e+05,2.2095e+05,76114,-35773,18127
1.4083e+05,70537,-4.8854e+05,18293,-25686,53492
1.1006e+05,4.2575e+05,-2.6041e+05,65950,-37863,18986
1.1261e+05,2.7627e+05,4.1526e+05,43672,56460,28022
76335,4.9155e+05,-86045,1.0891e+05,-18635,16577
1.7692e+05,1.8711e+05,-4.4551e+05,23829,-30077,32690
1.822e+05,-4.7178e+05,-95641,45498,8034.8,16624
98760,-4.4822e+05,2.2162e+05,76920,-36319,18141
3.3462e+05,-3.811e+05,-96029,24773,3528.4,16625
30986,4.3497e+05,-52641,2.7032e+05,-32596,16453
1.1735e+05,4.5168e+05,-2.1004e+05,65557,-28593,17914
2.6864e+05,4.3646e+05,58443,31204,3033.3,16440
17217,10399,1.6289e+05,35220,4.3302e+05,2.2726e+05
4.4854e+05,-2.548e+05,-24541,18788,441.93,16353
3.7123e+05,3.4213e+05,-1.081e+05,22223,-3228.2,16705
1.0803e+05,4.9195e+05,-85354,76999,-12758,16567
2.9825e+05,-3.9382e+05,-1.4908e+05,27081,6522.1,17062
75936,-4.869e+05,1.09e+05,1.0848e+05,-23734,16729
2.6692e+05,1.6589e+05,4.0902e+05,19241,13254,26832
4.3696e+05,-2.6693e+05,-67138,19144,1309.9,16474
4.6971e+05,-1.5542e+05,1.4819e+05,17206,-1620.6,17052
53630,3.5963e+05,3.3182e+05,1.1615e+05,1.0505e+05,22123
16609,3184.2,-93518,23776,-3.6872e+05,3.4898e+05
24645,-22285,-3.8571e+05,25609,2.6292e+05,2.1835e+05
3.6086e+05,-3.6908e+05,8794.3,23376,-285.06,16336
1.7292e+05,4.727e+05,1.0648e+05,47732,9493.3,16696
3.1475e+05,-2.1685e+05,-3.4678e+05,19844,10233,22064
94351,4.6175e+05,-1.9224e+05,82791,-33126,17642
1.8286e+05,-2.8735e+05,3.8592e+05,30512,-29234,24700
1.3904e+05,-3.296e+05,-3.6799e+05,42274,40151,23446
20794,-6256.5,-3.1932e+05,18163,1.7725e+05,3.649e+05
4.1934e+05,2.7187e+05,1.3001e+05,19471,2758.3,16878
4.5069e+05,-2.4901e+05,-39841,18664,699.07,16383
3.234e+05,3.2496e+05,2.3706e+05,23170,8502.8,18391
4.8698e+05,-86920,-1.4854e+05,16592,876.4,17055
3.5099e+05,-1.902e+05,3.2729e+05,18583,-7270.8,21129
1.2326e+05,-4.8014e+05,1.2904e+05,66237,-16719,16879
3.0603e+05,-3.5887e+05,-2.0944e+05,25194,8523,17874
3.328e+05,3.4284e+05,-1.9527e+05,23465,-6889,17647
66965,-4.9111e+05,-74270,1.246e+05,18519,16517
3.5129e+05,3.1806e+05,-2.0475e+05,22045,-6400.5,17795
4.7912e+05,-1.8688e+05,-47745,17534,592.15,16404
3.6e+05,-75710,3.6219e+05,16692,-3388.8,22933
18365,75004,-2.2374e+05,1.4683e+05,-4.3259e+05,51104
2.9281e+05,-2.157e+05,-3.6603e+05,20299,12141,23186
3.8824e+05,3.2205e+05,1.1023e+05,21230,2965.1,16720
16341,-14.852,14776,16342,-16380,5.1606e+05
74759,-4.9849e+05,15807,1.128e+05,-3501.9,16342
1.5959e+05,4.8335e+05,71965,52345,7034.6,16497
3.865e+05,1.3548e+05,-3.1441e+05,17310,-4402.7,20598
1.48e+05,-2.17e+05,4.4139e+05,29111,-40572,31986
5.0137e+05,-9407.2,-1.238e+05,16337,75.743,16825
4.6132e+05,1.2266e+05,-1.9717e+05,16902,-1796.1,17674
5.0238e+05,-1.0571e+05,56739,16692,-380.25,16434
40076,-52348,-4.6733e+05,28508,1.7095e+05,1.2062e+05
2.1896e+05,85814,4.5856e+05,17550,12547,35861
2.4348e+05,-4.426e+05,-1.0339e+05,33947,6094.3,16673
1.5348e+05,-4.838e+05,80139,54298,-8180.1,16537
95809,45381,4.9807e+05,18123,37335,79366
1.9824e+05,1.0704e+05,-4.6314e+05,18577,-18240,37420
49519,-419.88,4.8537e+05,16335,-1523.2,1.7037e+05
2.1427e+05,-4.1193e+05,2.2343e+05,35477,-15164,18129
2.8925e+05,-4.2725e+05,3230.3,29168,-151.37,16334
4.9544e+05,97143,-1.0898e+05,16645,-692.06,16711
39823,3.6752e+05,2.9244e+05,1.6609e+05,1.3089e+05,20835
1.9872e+05,-1.962e+05,-4.3276e+05,22993,25120,30162
3.5625e+05,2.2859e+05,-2.9552e+05,19413,-7330.5,19926
1.4296e+05,37632,4.9166e+05,16898,14484,57049
4.1113e+05,-1303.1,3.1244e+05,16334,-39.407,20521
4.2134e+05,2.9042e+05,69254,19843,1525.6,16483
1.2496e+05,2.7645e+05,-4.1288e+05,39942,-49678,27612
3.5653e+05,2.7314e+05,2.5453e+05,20585,7103.7,18778
3.5602e+05,-2.9874e+05,2.2474e+05,21332,-6639,18146
60925,-4.8314e+05,-1.0369e+05,1.3544e+05,28644,16701
1.2003e+05,-2.8564e+05,-4.0759e+05,42502,51689,27015
3.5647e+05,3.7282e+05,20977,23648,695.79,16348
24057,-2.0305e+05,-3.1978e+05,1.885e+05,2.9463e+05,30390
54570,-4.0482e+05,2.7623e+05,1.2804e+05,-85947,19723
3.442e+05,-3.5206e+05,-1.5507e+05,23378,5270.8,17126
4.247e+05,2.2873e+05,-1.8436e+05,18555,-3366.6,17488
2.5545e+05,-3.2314e+05,3.1033e+05,26372,-15611,20457
1.0844e+05,77445,4.9321e+05,20150,44004,63066
4.3937e+05,-2.6709e+05,48155,19119,-931.04,16406
4.7413e+05,-55271,1.9722e+05,16445,-787.63,17675
4.1449e+05,-2.9793e+05,-78016,20121,1796.7,16524
81235,-4.6998e+05,1.697e+05,97844,-34344,17338
3.0809e+05,-1.5454e+05,-3.8408e+05,18279,9152.9,24471
4.1885e+05,2.851e+05,-99736,19764,-2191.4,16648
3.877e+05,-1.8696e+05,-2.8519e+05,18137,5227.4,19598
2.1682e+05,2.5098e+05,-3.944e+05,25026,-22575,25397
31793,1.5116e+05,-4.1567e+05,91980,-2.4496e+05,47125
4.8034e+05,1.7646e+05,-69936,17403,-820.97,16486
3.9023e+05,3.299e+05,74080,21397,2004.7,16505
3.1183e+05,4.0079e+05,92026,26623,3811.8,16600
1.7613e+05,1.6409e+05,-4.5478e+05,22369,-28941,34979
2.2015e+05,-1.1367e+05,-4.5189e+05,18394,15458,34032
1.9763e+05,4.7278e+05,51619,42476,3951.9,16417
2.3835e+05,-2.8056e+05,-3.6095e+05,25263,18914,22887
1.4194e+05,-4.8665e+05,-80993,58695,9012,16541
1.939e+05,2.7462e+05,-3.9007e+05,28387,-26971,25037
3.1988e+05,-2.6916e+05,-3.0265e+05,21359,9970.6,20170
78786,3.5052e+05,-3.5571e+05,76059,-73624,22997
1.6358e+05,-4.2196e+05,2.4413e+05,45387,-22858,18562
3.2896e+05,-3.6529e+05,-1.5735e+05,24425,5815.9,17151
53742,4.6415e+05,-1.5523e+05,1.4897e+05,-49224,17213
3.6638e+05,2.1107e+05,2.9623e+05,18855,6604.1,19949
2.5878e+05,-2.6213e+05,-3.61e+05,23273,16264,22882
2.2708e+05,-3.5356e+05,-2.9852e+05,30281,18128,20041
24112,3960,-3.7952e+05,16736,-76154,3.4149e+05
2.1787e+05,-4.5293e+05,-1.1381e+05,37768,7715.1,16748
18820,215.07,-2.5641e+05,16338,-10303,4.4817e+05
2.1308e+05,2.1041e+05,-4.1931e+05,22989,-22686,28133
31402,3.8231e+05,-2.1848e+05,2.3342e+05,-1.3273e+05,18802
37280,4.4926e+05,-1.1237e+05,2.1958e+05,-54621,16834
3.9282e+05,-67405,3.2827e+05,16573,-2312.4,21168
3.7004e+05,-3.0089e+05,1.9769e+05,21061,-5514.1,17683
3.2771e+05,-2.6877e+05,-2.9457e+05,21136,9329.5,19897
2.62e+05,4.4341e+05,27856,32156,1498.9,16358
3.3262e+05,-3.9189e+05,-47033,25260,1763.9,16402
1.5185e+05,-80792,4.8414e+05,18526,-24715,48987
2.2226e+05,-4.2366e+05,1.9168e+05,35233,-12515,17598
3.8657e+05,1.2487e+05,3.1869e+05,17167,4146.3,20767
4.9926e+05,-1.3046e+05,22435,16883,-185.76,16349
5.1325e+05,-36784,44882,16376,-102.21,16396
4.6184e+05,12841,-2.308e+05,16340,-227.15,18261
5.1348e+05,-45297,-32880,16398,92.001,16367
4.0321e+05,-40442,-3.2002e+05,16416,1295.9,20820
4.9221e+05,-1.5609e+05,-11593,17137,116.41,16338
1.8202e+05,-96148,4.7175e+05,18489,-19916,40950
1.8063e+05,-3.8023e+05,2.9612e+05,38195,-24305,19976
24357,-9287.9,3.8262e+05,18366,-1.5814e+05,3.0807e+05
93408,4.4746e+05,-2.2353e+05,81131,-38887,18185
46737,4.6802e+05,-1.1512e+05,1.7534e+05,-42752,16817
4.6457e+05,2.2516e+05,-14555,18153,-223.44,16341
2.7507e+05,-4.2847e+05,-82911,30273,4152.6,16549
1.3418e+05,3.7558e+05,-3.2256e+05,48874,-37286,21015
2.0374e+05,-3.2882e+05,3.4018e+05,31085,-23279,21760
3.1006e+05,-1.0695e+05,-3.9843e+05,17281,6862.2,25719
1.8562e+05,4.5612e+05,1.4999e+05,43479,12279,17076
1.4016e+05,-4.8429e+05,96217,59125,-10850,16629
2.5621e+05,-4.155e+05,1.6644e+05,31166,-9055.2,17258
1.4095e+05,4.9055e+05,54561,59518,6121.4,16427
2.2244e+05,-2.3396e+05,-4.0176e+05,23739,21465,26097
3.5282e+05,64568,-3.7127e+05,16606,-3100.7,23521
4.9477e+05,-20721,1.4681e+05,16348,-203.02,17037
1.4374e+05,2.3259e+05,4.3458e+05,31217,42357,30711
4.5116e+05,1.6009e+05,1.9377e+05,17333,2348.9,17623
2.4496e+05,1.081e+05,-4.4067e+05,17860,-11912,31499
2.5603e+05,-3.5574e+05,2.718e+05,27999,-14112,19224
94632,-4.3895e+05,2.3976e+05,78635,-41098,18519
4.7436e+05,1.3172e+05,1.5614e+05,16953,1440.1,17137
2.7594e+05,-4.1953e+05,-1.1825e+05,29760,5861.5,16781
4.6642e+05,-2.1878e+05,-36379,18044,541.63,16375
1.245e+05,4.9513e+05,-42707,67530,-5484,16391
1.9979e+05,-1.7728e+05,-4.4039e+05,21869,24021,31540
92062,-3.2716e+05,3.7837e+05,61201,-65739,24459
1.1541e+05,-4.9395e+05,66446,72483,-9255.2,16474
5.1379e+05,34550,40249,16371,85.936,16384
60640,4.9033e+05,-60062,1.3811e+05,-16681,16454
4.2924e+05,2.4874e+05,1.4339e+05,18882,2739.2,17003
4.7141e+05,-1.0404e+05,1.8355e+05,16728,-1372.2,17476
3.5876e+05,-2.7977e+05,-2.4399e+05,20722,6842.8,18537
1.1507e+05,-4.8184e+05,-1.2758e+05,70999,17803,16868
3.9692e+05,-3.1515e+05,98742,20863,-2530.1,16641
53607,3.1056e+05,3.7812e+05,1.0069e+05,1.1936e+05,25532
32946,4.1845e+05,1.5908e+05,2.3944e+05,90603,17469
3.6009e+05,-3.4761e+05,-1.2658e+05,22714,3994.1,16849
3.5868e+05,-2.9874e+05,-2.2049e+05,21267,6436.5,18066
1.0254e+05,-4.8701e+05,1.1229e+05,80259,-17738,16745
2.338e+05,4.3104e+05,1.5909e+05,34324,9799.6,17173
32112,3.1713e+05,-3.1054e+05,1.8807e+05,-1.8277e+05,22819
3.7404e+05,-2.6672e+05,2.3562e+05,20068,-5983.2,18360
4.7075e+05,-1.3209e+05,1.664e+05,16966,-1561.6,17255
1.5133e+05,-2.7952e+05,-4.0364e+05,34464,38589,26423
3.8671e+05,-3.348e+05,70383,21613,-1948.6,16488
4.1187e+05,-1.01e+05,2.9463e+05,16819,-2787,19894
3.0815e+05,-4.1259e+05,33690,27321,-1433.5,16369
1.3928e+05,4.8267e+05,1.0503e+05,59290,11923,16688
4.1725e+05,3.0417e+05,6217.8,20219,143.56,16335
2.6412e+05,4.2201e+05,1.349e+05,30831,7089.1,16924
5.0063e+05,1.0817e+05,-66715,16711,-460.17,16472
2.101e+05,-3.9994e+05,2.4771e+05,35205,-17111,18631
42257,-3.5733e+05,-3.1263e+05,1.5065e+05,1.3026e+05,21648
2.3862e+05,-1.6072e+05,-4.2784e+05,19708,16426,29304
32283,4.147e+05,-1.6046e+05,2.4381e+05,-93911,17509
16686,-142.39,1.0543e+05,16348,-21099,5.052e+05
2.4851e+05,-3.8422e+05,-2.3777e+05,30122,13159,18410
4.6824e+05,1.7188e+05,1.3397e+05,17401,1612.2,16913
3.6229e+05,-3.4823e+05,-1.1834e+05,22667,3703.2,16781
2.4842e+05,3.9258e+05,2.2379e+05,30594,12469,18132
60570,3.9223e+05,-3.0025e+05,1.1105e+05,-83169,20488
2.7104e+05,2.4123e+05,3.6667e+05,21884,14733,23234
4.4374e+05,-2.6417e+05,3237.4,19013,-61.032,16334
2.1708e+05,2.649e+05,-3.8505e+05,25814,-22499,24593
45174,3.4918e+05,-3.2896e+05,1.364e+05,-1.2666e+05,22365
3.3151e+05,-3.7922e+05,-1.1275e+05,24835,4189.8,16739
4.0952e+05,1.4048e+05,2.8142e+05,17270,3647.7,19486
16622,50328,-81360,2.6739e+05,-4.3064e+05,31007
2.9438e+05,-23787,4.2311e+05,16387,-1896.7,28567
1.7182e+05,-3.6736e+05,3.1652e+05,38698,-27402,20726
1.8367e+05,-4.7457e+05,-77522,45412,6458.4,16523
93648,-2.7776e+05,4.1597e+05,51842,-69929,28386
27648,3.7776e+05,-1.7457e+05,2.771e+05,-1.2761e+05,17988
1.4523e+05,1.8631e+05,4.5595e+05,26674,40800,35574
39877,4.2153e+05,-2.0742e+05,1.8997e+05,-92786,18191
24469,-3.7613e+05,78167,3.376e+05,-69997,16682
29648,32674,-4.2911e+05,27057,-2.2584e+05,1.7179e+05
2.1651e+05,-4.6502e+05,49334,38790,-3385.5,16409
28852,-1.8691e+05,3.8182e+05,1.2941e+05,-2.6013e+05,36910
2.5948e+05,2.391e+05,3.7618e+05,22231,16095,23890
1.3027e+05,-2.7906e+05,-4.0991e+05,38866,47007,27217
4.0467e+05,3.0499e+05,-99270,20460,-2414.9,16645
2.0733e+05,-4.7119e+05,-20137,40662,1457.3,16347
1.1657e+05,-3.8712e+05,-3.1365e+05,57170,42538,20679
1.1146e+05,1.8616e+05,-4.6288e+05,32053,-59003,38574
26176,-4.0147e+05,-36268,3.2101e+05,28924,16400
50106,-4.7901e+05,82153,1.6598e+05,-28191,16570
3.8967e+05,3.3022e+05,75582,21418,2051.1,16512
5.0703e+05,62215,-76420,16457,-300.14,16516
3.0502e+05,-2.1566e+05,-3.5603e+05,20014,11033,22575
4.6254e+05,-1.9044e+05,1.2853e+05,17666,-1730.1,16865
4.2543e+05,-1.3126e+05,-2.6163e+05,17095,2965.6,18949
1.1839e+05,-4.9657e+05,37248,71074,-5049.6,16377
46342,4.7994e+05,-37797,1.815e+05,-14178,16384
2.2559e+05,-4.3382e+05,-1.6303e+05,35477,10506,17219
4.5719e+05,-24164,2.3899e+05,16357,-451.21,18428
1.1449e+05,-4.5089e+05,2.1266e+05,67011,-29728,17962
23150,2.216e+05,-2.9086e+05,2.2125e+05,-2.8881e+05,26906
5.036e+05,-83982,78236,16560,-417.84,16525
2.6377e+05,-4.1213e+05,1.6314e+05,30342,-8530.2,17219
3.7357e+05,33377,3.548e+05,16399,1383.2,22495
3.828e+05,-3.4569e+05,23357,22018,-668.91,16351
1.6228e+05,-1.5068e+05,4.6403e+05,22342,-32030,38009
31303,-4.2559e+05,-1.1097e+05,2.6084e+05,67742,16878
1.8958e+05,3.0148e+05,3.7183e+05,30766,27250,23627
4.4166e+05,-1.6324e+05,-2.1211e+05,17415,2723,17917
4.9533e+05,-1.3683e+05,51946,16946,-456.58,16417
2.8648e+05,-3.6536e+05,2.2504e+05,26498,-10120,18154
80344,508.46,-4.9958e+05,16334,-670.47,1.0501e+05
2.7493e+05,4.1854e+05,1.2395e+05,29788,6169.2,16827
18895,-2.5613e+05,-41576,4.4076e+05,71448,16548
3.4409e+05,2.8269e+05,-2.6107e+05,21149,-7881.4,18937
1.2419e+05,-4.9595e+05,32539,67796,-4189.9,16367
67276,4.9177e+05,-70513,1.2416e+05,-17494,16498
50211,-4.5926e+05,-1.5934e+05,1.5884e+05,54526,17279
1.0825e+05,4.8079e+05,1.346e+05,75182,20055,16933
66564,-4.5241e+05,-2.0469e+05,1.1568e+05,51293,17898
63756,4.8523e+05,-1.0021e+05,1.2964e+05,-26349,16673
1.1651e+05,-38569,4.9675e+05,17223,-22301,68675
1.4537e+05,-1.3818e+05,4.7273e+05,22604,-36950,41939
4.6757e+05,-1.2411e+05,1.8088e+05,16900,-1623.1,17440
1.1989e+05,-4.7112e+05,1.6058e+05,66819,-21414,17203
92774,4.9301e+05,84439,89678,14850,16564
1.2848e+05,4.6447e+05,-1.7469e+05,61734,-21594,17375
1.16e+05,4.1521e+05,2.7555e+05,61271,37772,19389
1.985e+05,-4.7516e+05,-9210.1,42497,702.05,16337
98517,4.0967e+05,2.867e+05,70787,46900,19761
3.6175e+05,3.4938e+05,-1.166e+05,22719,-3663.2,16768
1.5637e+05,2.9995e+05,3.8695e+05,35487,36081,24834
2.2523e+05,-4.4854e+05,1.1726e+05,36477,-7623.9,16774
66344,-4.7466e+05,1.4559e+05,1.2167e+05,-36647,17072
4.2773e+05,-2.8588e+05,-44721,19651,950.16,16396
3.7193e+05,-2.9198e+05,2.0727e+05,20774,-5629.7,17836
2.7102e+05,4.0542e+05,1.6817e+05,29428,8446.2,17279
3.9765e+05,2.2783e+05,-2.3787e+05,18829,-4864.4,18406
2.0665e+05,-2.8918e+05,3.7293e+05,28152,-24084,23688
30449,4.3411e+05,30130,2.7642e+05,19118,16373
24695,3.7267e+05,1.0416e+05,3.2906e+05,91745,16958
3.187e+05,-2.4916e+05,3.205e+05,20744,-10139,20846
1.7166e+05,-7871.8,4.8489e+05,16351,-2132.7,49096
86402,-3.441e+05,-3.6285e+05,68230,67825,23377
2.0466e+05,-4.7272e+05,4007.9,41223,-294.63,16335
4.6026e+05,1.7318e+05,-1.5781e+05,17453,-1974.6,17155
1.3037e+05,-35081,4.9462e+05,16924,-16352,62461
29945,10559,-4.3206e+05,17721,-1.0904e+05,2.597e+05
1.3386e+05,4.6126e+05,1.8003e+05,59014,21269,17445
2.2358e+05,3.4355e+05,-3.1245e+05,30002,-19198,20544
55160,4.8911e+05,-37474,1.5251e+05,-11551,16381
3.3866e+05,-2.3336e+05,3.1192e+05,19844,-8553.1,20506
2.5124e+05,-4.4806e+05,45379,33450,-2580,16398
2.4084e+05,3.6104e+05,2.7836e+05,29481,15752,19409
2.8114e+05,-3.8538e+05,-1.9648e+05,27746,9243.1,17667
1.6666e+05,1.5984e+05,-4.5954e+05,22685,-31405,36451
26641,1181,-4.0751e+05,16360,-17719,3.1619e+05
3.5399e+05,2.9692e+05,2.3027e+05,21328,6839.7,18252
4.1369e+05,2.1323e+05,2.237e+05,18379,4052.3,18125
4.8164e+05,1.7845e+05,54164,17420,638.88,16425
1.1387e+05,-4.3274e+05,2.4769e+05,64815,-34742,18672
4.7261e+05,-1.9892e+05,-61812,17723,829.65,16452
5.1488e+05,13846,-38735,16340,-33.067,16380
18496,1.9776e+05,1.3978e+05,3.7262e+05,2.6287e+05,19996
4.8557e+05,1.159e+05,-1.3249e+05,16793,-1035.8,16900
2.504e+05,-4.5031e+05,-21390,33665,1222.7,16348
65466,4.2703e+05,-2.5262e+05,1.1123e+05,-64381,18925
4.5412e+05,-2.3931e+05,56795,18466,-953.45,16434
2.7209e+05,2.4261e+05,-3.6499e+05,21902,-14623,23125
4.5869e+05,-27260,-2.3577e+05,16363,498.71,18361
3.4159e+05,3.1285e+05,2.2781e+05,22161,7370.6,18205
1.2629e+05,-36510,-4.953e+05,17014,18082,64136
98486,-4.829e+05,1.2977e+05,82840,-21396,16891
1.7527e+05,4.5011e+05,1.7728e+05,45187,15471,17401
3.8986e+05,3.3853e+05,2851.1,21641,78.43,16334
29559,-36806,-4.2821e+05,29365,2.3594e+05,1.5877e+05
3.2945e+05,1.18e+05,-3.7941e+05,17353,-6357.6,24106
4.3686e+05,-1.6878e+05,-2.1761e+05,17512,2936.1,18013
3.1005e+05,1.2771e+05,3.9229e+05,17669,7891.3,25156
1.0767e+05,-4.8891e+05,1.0148e+05,76793,-15218,16667
30743,3.9372e+05,1.8918e+05,2.4746e+05,1.1838e+05,18114
3.9392e+05,-2.9907e+05,-1.4831e+05,20515,3723.9,17053
3.317e+05,2.8819e+05,-2.7081e+05,21649,-8762.9,19191
55783,4.3505e+05,-2.2762e+05,1.3422e+05,-69188,18405
32694,1.6364e+05,-4.1548e+05,95782,-2.3611e+05,44007
1.0092e+05,-4.9826e+05,40328,83339,-6486.1,16385
1.136e+05,4.1476e+05,-2.768e+05,62435,-38816,19429
1.3979e+05,3.74e+05,-3.225e+05,46937,-35571,21004
1.1747e+05,3.3554e+05,3.6813e+05,49864,48837,23526
95683,-5.001e+05,6049.2,88170,-1029.9,16335
1.2616e+05,-4.3071e+05,2.4732e+05,58563,-31012,18653
2.413e+05,4.5564e+05,3981.4,34964,238.84,16335
58290,-4.9213e+05,-22938,1.4459e+05,6653,16352
3.0324e+05,2.8174e+05,3.0816e+05,22311,11324,20369
4.4428e+05,1.6833e+05,-2.0244e+05,17469,-2640.3,17757
3.2967e+05,-1.6833e+05,-3.5972e+05,18345,8123,22787
3.1647e+05,-4.0718e+05,20274,26639,-827.72,16347
88393,92966,4.9143e+05,23924,67513,65167
2.107e+05,3.4584e+05,3.1853e+05,31463,21169,20788
4.2493e+05,2.9048e+05,41567,19790,902.8,16387
1.6113e+05,4.7172e+05,1.2585e+05,50767,12142,16847
3.1221e+05,-3.0069e+05,-2.8009e+05,22693,10186,19451
4.9483e+05,-95913,1.1279e+05,16638,-709.21,16738
1.5154e+05,-2.6056e+05,4.1607e+05,32631,-39050,27868
90411,-2.5309e+05,4.3143e+05,49275,-74766,30933
2.0553e+05,4.7212e+05,-15627,41032,-1142.9,16342
2.1648e+05,-37272,-4.6615e+05,16576,6001.2,38404
1.3955e+05,4.7662e+05,-1.295e+05,58499,-14655,16881
97303,-2.709e+05,4.2035e+05,48937,-67473,28941
2.7807e+05,3.1024e+05,-3.0426e+05,24496,-13342,20231
72446,-4.1495e+05,-2.7582e+05,97407,62926,19529
1.4749e+05,4.9196e+05,3711.4,57203,396.35,16334
2.2139e+05,-2.7148e+05,-3.7802e+05,25888,21696,24045
3.2307e+05,-3.313e+05,2.2858e+05,23411,-8289.5,18220
3.7978e+05,-87928,3.3854e+05,16767,-3290.1,21642
1.8394e+05,4.5661e+05,1.5045e+05,43863,12448,17081
84092,-4.7644e+05,1.5144e+05,95744,-29548,17116
2.4058e+05,-3.2606e+05,-3.1882e+05,27553,17473,20790
17432,1.4824e+05,-1.0271e+05,3.9792e+05,-2.7526e+05,19867
4.0553e+05,-2.1466e+05,2.3685e+05,18484,-4469.4,18384
54133,-4.1012e+05,-2.6767e+05,1.3082e+05,84052,19460
4.6238e+05,1.5736e+05,1.6785e+05,17255,1912.6,17273
2.6203e+05,1.1423e+05,4.2933e+05,17824,10734,29507
1.0978e+05,-1.682e+05,-4.6991e+05,30120,59404,41676
22788,3.5835e+05,-32552,3.6872e+05,-33428,16401
3.3454e+05,-3.8973e+05,51253,25095,-1902,16415
2.3263e+05,-4.341e+05,1.5228e+05,34647,-9453.1,17098
77677,-4.1741e+05,-2.7387e+05,91255,57956,19442
2.3383e+05,-4.092e+05,2.0891e+05,32983,-12709,17869
5.1507e+05,35095,-16295,16372,-35.163,16342
4.5154e+05,-33918,-2.4835e+05,16380,673.81,18632
4.7963e+05,51733,-1.845e+05,16429,-674.6,17489
45898,2.5044e+05,-4.1043e+05,96758,-1.5405e+05,31031
43740,-2.0107e+05,4.3303e+05,82573,-1.7088e+05,38156
4.9857e+05,32247,1.3101e+05,16368,277.33,16887
4.8715e+05,24780,-1.6982e+05,16355,-289.6,17297
2.7028e+05,-4.3891e+05,20063,31192,-1034.9,16346
64083,-3.661e+05,3.3406e+05,97873,-86822,21972
1.0526e+05,-4.4613e+05,2.2479e+05,71956,-34387,18195
55928,4.2834e+05,2.4022e+05,1.3182e+05,72789,18693
3.2212e+05,2.4446e+05,-3.2071e+05,20515,-9851.9,20854
3.5481e+05,-2.9208e+05,2.3516e+05,21166,-6892.3,18351
2.6091e+05,-4.4323e+05,-38685,32245,2092.2,16380
3.5618e+05,3.5001e+05,1.309e+05,22913,4214.2,16886
3.702e+05,2.2662e+05,-2.7953e+05,19156,-6450.1,19432
3.006e+05,-3.3268e+05,-2.5544e+05,24384,10321,18802
2.9908e+05,4.2021e+05,-15873,28197,-707.7,16342
16372,-35185,-3644.4,5.1257e+05,53038,16421
4.7748e+05,1.9499e+05,-27333,17645,-353.89,16357
58081,-4.8271e+05,-97883,1.424e+05,28496,16662
4.5803e+05,-2.3587e+05,-36144,18375,590.79,16374
3.0716e+05,-3.3545e+05,-2.4381e+05,24206,9581.9,18535
1.7274e+05,4.7787e+05,80523,48241,7196.8,16538
2.5155e+05,4.5012e+05,7539.2,33536,428.46,16336
1.427e+05,-3.5337e+05,3.44e+05,43871,-36788,22013
3.4802e+05,3.6385e+05,-1.1391e+05,23645,-3869.8,16747
3.4179e+05,3.843e+05,-44183,24594,-1580.4,16394
98812,4.2921e+05,-2.565e+05,73771,-41924,18905
18469,-2.3801e+05,37254,4.5134e+05,-70554,16533
4.7277e+05,-2.0203e+05,-49172,17765,668.31,16409
3.697e+05,-3.3239e+05,1.3923e+05,21975,-4118.9,16963
16448,60595,-3301.9,5.1219e+05,-27881,16358
4.1256e+05,-2.7351e+05,-1.4709e+05,19602,3222,17041
4.0472e+05,-2.0859e+05,-2.4357e+05,18379,4510.2,18527
2.6139e+05,4.4418e+05,20145,32252,1087.5,16346
4.507e+05,2.5214e+05,-2957.4,18719,-52.39,16334
4.624e+05,-2.2345e+05,-54688,18143,841.5,16426
50341,4.4351e+05,-1.9936e+05,1.5301e+05,-67994,17891
3.0227e+05,-4.0948e+05,85152,27529,-3709.4,16561
86101,-4.5578e+05,-2.057e+05,89567,39079,17870
25766,3.0815e+05,-2.5343e+05,2.5311e+05,-2.073e+05,21131
2.3276e+05,4.112e+05,2.0614e+05,33220,12628,17823
3.5565e+05,-3.694e+05,-59701,23564,1978.4,16444
18477,-2.2092e+05,97097,4.1807e+05,-1.8346e+05,17840
3.6975e+05,1.9476e+05,-3.0315e+05,18465,-6252,20184
1.3572e+05,4.9104e+05,-60524,61728,-7075.7,16449
1.5832e+05,3.7116e+05,-3.1843e+05,41821,-30407,20814
3.8226e+05,98928,3.3267e+05,16873,3567.7,21366
16741,-45405,1.0367e+05,2.0274e+05,-4.5988e+05,40603
1.1857e+05,2.704e+05,4.1812e+05,41004,53343,28346
2.2185e+05,-4.2928e+05,-1.7922e+05,35655,11761,17422
1.779e+05,4.6047e+05,-1.454e+05,45492,-12513,17029
23051,-19311,3.6359e+05,25355,-2.7927e+05,2.3579e+05
18823,169.45,-2.5655e+05,16337,-8111.9,4.4814e+05
1.005e+05,4.4053e+05,-2.3632e+05,74378,-37975,18436
1.2099e+05,4.0533e+05,-2.8857e+05,57590,-37702,19778
3.2754e+05,-3.4553e+05,1.9931e+05,23758,-7226.6,17709
3.0219e+05,-4.1812e+05,12211,27912,-536.01,16339
5.0439e+05,67744,-88235,16481,-380.75,16578
3.596e+05,-2.5318e+05,-2.7038e+05,19983,7082.5,19178
1.6122e+05,-4.4274e+05,2.0573e+05,47956,-19699,17825
3.0073e+05,1.6577e+05,-3.8518e+05,18658,-10126,24561
1.8686e+05,4.3906e+05,-1.9324e+05,41847,-15612,17624
1.3106e+05,4.7588e+05,-1.3888e+05,61967,-16828,16969
4.9541e+05,1.4607e+05,-3635.9,17030,-33.938,16334
2.5128e+05,-2.7494e+05,-3.5666e+05,24239,17166,22625
93183,4.9918e+05,-31679,90366,-5547.4,16366
3.5246e+05,1.6374e+05,3.3979e+05,18014,6647.5,21705
1.5733e+05,1.4113e+05,-4.6853e+05,21996,-32755,39822
4.6535e+05,1.8171e+05,1.3103e+05,17537,1674.9,16887
4.1172e+05,3.0553e+05,61525,20346,1456.4,16451
1.7588e+05,3.2052e+05,3.6208e+05,34066,29637,23000
73728,4.7492e+05,1.5163e+05,1.0913e+05,34060,17129
4.5388e+05,-96358,-2.2678e+05,16699,1697,18183
4.9065e+05,-21111,1.5996e+05,16349,-229.16,17180
3.1621e+05,-27826,4.0693e+05,16397,-1847.5,26578
50197,-3.1993e+05,-3.6598e+05,1.113e+05,1.2458e+05,24666
3.7485e+05,-1.9366e+05,2.9756e+05,18389,-5961.7,19993
3.2249e+05,-3.0921e+05,-2.584e+05,22643,9075.5,18872
2.0176e+05,-4.7393e+05,-2169,41817,162.18,16334
4.1222e+05,-77113,3.0129e+05,16618,-2198.5,20117
4.3984e+05,2.3685e+05,-1.3091e+05,18555,-2307.9,16886
3.0899e+05,-22408,4.1273e+05,16377,-1582.5,27233
3.3888e+05,-3.517e+05,-1.6708e+05,23555,5808.9,17264
2.1989e+05,4.3741e+05,1.6098e+05,36448,10720,17195
1.1087e+05,4.7321e+05,1.583e+05,72354,22971,17180
1.5879e+05,-4.2321e+05,-2.4479e+05,46714,23716,18578
2.3141e+05,-1.8204e+05,4.2314e+05,20802,-18541,28628
23184,3.0937e+05,-1.9594e+05,3.0756e+05,-1.9424e+05,19327
91391,3.0569e+05,-3.9591e+05,57881,-68995,26052
2.0174e+05,4.6655e+05,83352,41270,6218.2,16552
3.5533e+05,-47001,3.7153e+05,16477,-2244.3,23539
19398,2.7735e+05,-24403,4.3327e+05,-38068,16397
3.886e+05,-3.2104e+05,1.1189e+05,21195,-2999.7,16732
4.2144e+05,-2.5377e+05,1.5702e+05,19071,-3143.4,17147
1.4698e+05,4.8783e+05,-64737,56946,-6935.2,16465
2.4265e+05,-4.549e+05,-6903.1,34767,411.14,16335
3.5304e+05,-1.1944e+05,3.572e+05,17245,-5307.2,22635
43939,3.9793e+05,-2.6442e+05,1.6018e+05,-1.0533e+05,19580
1.661e+05,-4.7555e+05,1.0366e+05,49750,-9675,16677
2.4003e+05,2.1915e+05,-4.0024e+05,22142,-18430,25930
1.6821e+05,-4.6293e+05,1.4818e+05,48029,-13595,17058
2.6266e+05,-4.1785e+05,1.4983e+05,30735,-7907.8,17071
4.8328e+05,39827,1.7782e+05,16389,494.18,17399
2.5017e+05,-3.3393e+05,3.0305e+05,27280,-15882,20193
1.524e+05,-4.7878e+05,1.0746e+05,54134,-11044,16704
63832,4.9516e+05,18526,1.3208e+05,4866.3,16345
1.0861e+05,11464,-4.991e+05,16427,-8060.4,77241
68979,3.6353e+05,3.3941e+05,90094,81352,22175
3.2557e+05,-3.7892e+05,1.2968e+05,25083,-4943.9,16876
3.2792e+05,-3.9848e+05,9203.8,25725,-354.62,16337
2.2615e+05,-4.451e+05,1.2811e+05,36135,-8275.6,16864
2.3723e+05,4.3615e+05,1.389e+05,34248,8425.9,16962
4.2585e+05,-85396,2.7935e+05,16660,-2109.8,19425
1.6565e+05,4.538e+05,-1.7635e+05,47842,-16425,17390
3.8157e+05,-2.665e+05,2.2351e+05,19930,-5486.9,18122
21053,3.0421e+05,-1.1613e+05,3.7443e+05,-1.4267e+05,17482
80164,2.7034e+05,-4.2009e+05,58587,-83965,29342
1.6067e+05,2.3438e+05,4.2844e+05,28991,36172,29586
1.2569e+05,-4.5243e+05,2.0511e+05,61506,-25917,17826
2.4011e+05,-4.5548e+05,26723,35090,-1612.6,16356
2.4839e+05,1.9681e+05,4.068e+05,20857,16671,26601
5.1234e+05,-33090,56621,16368,-116.46,16433
2.5988e+05,-3.6167e+05,-2.6014e+05,28028,13313,18920
3.038e+05,4.1551e+05,36776,27701,1599.3,16376
1.6326e+05,3.008e+05,-3.8374e+05,34374,-33951,24556
95598,-2.6691e+05,-4.2296e+05,49083,69166,29370
2.9454e+05,-2.4717e+05,3.441e+05,21337,-12296,21928
4.0712e+05,51055,-3.135e+05,16462,-1567.6,20562
1.0055e+05,2.8505e+05,-4.1068e+05,49689,-63853,27582
61668,3.9611e+05,-2.9605e+05,1.1002e+05,-80417,20311
2.2814e+05,-4.5438e+05,-84791,36478,5442.2,16560
4.2799e+05,-2.1397e+05,-1.9421e+05,18264,3318.7,17630
82086,-3.7355e+05,3.32e+05,77587,-65900,21638
1.2447e+05,1.99e+05,-4.5539e+05,30996,-51234,35720
4.579e+05,1.9152e+05,1.4274e+05,17707,1967,16997
84736,-4.9082e+05,-95217,97795,18442,16630
1.6438e+05,4.5085e+05,-1.8479e+05,47893,-17346,17504
1.3648e+05,-4.9071e+05,-61847,61365,7186.2,16454
1.9175e+05,-4.3612e+05,-1.9536e+05,40707,15298,17655
3.4144e+05,40350,3.8503e+05,16448,2166.7,24539
4.3313e+05,-85021,2.6806e+05,16646,-1949.9,19114
85910,-3.9706e+05,3.0395e+05,78611,-57579,20406
2.9369e+05,3.832e+05,1.8205e+05,26878,8053.3,17458
31598,3.5764e+05,2.5858e+05,2.1659e+05,1.5571e+05,20137
30456,3.7155e+05,-2.266e+05,2.3666e+05,-1.4365e+05,19120
32675,-2.4934e+05,3.7035e+05,1.4484e+05,-2.124e+05,29119
82144,4.559e+05,2.0476e+05,93931,40913,17860
4.1869e+05,2.617e+05,1.5122e+05,19266,3131,17084
3.2237e+05,84934,-3.9401e+05,16893,-5098.8,25306
16337,9867,2415.9,5.0163e+05,1.2269e+05,16816
3.1501e+05,2.1914e+05,-3.451e+05,19906,-10242,21976
2.4921e+05,-28396,4.5056e+05,16440,-3357.5,33636
16380,-1098.5,38845,21876,-3.4231e+05,3.8458e+05
1.8704e+05,-12768,-4.7947e+05,16372,2873.7,45003
40572,2.9504e+05,3.676e+05,1.3078e+05,1.6041e+05,25972
2.5651e+05,-4.4688e+05,22071,32861,-1222,16349
1.1502e+05,4.7937e+05,-1.366e+05,70685,-19066,16950
57940,3.9519e+05,-2.9382e+05,1.1726e+05,-85492,20284
2.5722e+05,-4.361e+05,98206,32200,-5385.3,16639
41393,-1.9089e+05,4.3286e+05,83592,-1.8231e+05,39828
2.5184e+05,4.4862e+05,-35569,33422,-2016.9,16373
33284,-4.4538e+05,57812,2.5138e+05,-32492,16470
2.6094e+05,4.4383e+05,-30831,32275,-1667.8,16363
1.5647e+05,-4.6415e+05,-1.557e+05,51385,15496,17140
4.48e+05,1.9904e+05,1.6247e+05,17875,2408.1,17209
1.5724e+05,4.737e+05,-1.2277e+05,52101,-12176,16821
3.4493e+05,15049,-3.8375e+05,16350,-793.86,24437
45367,-3.9983e+05,-2.6562e+05,1.5517e+05,1.0194e+05,19577
4.608e+05,33024,2.3087e+05,16376,585.72,18262
37950,-4.3184e+05,1.7238e+05,2.0656e+05,-81939,17580
56832,13200,-4.9155e+05,16807,-34760,1.4427e+05
1.586e+05,4.6893e+05,1.3853e+05,51227,13595,16962
4.6836e+05,-2.1706e+05,16457,18005,-241.6,16342
93648,4.7789e+05,-1.4766e+05,86212,-25682,17069
1.3518e+05,89899,-4.8664e+05,19661,-32970,51852
1.1687e+05,-4.9788e+05,-17537,72148,2411,16344
4.0337e+05,-2.4492e+05,2.0961e+05,19113,-4411.7,17875
97713,-4.851e+05,1.2141e+05,83855,-20190,16819
4.3093e+05,-2.0232e+05,2.0011e+05,18047,-3227.7,17720
2.8051e+05,-4.3299e+05,706.32,30077,-34.594,16334
1.9043e+05,-4.6228e+05,1.2303e+05,43021,-9798.9,16822
4.1924e+05,-2.6389e+05,-1.4581e+05,19305,3030.3,17028
2.5517e+05,3.7237e+05,-2.4941e+05,28936,-13205,18664
3.9422e+05,3.1033e+05,-1.2205e+05,20795,-3132.2,16811
62263,-96956,4.8521e+05,31009,-1.1213e+05,71377
2.4164e+05,2.5484e+05,-3.7751e+05,23768,-18580,23995
3.6387e+05,-3.6148e+05,58787,23035,-1862.6,16441
1.8577e+05,4.7816e+05,-43047,45257,-3543.5,16391
17235,-2654.5,1.6471e+05,18137,-2.1265e+05,4.4086e+05
3.8942e+05,3.068e+05,-1.4431e+05,20801,-3751.2,17013
16739,-325.88,-1.1285e+05,16399,44688,5.0205e+05
16336,7.8335,8151.3,16342,15670,5.1622e+05
1.5948e+05,-11170,4.8858e+05,16374,-3533.2,52773
51490,3.5612e+05,3.3278e+05,1.2024e+05,1.1028e+05,22259
78557,3.0764e+05,-3.9334e+05,67405,-81120,26026
1.5554e+05,4.8641e+05,-57751,53898,-5811.6,16438
95549,-4.4816e+05,2.2203e+05,79454,-37700,18153
1.777e+05,4.5857e+05,-1.515e+05,45373,-13048,17092
19269,2.4161e+05,1.2888e+05,3.8639e+05,2.0575e+05,18509
3.501e+05,-2.045e+05,3.1953e+05,18922,-7533.5,20803
4.9861e+05,-1.1578e+05,69015,16769,-511.92,16482
54097,-1.6617e+05,4.6066e+05,55106,-1.3934e+05,46228
1.9975e+05,4.6195e+05,1.095e+05,41272,8250.9,16717
3.7942e+05,-3.0896e+05,1.648e+05,21072,-4486.4,17237
5.075e+05,-78826,-54991,16530,271.93,16427
43885,-3.1947e+05,3.5513e+05,1.2915e+05,-1.4127e+05,24315
4.4844e+05,-2.5163e+05,47937,18733,-855.44,16405
1.0683e+05,4.4055e+05,-2.3523e+05,70088,-35391,18405
4.4156e+05,58396,-2.6137e+05,16476,-1269.3,18942
5.0421e+05,1901.1,-1.1207e+05,16334,-13.704,16733
20361,1.1615e+05,-2.8542e+05,1.5691e+05,-3.8142e+05,43134
3.2852e+05,37788,3.963e+05,16442,2257.2,25513
1.521e+05,-4.9074e+05,-5865.9,55467,605.51,16335
22061,-12928,-3.4663e+05,21670,2.5092e+05,2.8827e+05
4.5715e+05,-2.3536e+05,48441,18374,-793.18,16406
4.4148e+05,-2.1389e+05,1.6141e+05,18152,-2607,17196
1.0031e+05,-4.6748e+05,1.7719e+05,78863,-28609,17421
16523,531.09,77839,16701,1.064e+05,4.994e+05
2.9609e+05,-4.1918e+05,-53614,28341,2420.7,16423
3.7929e+05,31260,-3.4891e+05,16389,-1236.5,22169
23895,9163.9,-3.7649e+05,18451,-1.64e+05,3.1256e+05
3.8189e+05,1.1216e+05,-3.2888e+05,17025,-3970.8,21196
2.2785e+05,4.4987e+05,1.0674e+05,36225,6847.1,16696
1.1741e+05,-4.6149e+05,1.8746e+05,66857,-25536,17555
3.7771e+05,3.4644e+05,62311,22174,1824,16454
1.3197e+05,-1.4335e+05,-4.7436e+05,24218,43684,43120
1.8081e+05,12166,-4.8171e+05,16371,-2945.4,46555
1.9698e+05,-4.7089e+05,68515,42450,-5262.1,16481
1.5014e+05,-4.763e+05,1.2044e+05,54626,-12578,16803
24528,-3.5396e+05,-1.512e+05,3.1638e+05,1.3479e+05,17758
4.9142e+05,-73070,1.412e+05,16514,-691.03,16982
2.5427e+05,3.8837e+05,-2.2468e+05,29863,-12107,18149
4.3089e+05,2.3233e+05,1.6443e+05,18560,2962.1,17232
4.8147e+05,-1.646e+05,-88623,17263,973.63,16580
5.13e+05,-20928,56485,16348,-73.382,16433
4.193e+05,3.0094e+05,-16889,20111,-384.1,16343
27585,-1.142e+05,3.9965e+05,85490,-2.8825e+05,58437
1.4593e+05,3.9733e+05,2.9078e+05,47643,30769,19822
36910,-3.6328e+05,2.8545e+05,1.8002e+05,-1.4029e+05,20740
19857,6690.7,-2.9344e+05,18986,-2.1636e+05,3.6553e+05
40427,3.1429e+05,-3.5086e+05,1.3978e+05,-1.5391e+05,24388
1.9623e+05,4.669e+05,-93344,42283,-7191.7,16609
4.7436e+05,344.53,2.0428e+05,16334,5.1149,17786
1.793e+05,-4.3709e+05,2.0411e+05,43191,-17284,17795
3.3703e+05,3.384e+05,1.9579e+05,23161,6735,17655
1.0571e+05,-87236,4.9185e+05,21283,-49313,61256
1.4271e+05,4.1837e+05,2.6109e+05,50893,28490,18974
2.3292e+05,-4.3427e+05,-1.5137e+05,34625,9383.2,17088
1.1354e+05,-2.7871e+05,-4.1349e+05,43686,55752,27784
3.0364e+05,-4.1027e+05,-76026,27483,3293.8,16514
24370,3.4836e+05,-1.5894e+05,3.1505e+05,-1.4335e+05,17950
30653,3.9727e+05,1.8042e+05,2.507e+05,1.1337e+05,17933
57201,-4.7791e+05,1.168e+05,1.4333e+05,-34574,16809
29210,3.8202e+05,1.9195e+05,2.582e+05,1.2921e+05,18273
59236,-1.6659e+05,-4.6424e+05,50504,1.2602e+05,46064
1.6874e+05,46966,4.8362e+05,16961,12667,48151
2.6966e+05,3.6337e+05,2.4765e+05,27441,12076,18623
2.0482e+05,4.5803e+05,1.1674e+05,40120,8530.6,16771
93240,-4.9505e+05,-71481,89588,12506,16498
2.3298e+05,-4.2294e+05,-1.8054e+05,33918,11121,17440
4.1764e+05,-3.0184e+05,33666,20159,-772.24,16369
4.8385e+05,1.5942e+05,85069,17199,899.63,16560
3.8535e+05,-3.3046e+05,-94281,21526,2605.2,16614
3.8664e+05,-3.4061e+05,32935,21777,-921.04,16367
3.0154e+05,-2.4044e+05,3.4285e+05,20903,-11605,21864
17585,-1.6197e+05,-1.0162e+05,4.0652e+05,2.5463e+05,19278
71188,37121,4.9656e+05,18530,55279,1.0447e+05
63459,2.1812e+05,-4.4473e+05,60354,-1.1404e+05,35982
3.2706e+05,3.9899e+05,15581,25785,602.88,16341
5.1469e+05,-42506,-8985.2,16390,23.492,16336
1.9547e+05,1.1578e+05,4.6216e+05,19002,19801,37102
4.4983e+05,2.5314e+05,16954,18746,302.28,16343
3.2839e+05,1.1046e+05,-3.8257e+05,17236,-6081.1,24348
87606,4.9024e+05,-98910,94458,-18488,16653
18679,-2.4969e+05,-18862,4.504e+05,33978,16380
2.9317e+05,-4.2298e+05,-37143,28703,1704.3,16377
4.0766e+05,-3.0433e+05,-88500,20389,2124.1,16580
2.2426e+05,4.5154e+05,1.0711e+05,36798,7009,16699
2.5399e+05,4.3537e+05,-1.0909e+05,32465,-6075.2,16713
1.5438e+05,4.5874e+05,1.7264e+05,51471,17420,17343
3.298e+05,-39940,3.9503e+05,16454,-2358,25396
5.1131e+05,-2747.8,73135,16334,-12.568,16500
1.8296e+05,-4.2619e+05,2.2322e+05,41546,-18397,18129
3.8785e+05,-3.331e+05,-72194,21540,1983.7,16496
19783,1.6409e+05,2.4057e+05,2.4069e+05,3.5125e+05,28942
4.1152e+05,-2.9389e+05,1.0453e+05,20077,-2414.4,16680
56278,4.5196e+05,1.9277e+05,1.3805e+05,58054,17739
3.2467e+05,3.9028e+05,93044,25560,3605,16606
23430,-84398,3.6017e+05,83680,-3.435e+05,70290
2.3634e+05,-4.4925e+05,-90054,35149,5524.1,16589
1.0453e+05,-3.2146e+05,3.8248e+05,53413,-57609,24682
5.0239e+05,-69460,-97790,16490,435.89,16635
1.7805e+05,-4.4689e+05,1.8277e+05,44292,-15651,17475
20445,8548.9,3.103e+05,19893,2.3528e+05,3.3882e+05
3.7245e+05,-34573,3.5587e+05,16404,-1445.3,22556
2.4409e+05,-1.4791e+05,-4.2944e+05,19111,14951,29544
2.2225e+05,-2.293e+05,-4.0454e+05,23501,21434,26384
85895,-4.9239e+05,87137,96764,-16636,16581
3.3266e+05,3.5781e+05,-1.6652e+05,24004,-5998.6,17258
4.76e+05,28582,1.984e+05,16363,408.56,17693
92533,-4.6964e+05,-1.7214e+05,85793,30306,17359
1.9385e+05,-1.9414e+05,-4.3578e+05,23159,26122,30697
3.7202e+05,-3.3721e+05,-1.2016e+05,22055,3548.5,16796
1.6484e+05,4.4803e+05,-1.9117e+05,47510,-17876,17596
4.2841e+05,-2.883e+05,5361.4,19693,-114.27,16335
22397,9328.7,-3.5295e+05,19123,-1.9563e+05,3.2177e+05
98107,-3.0184e+05,-3.9867e+05,53520,64103,26246
3.8988e+05,2.7662e+05,-1.9511e+05,20033,-4737,17644
79752,-4.9065e+05,93689,1.0396e+05,-19361,16622
4.7409e+05,-1.7696e+05,1.0329e+05,17436,-1245.8,16671
33683,4.4126e+05,92102,2.4522e+05,50957,16684
3.4525e+05,-18702,3.833e+05,16358,-983.07,24401
2.5383e+05,-4.4891e+05,2602,33238,-146.13,16334
2.9074e+05,656.4,-4.2626e+05,16334,-54.239,29019
43189,-4.7624e+05,15417,1.9525e+05,-6276.5,16343
3.0859e+05,-2.5495e+05,-3.2571e+05,21200,11005,21065
1.2911e+05,4.9276e+05,57532,64932,7101.3,16438
3.1482e+05,-3.2416e+05,-2.4932e+05,23461,9298.2,18658
3.2788e+05,1.1716e+05,3.8102e+05,17348,6402,24228
4.9446e+05,1.0912e+05,1.0187e+05,16727,725.98,16662
4.2164e+05,-2.951e+05,42499,19942,-945.24,16390
98946,-4.2254e+05,-2.6733e+05,72585,43596,19188
2.3134e+05,-3.632e+05,2.8338e+05,30458,-16930,19558
4.3973e+05,1.008e+05,2.5134e+05,16758,2088.8,18701
2.2619e+05,26131,4.6242e+05,16443,3852.3,37053
18235,-3189.3,-2.2947e+05,17552,1.6925e+05,4.3055e+05
4.7729e+05,-74689,-1.8268e+05,16533,967.7,17464
2.8121e+05,-4.0356e+05,1.5564e+05,28603,-7433.8,17133
1.9973e+05,-4.4899e+05,1.5427e+05,40300,-11572,17121
89482,-4.9717e+05,54716,93738,-10003,16430
75927,2.3546e+05,-4.399e+05,54380,-92430,33377
1.354e+05,-4.8871e+05,-77520,61595,9083.1,16524
1.2872e+05,-4.2589e+05,2.546e+05,56880,-31199,18822
4.9625e+05,41216,-1.3717e+05,16390,-374.1,16943
74009,3.7892e+05,3.2406e+05,87285,72034,21333
32316,3.1737e+05,3.1167e+05,1.8663e+05,1.8187e+05,22850
96901,3.9411e+05,-3.0785e+05,69348,-51164,20507
4.2598e+05,1.6213e+05,2.4276e+05,17479,3315.8,18509
4.9384e+05,-1.2606e+05,83683,16858,-685.3,16553
4.5648e+05,62674,2.3329e+05,16487,1136.9,18311
3.5923e+05,-3.4929e+05,1.2438e+05,22794,-3948.7,16830
1.877e+05,-4.7939e+05,-2076.6,44949,169,16334
4.5217e+05,-1.152e+05,-2.2134e+05,16856,1976.5,18081
1.1621e+05,-4.897e+05,-92089,71414,12727,16605
37827,-56907,-4.6114e+05,31765,1.8934e+05,1.1469e+05
4.2261e+05,-2.6164e+05,-1.4006e+05,19215,2853.2,16971
82490,-2.8735e+05,4.0894e+05,60301,-79523,27704
4.6133e+05,30379,-2.3019e+05,16369,-536.21,18249
4.1725e+05,-2.9972e+05,-52251,20117,1194.8,16418
2.0995e+05,-4.6108e+05,93712,39515,-6658.9,16611
26497,-3.9681e+05,-86714,3.1109e+05,67794,16718
80030,-4.4714e+05,2.2274e+05,94643,-45741,18194
70303,4.9311e+05,67564,1.1892e+05,15987,16484
1.453e+05,-4.0184e+05,-2.8479e+05,48308,30322,19634
3.0427e+05,-3.5698e+05,2.1512e+05,25201,-8806.8,17972
1.3146e+05,-3.6151e+05,3.3908e+05,48124,-39938,21782
3.631e+05,-3.566e+05,86721,22905,-2737.7,16570
2.6977e+05,-4.2499e+05,1.1269e+05,30519,-5774.1,16739
4.7411e+05,503.3,2.0486e+05,16334,7.5011,17795
4.4063e+05,-2.2181e+05,-1.5279e+05,18289,2549.8,17100
1.1512e+05,4.9645e+05,-44479,73012,-6214,16396
1.295e+05,4.7136e+05,-1.5452e+05,62120,-18956,17132
5.1083e+05,69190,32508,16483,139.66,16366
4.0411e+05,-3.1937e+05,36504,20826,-916.07,16375
3.609e+05,-1.7177e+05,3.2675e+05,18093,-6367.1,21105
1.9016e+05,4.7748e+05,30833,44288,2470.8,16363
76729,4.3508e+05,-2.4453e+05,96189,-52503,18672
4.621e+05,-2.2394e+05,-55174,18153,851.48,16428
4.1932e+05,-2.294e+05,1.9548e+05,18622,-3659.6,17649
3.3621e+05,56370,-3.8759e+05,16563,-3120.9,24748
43923,4.7704e+05,-25970,1.918e+05,-10366,16358
3.7632e+05,-1.3078e+05,3.284e+05,17294,-4687.7,21175
1.7782e+05,-3.2285e+05,-3.5912e+05,33966,29045,22816
17173,-1.5119e+05,50435,4.6608e+05,-1.5528e+05,17218
1.9808e+05,2.5794e+05,-3.9936e+05,26876,-26241,25887
2.7295e+05,2.8154e+05,-3.3518e+05,23488,-14440,21496
2.3158e+05,94253,4.5081e+05,17641,12043,33733
16334,0.96161,1817.3,16336,8632.8,5.1645e+05
31868,-2.0495e+05,3.9238e+05,1.2342e+05,-2.3215e+05,35037
1.0419e+05,-2.8083e+05,-4.1326e+05,47475,61593,27860
1.1754e+05,-1.4545e+05,4.7639e+05,26142,-52194,44850
4.959e+05,-1.3932e+05,38139,16967,-340.14,16379
3.4076e+05,-3.6168e+05,-1.3974e+05,23834,4883.6,16968
3.5399e+05,-3.7573e+05,-3711.8,23833,124.86,16334
3.7659e+05,-45110,3.503e+05,16451,-1810.5,22244
2.8003e+05,-3.8283e+05,2.0293e+05,27697,-9575.7,17768
1.9162e+05,-4.5416e+05,1.4883e+05,42148,-11738,17063
4.671e+05,-1.7915e+05,1.283e+05,17496,-1608.4,16863
5.0317e+05,-1.166e+05,-3699,16767,27.135,16334
16529,-126.26,-79139,16354,25389,5.0979e+05
2.7382e+05,-4.3496e+05,44183,30699,-2235.6,16394
95141,4.9769e+05,-49521,88257,-8480.8,16412
17546,-1.7974e+05,56925,4.5843e+05,-1.45e+05,17133
4.1086e+05,-2.8224e+05,1.3484e+05,19822,-3039.2,16922
16476,-31.768,-67598,16336,7536.2,5.1202e+05
3.1498e+05,3.1388e+05,2.6195e+05,23075,9608,18961
45946,-473.73,-4.8087e+05,16335,2017.5,1.8362e+05
3.9651e+05,2.3846e+05,2.2919e+05,19065,4872.9,18230
1.3268e+05,-4.1669e+05,-2.6794e+05,54209,31693,19160
4.4117e+05,2.6315e+05,53085,19023,1008,16421
1.0378e+05,-4.6205e+05,1.9025e+05,75427,-29601,17604
20978,1.2155e+05,-3.0018e+05,1.517e+05,-3.703e+05,43302
2.6932e+05,4.3834e+05,37563,31244,1945.6,16378
1.9596e+05,4.6646e+05,96083,42297,7413.4,16626
1.8416e+05,4.3077e+05,-2.1327e+05,41691,-17472,17949
24790,-3.6291e+05,1.3754e+05,3.183e+05,-1.2031e+05,17465
1.4565e+05,4.5165e+05,-1.9624e+05,53526,-21091,17677
24570,3.8143e+05,55268,3.3985e+05,49128,16504
77104,-51358,-4.965e+05,19767,60612,90419
3.965e+05,38961,3.2845e+05,16413,1325.4,21176
34058,-4.4973e+05,-47751,2.4635e+05,26041,16425
5.0682e+05,-75500,-64998,16514,308.97,16465
23462,3.4052e+05,1.4578e+05,3.3064e+05,1.412e+05,17764
69167,4.7268e+05,1.5486e+05,1.1603e+05,37260,17172
3.8033e+05,-2.4984e+05,-2.4393e+05,19548,5760.6,18535
2.3725e+05,-2.4711e+05,3.8529e+05,23614,-19202,24598
81304,4.9968e+05,-3451.1,1.0377e+05,-698.95,16334
4.1509e+05,-1.9814e+05,-2.3472e+05,18102,3984.6,18340
2.644e+05,4.3923e+05,-56713,31716,-3008.9,16434
16447,24.012,60434,16335,6394,5.1294e+05
1.3805e+05,-4.486e+05,2.0745e+05,55894,-23640,17860
2.4124e+05,-4.1446e+05,1.8938e+05,32526,-11114,17563
2.3647e+05,-2.978e+05,3.4812e+05,26306,-18894,22154
3.3614e+05,3.7248e+05,-1.2128e+05,24396,-4382.5,16805
1.6563e+05,2.3234e+05,4.2785e+05,28230,34581,29473
4.5392e+05,-2.4445e+05,30359,18555,-518.57,16362
1.1586e+05,-2.4396e+05,4.3454e+05,38390,-56001,30984
1.4918e+05,-4.0689e+05,2.7577e+05,47704,-28541,19365
2.6122e+05,4.1477e+05,1.6049e+05,30693,8513,17188
1.1458e+05,4.8979e+05,92857,72409,13029,16610
5.0174e+05,-1.2201e+05,-12588,16811,96.934,16339
4.6918e+05,-1.0637e+05,1.8788e+05,16749,-1448,17537
24150,3.7868e+05,-32225,3.481e+05,-29558,16393
3.1861e+05,3.0829e+05,-2.6422e+05,22743,-9438.2,19018
1.2895e+05,1.2961e+05,-4.7891e+05,23254,-43529,45958
16483,-202.4,69274,16402,-46621,5.0973e+05
2.2216e+05,-4.5898e+05,-74883,37573,4971.7,16509
1.7914e+05,1.2045e+05,-4.6717e+05,19709,-23935,39032
3.3523e+05,-1.608e+05,3.5805e+05,18120,-7561.6,22687
1.4472e+05,-4.9215e+05,22710,58241,-2476.1,16350
2.5316e+05,-2.5464e+05,3.7017e+05,23191,-16990,23472
3.6772e+05,-3.1276e+05,1.8303e+05,21452,-5275.6,17470
5.0237e+05,-69491,-97875,16490,436.5,16636
3.7568e+05,3.3353e+05,1.1911e+05,21851,3443.1,16787
80923,-4.8931e+05,1.011e+05,1.0216e+05,-20567,16670
4.4848e+05,2.493e+05,-58526,18691,-1036.8,16440
51129,3.7031e+05,3.1638e+05,1.2591e+05,1.0576e+05,21407
4.6674e+05,-1.4121e+05,-1.7016e+05,17066,1726.5,17301
3.661e+05,3.6336e+05,-21860,23025,-688.08,16349
25507,1.8015e+05,-3.5292e+05,1.5109e+05,-2.9252e+05,35759
31155,-74811,4.3263e+05,48870,-2.5104e+05,90512
1.2002e+05,-1.4851e+05,4.7504e+05,26134,-50940,43934
4.8559e+05,-1.2559e+05,-1.2327e+05,16872,1039.4,16821
17038,1.4683e+05,4394.7,4.9495e+05,14798,16341
3.7084e+05,-3.4582e+05,-97154,22344,2922.8,16631
2.1744e+05,-4.6495e+05,-45862,38648,3131.2,16399
4.1225e+05,-2.0443e+05,2.3432e+05,18235,-4130.4,18332
30076,-4.314e+05,-36901,2.795e+05,23826,16393
5.1315e+05,-46663,-36033,16401,103.98,16374
2.047e+05,3.9152e+05,-2.6491e+05,35342,-18805,19049
3.8307e+05,3.4375e+05,40983,21955,1168.8,16386
1.5209e+05,-4.9074e+05,-5827.3,55472,601.59,16335
1.6025e+05,1.7887e+05,-4.5455e+05,24551,-34772,35029
4.7242e+05,2.0603e+05,-33365,17822,-461.66,16368
3.9457e+05,1.887e+05,2.7444e+05,18109,4909.2,19287
1.3383e+05,4.9429e+05,29401,62939,3491.6,16361
69719,4.9682e+05,27123,1.2084e+05,6476.3,16358
2.7132e+05,-4.054e+05,1.6774e+05,29405,-8412.4,17274
65330,3.4629e+05,-3.5525e+05,90900,-90240,23206
18025,-2.1828e+05,-155.08,4.6808e+05,332.15,16334
21980,-383.5,-3.4533e+05,16340,9995.6,3.8371e+05
16894,1367.8,1.3184e+05,17135,1.5082e+05,4.7605e+05
1.0813e+05,-1.6255e+05,-4.7209e+05,29729,60279,42871
3.8713e+05,-1.9168e+05,2.8281e+05,18230,-5303,19527
16896,-5312.7,1.3196e+05,25881,-3.8681e+05,3.1514e+05
3.7697e+05,2.5571e+05,-2.4306e+05,19743,-5921.4,18517
4.5466e+05,2.4369e+05,-24969,18535,-424.26,16353
3.6285e+05,3.0876e+05,-1.9882e+05,21456,-5809.4,17701
23485,2.7626e+05,-2.4725e+05,2.6791e+05,-2.3889e+05,21902
3.561e+05,-2.8878e+05,2.3729e+05,21039,-6867.3,18394
2.9047e+05,-4.2487e+05,36502,28973,-1698,16375
17385,7146.5,1.7664e+05,25519,3.7235e+05,3.1062e+05
78526,4.9174e+05,86860,1.0584e+05,18250,16581
3.3062e+05,-2.7135e+05,-2.8892e+05,21141,9073,19716
3.601e+05,3.6454e+05,-62869,23255,-2031.9,16457
98527,-4.9558e+05,-66557,84897,10980,16475
74908,4.9876e+05,-3060.9,1.1263e+05,-676.68,16334
4.2622e+05,-2.6428e+05,-1.2314e+05,19223,2489.9,16820
2.2979e+05,2.6493e+05,-3.7779e+05,24965,-20360,24023
1.673e+05,-69888,4.813e+05,17715,-18274,46499
18070,9663.3,2.2055e+05,26154,3.6408e+05,2.9161e+05
4.0264e+05,-3.1594e+05,68479,20769,-1717.1,16480
66906,-4.9548e+05,-34446,1.258e+05,8598.6,16373
4.5638e+05,-2.3093e+05,71512,18308,-1156.9,16493
3.5798e+05,3.6807e+05,-53743,23440,-1760.6,16423
1.4784e+05,-2.3144e+05,4.3404e+05,30475,-40734,30587
3.5395e+05,-3.5398e+05,1.2615e+05,23113,-4123.1,16845
1.0717e+05,4.8911e+05,-1.0076e+05,77177,-15186,16662
1.4906e+05,1.1782e+05,-4.7724e+05,20869,-32745,44301
17159,-1.5752e+05,13784,4.8983e+05,-42814,16396
2.2844e+05,-4.605e+05,38219,36832,-2455.6,16379
1.5716e+05,-4.4798e+05,-1.9697e+05,49581,19433,17686
1.7999e+05,-4.0573e+05,2.6048e+05,40419,-21712,18942
4.413e+05,2.2443e+05,-1.4692e+05,18327,-2468,17039
4.5875e+05,25634,-2.3583e+05,16360,-469.06,18362
2.4409e+05,3.1728e+05,-3.2499e+05,26826,-17290,21046
2.617e+05,1.9277e+05,-4.0048e+05,20301,-14872,25939
2.1172e+05,-4.6765e+05,44218,39703,-3118.7,16395
4.3587e+05,1.1735e+05,-2.5087e+05,16916,-2447.4,18690
1.9309e+05,4.2755e+05,2.1232e+05,39804,16438,17931
31562,3.9994e+05,1.8618e+05,2.4244e+05,1.1235e+05,18010
66909,2.5557e+05,-4.2588e+05,66377,-1.0391e+05,31029
99799,-4.5175e+05,2.142e+05,76708,-34721,18002
3.4666e+05,21109,-3.8191e+05,16364,-1096.1,24292
3.1499e+05,3.9056e+05,1.208e+05,26040,4885,16801
2.6289e+05,-4.3311e+05,96634,31524,-5145.3,16629
1.3863e+05,84369,-4.8685e+05,19158,-30185,51890
4.9062e+05,1.2717e+05,-99430,16874,-831.46,16646
4.4515e+05,-2.1062e+05,1.5552e+05,18072,-2443.6,17130
51765,-4.8221e+05,-72783,1.6118e+05,24078,16517
38520,4.2117e+05,-2.0056e+05,1.9787e+05,-93586,18080
1.9515e+05,-4.5472e+05,1.4263e+05,41539,-11015,17000
4.6313e+05,2.2839e+05,-9405.2,18214,-146.88,16337
86561,-4.9977e+05,-17293,97411,3275.7,16344
4.369e+05,-2.6903e+05,-58644,19186,1151,16440
2.6708e+05,3.5647e+05,-2.6014e+05,27274,-12765,18919
3.8746e+05,3.3515e+05,64381,21605,1778.1,16463
3.1386e+05,-3.7194e+05,-1.7174e+05,25347,6843.9,17322
3.3341e+05,-2.8583e+05,-2.7123e+05,21526,8664.6,19202
4.1143e+05,-2.4758e+05,1.8993e+05,19067,-3893,17567
4.2551e+05,-45468,-2.8905e+05,16427,1180.7,19716
2.3771e+05,-4.5006e+05,-82145,35039,5005.6,16546
5.1281e+05,14483,60082,16341,54.081,16446
2.7879e+05,-2.9649e+05,3.1705e+05,23866,-13567,20712
2.5601e+05,-4.132e+05,-1.7235e+05,31059,9371.9,17331
4.8576e+05,-32671,-1.7243e+05,16371,389.52,17329
1.796e+05,-2.7011e+05,-3.9955e+05,29586,30425,25935
2.7187e+05,-4.0856e+05,1.5898e+05,29521,-7970.6,17171
68301,2.1965e+05,4.4598e+05,56510,1.0515e+05,35705
1.6454e+05,73241,-4.8166e+05,17894,-19621,46806
5.151e+05,-31125,22417,16364,-42.917,16349
1.4181e+05,-4.6785e+05,1.5663e+05,56656,-17391,17153
2.1236e+05,4.6032e+05,92167,39088,6459.6,16602
4.9722e+05,-57057,-1.2767e+05,16441,478.64,16858
4.9806e+05,-76648,1.1331e+05,16527,-565.8,16742
19620,2.8534e+05,18644,4.291e+05,27997,16369
46114,4.4883e+05,-1.7325e+05,1.7079e+05,-65320,17498
46003,1.978e+05,-4.384e+05,76882,-1.6271e+05,38965
16463,64456,676.57,5.1246e+05,5373.7,16335
4.7383e+05,1.085e+05,-1.7453e+05,16757,-1344.5,17356
1.6318e+05,-4.5047e+05,-1.8667e+05,48173,17667,17531
2.2242e+05,-4.2861e+05,-1.8014e+05,35538,11781,17435
3.0128e+05,3.3837e+05,-2.4703e+05,24583,-10024,18607
2.453e+05,1.498e+05,-4.281e+05,19150,-14914,29336
83545,-4.8236e+05,-1.3123e+05,97540,25793,16911
16397,53.853,45318,16345,19228,5.1417e+05
49944,-17949,-4.855e+05,17475,59726,1.579e+05
1.665e+05,4.4398e+05,1.9915e+05,46714,18392,17718
1.0029e+05,-4.9335e+05,-80873,83059,13089,16544
4.1708e+05,2.9301e+05,82776,19967,1865.9,16548
2.7213e+05,-4.2064e+05,-1.2294e+05,30109,6210.5,16819
17146,-1.4404e+05,62525,4.5141e+05,-1.9569e+05,17805
95137,-4.3332e+05,2.4976e+05,77265,-42544,18748
44475,-2.3976e+05,-4.1427e+05,96070,1.6119e+05,32253
2.4362e+05,-29102,-4.5351e+05,16451,3622.7,34386
4.7366e+05,-64232,-1.9562e+05,16484,907.53,17650
4.422e+05,1.429e+05,2.2526e+05,17167,2561.9,18154
2.8729e+05,39174,-4.2677e+05,16486,-3288.9,29097
1.8765e+05,-4.6292e+05,-1.2465e+05,43621,10099,16835
2.0251e+05,4.4589e+05,1.5969e+05,39607,11772,17181
4.0882e+05,-1.0224e+05,2.9841e+05,16838,-2897.1,20020
1.2308e+05,-4.9696e+05,-15839,68514,2059.6,16342
2.0185e+05,-4.0083e+05,-2.5282e+05,36412,18345,18751
1.4075e+05,-4.3207e+05,-2.387e+05,53059,26535,18453
16992,-2716.5,-1.4221e+05,18885,2.4902e+05,4.2947e+05
2.8472e+05,4.0965e+05,-1.3157e+05,28652,-6211.4,16893
2.4452e+05,-1.2742e+05,4.3572e+05,18427,-13505,30585
5.0325e+05,-48671,1.0563e+05,16410,-330.4,16687
2.9323e+05,3.9191e+05,1.6329e+05,27292,7298.1,17220
5.0958e+05,72090,-43917,16497,-197.39,16393
2.8562e+05,-4.0108e+05,1.541e+05,28189,-7194.2,17116
3.0239e+05,1.2775e+05,3.9815e+05,17736,8392.4,25695
87829,-1.909e+05,-4.6226e+05,39654,79727,39569
3.6971e+05,-3.4448e+05,-1.0579e+05,22336,3191,16688
1.4486e+05,-2.2241e+05,-4.3957e+05,30064,41878,31643
4.2153e+05,1.0419e+05,-2.795e+05,16826,-2602.5,19429
3.88e+05,2.5947e+05,-2.2074e+05,19655,-5173.4,18070
1.2737e+05,-4.5206e+05,-2.0518e+05,60694,25552,17826
23389,-3.2193e+05,1.8101e+05,3.1453e+05,-1.7637e+05,18733
2.9935e+05,-1.3094e+05,-3.994e+05,17833,8757.9,25816
1.6492e+05,-1.7823e+05,4.533e+05,24114,-33191,34652
36888,4.4144e+05,1.3612e+05,2.1861e+05,67034,17089
3.7943e+05,-1.0212e+05,3.3493e+05,16916,-3753.7,21470
85144,-4.4726e+05,-2.2351e+05,88940,42946,18198
2.8192e+05,-45809,-4.2965e+05,16549,4005.8,29538
18725,-11937,-2.521e+05,26840,3.5689e+05,2.7421e+05
1.4414e+05,3.8899e+05,-3.0257e+05,47277,-32384,20223
4.2492e+05,-54243,-2.8839e+05,16467,1405.8,19695
3.6822e+05,1.723e+05,3.1823e+05,18037,5993.7,20750
2.6147e+05,-4.4031e+05,-61500,32037,3311.5,16451
53981,-4.8788e+05,-41149,1.5575e+05,12992,16391
2.5393e+05,-4.054e+05,1.927e+05,30817,-10533,17611
3.6881e+05,3.1016e+05,1.8526e+05,21351,5289.2,17501
16399,-502.87,46022,17273,-1.6724e+05,4.865e+05
5.1065e+05,-77072,-9765,16519,46.663,16337
3.1134e+05,1.4422e+05,3.8549e+05,18006,8522.1,24583
3.0154e+05,-3.1443e+05,-2.7657e+05,23617,10837,19352
3.9847e+05,1.6835e+05,2.8195e+05,17734,4504.8,19501
5.15e+05,-34571,19547,16371,-41.566,16346
3.8789e+05,2.8693e+05,1.8386e+05,20323,4611.1,17481
4.713e+05,15118,-2.1069e+05,16342,-234.39,17892
3.1093e+05,1.3781e+05,-3.8815e+05,17871,-8283.5,24802
16427,-2274.7,54699,26865,-4.0722e+05,3.1228e+05
3.2e+05,-4.033e+05,36356,26300,-1456.3,16375
2.1938e+05,-4.3582e+05,-1.659e+05,36410,11070,17253
4.2566e+05,-2.28e+05,1.8303e+05,18533,-3320.6,17469
3.0204e+05,3.9617e+05,1.3456e+05,26966,5798.6,16920
17000,1.1435e+05,86042,3.9668e+05,2.9798e+05,20435
4.1869e+05,-2.4051e+05,1.8305e+05,18841,-3561.8,17470
3.1233e+05,-4.0954e+05,-32668,26959,1361,16367
66883,-4.5198e+05,-2.059e+05,1.1499e+05,51328,17918
16802,-1976.4,1.2103e+05,18274,-2.2501e+05,4.4881e+05
3.4174e+05,3.2524e+05,-2.0951e+05,22561,-6915.7,17874
5.0714e+05,-92167,-33291,16602,191.93,16368
16334,-1.6029,-3067.8,16336,8524.4,5.1645e+05
3.2892e+05,-3.6098e+05,1.6707e+05,24268,-6143.5,17264
1.4632e+05,-4.6393e+05,1.6461e+05,54616,-17646,17245
64320,2.2422e+05,-4.421e+05,61094,-1.1185e+05,35070
1.3875e+05,4.7864e+05,1.2257e+05,59044,13962,16821
2.6884e+05,-1.544e+05,4.1227e+05,18845,-12515,27202
2.0548e+05,-4.722e+05,-13424,41045,982.07,16340
40456,1659.8,4.711e+05,16350,9313.9,2.0833e+05
1.8741e+05,-4.6067e+05,-1.3305e+05,43487,10788,16909
3.6503e+05,-1.595e+05,3.284e+05,17828,-5894.4,21176
18963,-1670,2.622e+05,16578,-75948,4.3838e+05
3.4435e+05,-3.2452e+05,2.0633e+05,22456,-6724,17821
3.9447e+05,2.8973e+05,-1.645e+05,20272,-4037.9,17233
20017,1.4999e+05,2.5789e+05,2.1237e+05,3.6301e+05,32418
1.9858e+05,-4.502e+05,1.5215e+05,40589,-11496,17098
16350,-2.0765,23014,16334,-1469.4,5.1601e+05
87681,3.1813e+05,-3.8589e+05,62492,-70625,25151
4.339e+05,-79960,2.6837e+05,16609,-1833.5,19122
4.3275e+05,1.5851e+05,2.3301e+05,17397,3029,18305
38867,4.6305e+05,63415,2.1508e+05,29285,16486
4.2629e+05,-2.2129e+05,1.897e+05,18406,-3353.3,17563
44857,4.4726e+05,-1.7214e+05,1.7563e+05,-67013,17492
3.6762e+05,12054,3.6228e+05,16343,528.59,22938
16416,-16.423,-51639,16335,5137.2,5.1391e+05
1.3863e+05,1.4202e+05,-4.7326e+05,23468,-40321,42359
34371,-3.633e+05,-2.7138e+05,1.969e+05,1.4607e+05,20363
2.0655e+05,-4.3522e+05,1.8254e+05,38195,-13090,17469
1.5116e+05,-4.8612e+05,-69185,55307,7184.7,16484
1.6887e+05,-4.8117e+05,67288,49530,-6173.1,16476
2.7802e+05,-4.1747e+05,1.207e+05,29504,-5915.6,16801
4.0521e+05,-1.0208e+05,-3.0334e+05,16845,2991.9,20189
3.1577e+05,-19663,4.0774e+05,16366,-1314.3,26667
1.6382e+05,4.2329e+05,2.4167e+05,45453,22600,18508
5.1469e+05,39878,-17367,16383,-42.618,16343
18388,-67778,2.2716e+05,1.3212e+05,-4.3604e+05,56726
3.7564e+05,-1.7815e+05,-3.0614e+05,18081,5714.3,20290
74520,4.9512e+05,-59599,1.1242e+05,-13247,16449
25984,3.9084e+05,90579,3.1634e+05,73118,16766
3.2758e+05,2.757e+05,-2.8824e+05,21360,-9273,19695
4.3641e+05,2.6242e+05,-85856,19063,-1658,16565
4.9439e+05,-1.2574e+05,80874,16855,-659.29,16538
1.634e+05,-1.1408e+05,4.7401e+05,19954,-27353,42266
1.5744e+05,4.4724e+05,1.9844e+05,49428,19536,17708
16463,-49293,-41647,3.916e+05,3.3029e+05,21376
4.1577e+05,-1.73e+05,2.5272e+05,17694,-3819.6,18733
3.6039e+05,-2.6164e+05,2.6112e+05,20192,-6964.7,18938
75232,4.4476e+05,-2.2588e+05,1.0026e+05,-49569,18270
78345,3.773e+05,-3.2707e+05,82073,-68328,21432
54286,-4.6786e+05,-1.4516e+05,1.4852e+05,45521,17093
4.4157e+05,2.3694e+05,-1.2481e+05,18540,-2185.5,16834
19648,2.8521e+05,30855,4.2691e+05,46117,16429
4.0471e+05,1.4617e+05,-2.8543e+05,17368,-3919.3,19605
3.6421e+05,2.2157e+05,-2.9118e+05,19124,-6798.9,19785
3.1471e+05,4.0592e+05,50373,26681,2070,16412
4.5425e+05,-1.5791e+05,1.8826e+05,17294,-2225.5,17542
2.2319e+05,-3.577e+05,-2.9644e+05,30915,18468,19972
2.015e+05,4.7299e+05,31561,41792,2362.7,16365
4.3327e+05,87402,-2.6706e+05,16664,-1993.7,19088
1.2369e+05,4.4625e+05,-2.1904e+05,61654,-28139,18071
90808,1.9657e+05,4.5994e+05,39482,76568,38437
79477,4.9937e+05,10604,1.0613e+05,2200.3,16338
53750,-3.6743e+05,3.2332e+05,1.1833e+05,-1.0214e+05,21667
5.061e+05,-45856,92476,16401,-269.6,16603
37725,4.6396e+05,19226,2.2346e+05,9210.2,16348
5.0159e+05,-75975,97030,16521,-473.69,16630
4.8833e+05,56868,-1.5833e+05,16445,-613.27,17161
2.56e+05,-4.2387e+05,-1.4415e+05,31642,7893.5,17013
3.1451e+05,-1.8957e+05,3.6262e+05,19079,-9744.4,22967
1.8024e+05,-4.7991e+05,45528,46625,-3880.3,16398
3.6521e+05,3.3883e+05,-1.3545e+05,22292,-4126.8,16928
18306,-2681.8,-2.3305e+05,17172,1.4214e+05,4.3838e+05
2.6655e+05,-3.1586e+05,3.0862e+05,25355,-14492,20391
2.643e+05,-4.1414e+05,-1.5711e+05,30403,8205.1,17150
2.1806e+05,-4.6577e+05,32867,38612,-2237.1,16367
79612,-4.4477e+05,2.2732e+05,94657,-46938,18287
3.1548e+05,-1.9445e+05,3.5919e+05,19194,-9780.2,22758
57986,-4.0843e+05,2.7517e+05,1.2101e+05,-80046,19639
2.2058e+05,-4.4838e+05,1.2611e+05,37085,-8407.2,16847
3.9692e+05,-3.0754e+05,-1.2036e+05,20670,3037.8,16797
2.5799e+05,-1.8105e+05,-4.0824e+05,19968,14897,26751
4.8508e+05,-1.4643e+05,1.0009e+05,17063,-975.04,16650
3.6479e+05,3.1996e+05,1.763e+05,21736,5213.7,17380
22938,-9673.3,3.6216e+05,19054,-1.8913e+05,3.1531e+05
96847,-3.8736e+05,-3.1631e+05,68263,52551,20845
2.8634e+05,-4.2791e+05,-33126,29404,1573.8,16368
2.6633e+05,2.4833e+05,-3.6533e+05,22352,-15323,23149
2.6341e+05,-2.406e+05,3.7252e+05,22142,-15625,23629
56412,4.7642e+05,1.2059e+05,1.4504e+05,36247,16843
22956,2.2184e+05,2.868e+05,2.2524e+05,2.8966e+05,26653
4.8837e+05,1.5961e+05,-52771,17185,-548.87,16420
4.4378e+05,2.2126e+05,1.4425e+05,18254,2371.8,17012
58777,-3.7887e+05,-3.1538e+05,1.1081e+05,90240,21158
3.6818e+05,-3.6189e+05,4654.5,22914,-144.96,16335
2.4633e+05,-1.6046e+05,4.2363e+05,19507,-15390,28680
5.0512e+05,67304,84334,16479,360.56,16556
3.4927e+05,-2.9159e+05,2.4386e+05,21288,-7321.4,18535
2.2294e+05,4.0391e+05,2.2975e+05,33872,14787,18250
4.9142e+05,-30247,1.5608e+05,16365,-319.06,17136
71918,-1.1929e+05,-4.8363e+05,32261,97265,59397
4.3878e+05,1.7843e+05,2.0575e+05,17635,2888.8,17810
4.8659e+05,-1.7096e+05,-27759,17314,309.21,16358
1.703e+05,4.8401e+05,36625,49416,3330.8,16376
3.2867e+05,-3.1101e+05,-2.4831e+05,22501,8497.5,18635
1.1348e+05,4.9693e+05,41561,74103,5896.6,16388
81748,47825,-4.9744e+05,19024,-52002,88613
2.6313e+05,4.1554e+05,-1.5533e+05,30574,-8166.6,17130
1.3203e+05,-4.7974e+05,-1.2409e+05,62000,14924,16835
2.1447e+05,4.5222e+05,-1.2256e+05,38208,-8462.8,16817
2.466e+05,85863,4.4465e+05,17300,9724.9,32303
2.7353e+05,-4.2438e+05,1.0584e+05,30188,-5324.7,16689
1.9588e+05,4.6335e+05,1.1023e+05,42073,8500.3,16722
1.5905e+05,-1.0837e+05,4.7667e+05,19799,-27812,43763
2.7882e+05,-3.6147e+05,-2.4031e+05,26772,11173,18462
3.3694e+05,3.3037e+05,2.092e+05,22889,7112.8,17869
3.5096e+05,-2.9087e+05,2.4231e+05,21224,-7208.6,18501
1.7647e+05,4.6224e+05,1.4132e+05,45970,12280,16988
2.2634e+05,75070,-4.5696e+05,17213,-10433,35372
17548,-340.06,1.8867e+05,16357,-25443,4.8012e+05
23498,3.1002e+05,2.0368e+05,3.0022e+05,1.9666e+05,19535
56206,-2.9308e+05,3.9431e+05,90500,-1.1779e+05,27092
2.2538e+05,-3.8371e+05,2.6008e+05,32314,-16306,18922
3.5849e+05,3.5359e+05,1.1388e+05,22954,3649.3,16747
1.4305e+05,4.6046e+05,1.7637e+05,55386,19370,17394
2.0781e+05,-4.6628e+05,-69422,40229,5002.2,16485
1.0969e+05,-2.6735e+05,4.2147e+05,43446,-58811,28916
67583,4.7169e+05,-1.5627e+05,1.1861e+05,-38552,17191
3.0757e+05,4.1258e+05,-38629,27354,-1647.9,16380
2.3319e+05,54223,-4.5655e+05,16772,-7277.6,35236
2.6245e+05,-4.2396e+05,-1.3197e+05,31076,7001.1,16897
1.2928e+05,3.4212e+05,-3.5923e+05,46537,-42843,22906
5.1387e+05,-51340,9714.9,16415,-30.729,16337
22816,2.535e+05,2.5601e+05,2.6045e+05,2.6199e+05,23191
1.3932e+05,-4.7754e+05,1.2628e+05,58693,-14319,16853
22369,-1.9625e+05,2.9291e+05,2.1038e+05,-3.121e+05,29284
34533,4.537e+05,18515,2.4411e+05,9917.2,16348
3.5371e+05,-3.503e+05,-1.3666e+05,23001,4448,16939
4.2681e+05,2.5239e+05,-1.4425e+05,18980,-2813.7,17012
1.3111e+05,3.3082e+05,-3.6918e+05,44633,-43138,23549
34871,2.3547e+05,-3.897e+05,1.259e+05,-2.0486e+05,31389
2.6682e+05,4.3307e+05,85595,31182,4471.8,16564
98874,3.2968e+05,-3.7593e+05,57586,-60382,24203
99529,-4.9451e+05,-73729,83876,12031,16508
4.9554e+05,38065,-1.4058e+05,16382,-355.29,16976
4.2973e+05,-1.2362e+05,-2.5833e+05,16997,2718.4,18867
99907,-4.2461e+05,2.6394e+05,72237,-42608,19095
45006,-59932,4.7572e+05,28490,-1.5181e+05,1.0748e+05
2.1377e+05,4.2324e+05,-2.0169e+05,36315,-13804,17752
3.9101e+05,3.3718e+05,4603.9,21577,125.77,16335
2.0614e+05,4.4146e+05,1.6736e+05,38705,12060,17272
38114,4.6307e+05,46641,2.2025e+05,22062,16416
1.4589e+05,-4.9229e+05,-9260.1,57822,1000.8,16337
86209,-3.816e+05,3.2317e+05,75426,-60880,21194
16578,140.75,-88260,16354,-25230,5.083e+05
3.8196e+05,-3.1043e+05,1.5594e+05,21056,-4212.1,17135
1.1378e+05,2.5144e+05,-4.3058e+05,39964,-57005,30307
4.443e+05,-1.9525e+05,1.7659e+05,17844,-2615.1,17383
1.2154e+05,1.7369e+05,-4.6616e+05,28665,-51956,39556
3.4603e+05,-1.7365e+05,3.4144e+05,18279,-7243.6,21787
3.9773e+05,-2.9352e+05,-1.4924e+05,20307,3644.5,17063
33657,3.5816e+05,-2.7354e+05,1.9946e+05,-1.5132e+05,20528
74312,1.133e+05,-4.8561e+05,30306,-92162,61192
2.7032e+05,-4.3327e+05,-72776,30898,3739.5,16499
4.8364e+05,1.2233e+05,1.3377e+05,16849,1109.1,16912
44373,-808.66,4.7848e+05,16337,-3712.3,1.901e+05
17144,26.927,1.5677e+05,16334,2543.9,4.9213e+05
1.4966e+05,-75760,-4.8554e+05,18330,24192,50235
4.4734e+05,-1082.1,2.5806e+05,16334,-22.824,18860
3.2699e+05,3.9931e+05,5063.7,25800,196.04,16335
5.0494e+05,-87983,-63859,16580,354.96,16460
50690,4.815e+05,-70368,1.6471e+05,-23834,16506
1.9281e+05,-3.8928e+05,2.7647e+05,36909,-21079,19365
1.708e+05,4.8521e+05,5197.5,49395,471.26,16335
1.3228e+05,2.1485e+05,4.4647e+05,31329,47406,33253
2.0784e+05,3.0615e+05,-3.5847e+05,29143,-23404,22752
2.7511e+05,-1.9383e+05,3.9099e+05,19993,-13410,25056
3.0659e+05,3.4638e+05,-2.2876e+05,24664,-9144.6,18224
21409,-9590.1,3.3348e+05,19873,-2.2418e+05,3.2392e+05
17022,11.167,1.4525e+05,16334,1155.1,4.9566e+05
1.0038e+05,-4.9072e+05,-95489,82565,15437,16628
3.2327e+05,-2.98e+05,-2.7033e+05,22229,9276.3,19178
4.0802e+05,-2.6915e+05,1.6648e+05,19572,-3674.8,17256
2.6615e+05,1.6504e+05,4.0986e+05,19230,13299,26927
55888,4.8864e+05,48836,1.5022e+05,14836,16414
2.8075e+05,-3.4982e+05,2.549e+05,26123,-11593,18790
2.0052e+05,-3.8731e+05,2.74e+05,35621,-19901,19294
97168,-3.8505e+05,3.191e+05,67663,-52805,20961
1.4915e+05,4.5623e+05,1.8296e+05,52853,19171,17482
3.7695e+05,-3.2167e+05,-1.4493e+05,21482,4082.8,17019
3.6617e+05,-3.0104e+05,2.0452e+05,21154,-5803.1,17791
4.9247e+05,-14725,1.5501e+05,16341,-153.83,17124
2.4836e+05,2.4288e+05,3.811e+05,22871,17581,24261
1.489e+05,4.5566e+05,-1.8455e+05,52875,-19371,17504
2.9597e+05,-24502,4.2197e+05,16390,-1927.2,28409
4.5776e+05,-1.5115e+05,-1.8529e+05,17202,2075.5,17500
3.1179e+05,1.0719e+05,-3.9703e+05,17275,-6779.9,25586
1.7059e+05,4.4621e+05,-1.9083e+05,45924,-17156,17591
80790,-50849,-4.9704e+05,19416,55475,87852
3.8569e+05,-1.9706e+05,2.8107e+05,18346,-5424.7,19476
1.2502e+05,2.0288e+05,-4.5356e+05,31330,-51003,35183
4.9535e+05,-1.4591e+05,10881,17029,-101.49,16338
87459,-4.9006e+05,-99751,94586,18679,16659
92593,4.7812e+05,-1.4694e+05,87231,-25868,17062
2.4232e+05,3.7021e+05,2.6473e+05,29872,14975,19038
26081,-3.936e+05,82568,3.1662e+05,-66242,16689
18092,7361.3,2.2183e+05,22489,3.2017e+05,3.3872e+05
17385,3411,-1.7677e+05,18824,-2.4105e+05,4.2109e+05
4.5067e+05,2.456e+05,-57403,18605,-996.74,16436
16611,2217.6,-93861,20263,-3.0032e+05,4.0944e+05
1.9584e+05,3.1912e+05,-3.5358e+05,31307,-25246,22476
1.6046e+05,2.518e+05,4.1851e+05,30507,36169,28152
31713,3.615e+05,2.5417e+05,2.1784e+05,1.523e+05,19949
16554,748.19,83803,16955,1.3663e+05,4.91e+05
1.6469e+05,-4.8515e+05,-44141,51041,4168.3,16395
81186,4.9574e+05,-62597,1.0312e+05,-12695,16460
3.7431e+05,-4187.6,3.5557e+05,16335,-173.91,22539
4.9594e+05,-1.2516e+05,71821,16847,-579.45,16494
4.6159e+05,1.9315e+05,-1.279e+05,17708,-1749,16860
4.2343e+05,1.4018e+05,-2.6024e+05,17207,-3159.5,18914
1.6444e+05,-4.872e+05,-5792.4,51304,548.13,16335
5.1509e+05,16007,-35008,16342,-34.516,16372
2.4101e+05,3.0463e+05,-3.3905e+05,26363,-18078,21689
5.0652e+05,92554,40789,16605,236.68,16385
4.7359e+05,1.3499e+05,-1.5568e+05,16985,-1473.5,17132
54482,4.8432e+05,-74481,1.5308e+05,-23273,16524
4.9337e+05,1.2752e+05,84239,16871,698.62,16556
4.3176e+05,-2.3612e+05,-1.5657e+05,18620,2845.7,17142
1.8878e+05,4.6121e+05,1.2929e+05,43259,10397,16875
1.0945e+05,-4.4833e+05,2.1943e+05,69608,-32193,18088
3.188e+05,2.3261e+05,-3.3261e+05,20229,-10067,21369
1.0871e+05,4.4024e+05,-2.354e+05,68874,-34755,18406
3.9922e+05,-1.437e+05,2.9427e+05,17362,-4084.1,19883
4.2672e+05,2.9013e+05,20258,19757,436.54,16347
1.6366e+05,-3.327e+05,3.5628e+05,37155,-32099,22663
4.6791e+05,-2.1459e+05,41860,17972,-609.82,16388
78245,71845,4.9412e+05,22405,72195,78610
5.1327e+05,-30834,49004,16363,-93.609,16408
60984,39432,4.926e+05,19671,76312,1.1488e+05
31606,-4.2501e+05,-1.1908e+05,2.5708e+05,71736,16961
16398,-20709,-40674,2.339e+05,4.5715e+05,35930
2.4115e+05,-194.28,4.5573e+05,16334,-24.983,34987
2.6388e+05,-4.1452e+05,-1.5679e+05,30458,8207.1,17146
80873,3.0938e+05,-3.9233e+05,65859,-78379,25874
3.8282e+05,2.4214e+05,2.4778e+05,19332,5660.3,18621
1.0333e+05,4.0969e+05,2.8614e+05,67588,44448,19732
1.8805e+05,-4.7208e+05,82616,44282,-6695.2,16549
57435,37454,-4.907e+05,19754,-81866,1.2146e+05
4.3763e+05,2.3629e+05,-1.3908e+05,18566,-2469.4,16961
1.1779e+05,4.9768e+05,19508,71574,2659.5,16346
4.7756e+05,11037,1.9639e+05,16338,155.38,17662
1.4965e+05,82239,-4.8449e+05,18664,-25740,49341
69191,2.0982e+05,4.5099e+05,53525,1.0434e+05,37211
1.1846e+05,-4.0763e+05,2.86e+05,59054,-38263,19700
94384,4.9093e+05,-95672,87794,-16517,16631
1.8863e+05,4.7347e+05,-72850,44276,-5885.3,16500
4.7761e+05,-1.9508e+05,24220,17646,-313.55,16352
1.7637e+05,2.3811e+05,-4.2069e+05,27518,-31490,28394
55035,3.6488e+05,3.2772e+05,1.1457e+05,1.0082e+05,21855
3.117e+05,4.0905e+05,43044,26973,1797.5,16391
2.8905e+05,-10077,-4.2727e+05,16344,843.94,29171
2.1559e+05,-4.6586e+05,-45084,38984,3110.4,16397
2.5576e+05,-4.4752e+05,17195,32970,-955.86,16343
2.8347e+05,3.1768e+05,2.9139e+05,24556,12558,19798
4.54e+05,-8920.1,-2.4602e+05,16337,174.1,18580
4.7224e+05,-2.0694e+05,-30196,17835,419.66,16362
2.0383e+05,-18381,4.7273e+05,16401,-3424.3,41224
31619,3.5093e+05,-2.678e+05,2.1235e+05,-1.6109e+05,20524
2.8686e+05,-1.5122e+05,4.013e+05,18471,-10686,26008
3.48e+05,50394,3.7794e+05,16505,2547.8,23993
4.3745e+05,1.4994e+05,-2.2989e+05,17268,-2786.8,18243
2.5414e+05,-2.1512e+05,3.9383e+05,21419,-16407,25317
2.4985e+05,4.257e+05,1.4928e+05,32321,8439.2,17065
1.69e+05,-3.669e+05,-3.1843e+05,39195,28109,20805
3.9362e+05,3.0184e+05,-1.434e+05,20590,-3626.1,17004
2.5053e+05,1.8287e+05,-4.1198e+05,20238,-15892,27181
5.0136e+05,75892,98321,16520,479.93,16639
2.8117e+05,-4.2124e+05,98314,29456,-4760.9,16639
4.3941e+05,-2.1663e+05,-1.6336e+05,18214,2688.5,17219
52578,-4.7499e+05,-1.1374e+05,1.561e+05,36969,16791
58669,4.4289e+05,2.1632e+05,1.2942e+05,62204,18150
4.5852e+05,84638,-2.2209e+05,16610,-1438,18094
4.1287e+05,-86431,2.9785e+05,16689,-2418.1,20001
4.8363e+05,-1.2869e+05,1.2768e+05,16903,-1110.1,16858
4.9283e+05,-82719,-1.3057e+05,16563,717.08,16883
4.9179e+05,-1.0296e+05,1.1963e+05,16689,-815.08,16791
3.3115e+05,3.7961e+05,-1.1248e+05,24865,-4188.1,16737
1.3171e+05,90742,-4.8722e+05,19885,-34730,52618
4.947e+05,80050,-1.2507e+05,16547,-660.34,16836
3.9367e+05,3.341e+05,3509.7,21431,94.357,16334
4.7631e+05,-96413,1.749e+05,16666,-1191.3,17361
23633,3.589e+05,1.0123e+05,3.4362e+05,96702,16970
4.5744e+05,-2.3936e+05,-13470,18438,223.24,16340
1.0101e+05,4.9983e+05,-7710.2,83513,-1239,16336
4.7528e+05,90215,-1.8088e+05,16626,-1160.6,17440
4.4418e+05,-2.5785e+05,54024,18890,-998.57,16424
1.0132e+05,4.8849e+05,-1.0605e+05,81448,-16971,16699
2.1882e+05,4.2337e+05,1.9611e+05,35653,13049,17664
4.1723e+05,2.6451e+05,-1.5036e+05,19344,-3155.9,17075
4.1644e+05,-1.0225e+05,2.8771e+05,16820,-2694.9,19674
3.2896e+05,-3.7275e+05,-1.3875e+05,24702,5174.7,16959
1.7873e+05,-4.1772e+05,2.4167e+05,41670,-20404,18504
97241,-4.3135e+05,-2.5303e+05,75292,42088,18822
1.2526e+05,-3.929e+05,-3.0409e+05,54195,38136,20300
1.2673e+05,4.9236e+05,-64476,66042,-8119.4,16465
22342,-2.9372e+05,-1.9415e+05,3.1515e+05,2.0776e+05,19572
16347,-3.2619,20641,16334,-2574.4,5.1611e+05
3.0214e+05,2.1955e+05,-3.5608e+05,20201,-11343,22578
2.1552e+05,-4.5428e+05,-1.1274e+05,38197,7745.7,16740
1.0156e+05,-3.6339e+05,-3.4321e+05,61429,53916,22090
2.9862e+05,-2.9338e+05,-3.017e+05,22915,11591,20139
4.6185e+05,-2.2974e+05,25543,18246,-402.8,16354
1.3987e+05,-4.9245e+05,-36895,60165,4175.4,16376
1.2843e+05,-1.6995e+05,-4.6623e+05,27234,47835,39400
2.3942e+05,-1.6187e+05,-4.2696e+05,19731,16379,29171
3.8489e+05,-3.4366e+05,-18530,21906,524.49,16345
1.4984e+05,2.2058e+05,-4.3908e+05,29188,-39904,31510
2.3087e+05,1.1399e+05,-4.4658e+05,18225,-14051,32751
1.5679e+05,1.6487e+05,-4.6087e+05,23771,-35072,36975
1.1661e+05,4.6537e+05,1.7795e+05,67832,24434,17423
3.2924e+05,-2.8051e+05,-2.8164e+05,21469,9079.1,19496
4.733e+05,-1.0808e+05,1.7621e+05,16755,-1355.4,17378
1.3571e+05,-4.9253e+05,-46878,61908,5482.1,16403
2.2945e+05,4.4233e+05,1.3196e+05,35544,8364.8,16898
4.6326e+05,-1.344e+05,1.8456e+05,17008,-1815.3,17490
3.0739e+05,3.9709e+05,1.1893e+05,26708,5007,16786
1.8081e+05,-3.2408e+05,3.5661e+05,33629,-28275,22664
2.6088e+05,2.5967e+05,3.613e+05,23069,16006,22899
1.2178e+05,4.974e+05,5731.5,69276,753.89,16335
5.1325e+05,16867,55522,16343,58.096,16429
4.7763e+05,1.7576e+05,87911,17406,1039.4,16576
91029,4.5678e+05,2.0381e+05,84902,36481,17831
92008,-3.4409e+05,-3.6303e+05,64185,63333,23336
1.8514e+05,4.8028e+05,-6615.4,45566,-546.98,16335
4.7139e+05,-1.7936e+05,1.1123e+05,17478,-1372.2,16727
3.0661e+05,-3.7895e+05,-1.6941e+05,25991,7030,17293
3.2089e+05,1.952e+05,-3.5398e+05,19126,-9385.7,22455
1.3691e+05,2.6654e+05,4.1651e+05,35953,44585,27997
1.9673e+05,-4.0557e+05,2.4908e+05,37531,-18684,18665
73365,-1.2322e+05,4.8299e+05,32538,-95395,57730
1.233e+05,3.8106e+05,-3.1933e+05,53484,-40640,20897
1.1665e+05,-3.0613e+05,3.9308e+05,46270,-52008,25532
4.25e+05,60035,2.8713e+05,16496,1545.7,19656
81019,-1.4714e+05,4.775e+05,34411,-86507,49431
46418,73565,-4.7588e+05,32119,-1.5404e+05,92434
36721,2.8416e+05,-3.6357e+05,1.4207e+05,-1.7937e+05,26416
2.3228e+05,-2.9814e+05,3.5058e+05,26618,-19514,22289
1.6288e+05,-4.585e+05,1.6622e+05,49015,-15797,17262
1.2958e+05,-4.6972e+05,1.5937e+05,61882,-19533,17186
68761,2.7982e+05,4.1108e+05,70353,97781,28488
2.6313e+05,-4.2631e+05,1.2273e+05,31142,-6499.1,16818
1.0844e+05,1.5197e+05,4.7556e+05,28337,59213,44848
83691,3.3449e+05,3.715e+05,68538,71798,24025
3.1055e+05,3.5473e+05,2.0989e+05,24817,8323,17881
4.1125e+05,-2.5213e+05,1.8426e+05,19164,-3830.3,17486
2.9968e+05,-53750,-4.1663e+05,16595,4020.7,27710
2.2911e+05,-3.0159e+05,3.4966e+05,27045,-19919,22240
91205,-4.4439e+05,-2.2959e+05,82527,40966,18309
4.9715e+05,2565.1,1.4005e+05,16334,23.767,16970
1.5352e+05,93713,4.8135e+05,19166,26947,46835
98623,3.2659e+05,-3.7863e+05,57228,-60943,24417
2.4618e+05,-4.4825e+05,-66050,33990,3851.8,16470
3.5952e+05,-3.3388e+05,-1.6059e+05,22302,4972.6,17188
2.2174e+05,-4.5664e+05,89039,37477,-5919.3,16584
2.7952e+05,-1.4065e+05,-4.1018e+05,18292,10807,26954
4.685e+05,-95529,1.9525e+05,16671,-1361.7,17645
1.1768e+05,4.9654e+05,-38998,71483,-5321,16382
2.5484e+05,-3.4799e+05,-2.8272e+05,27683,14661,19535
1.3541e+05,4.9231e+05,49773,62011,5834.4,16412
3.5207e+05,3.0781e+05,2.1862e+05,21707,6687.4,18033
1.9325e+05,-4.7563e+05,39903,43528,-3137.5,16383
4.7646e+05,-1.6206e+05,1.1608e+05,17254,-1282.9,16763
16772,-98051,64255,4.2083e+05,-2.7537e+05,19524
1.0664e+05,4.4164e+05,-2.3322e+05,70375,-35161,18363
59714,-4.6034e+05,-1.7782e+05,1.3193e+05,50181,17493
4.199e+05,-1.651e+05,-2.5118e+05,17553,3580.5,18697
3.7363e+05,2.4521e+05,2.5851e+05,19543,6210.9,18873
4.8512e+05,-1.5785e+05,80670,17178,-841.34,16537
38218,-68240,-4.6067e+05,36160,1.9429e+05,99722
1.039e+05,2.7572e+05,4.1672e+05,46833,62174,28322
39841,4.6821e+05,-37593,2.1109e+05,-16847,16386
