525
1302
258
1423
1825
982
855
1324
1872
1706
675
948
1452
627
1604
1495
1253
169
682
1730
1394
601
1746
1684
1702
1149
906
549
1207
1463
1293
1034
1487
1166
360
1610
164
1774
514
1523
664
1435
747
273
1859
1140
578
74
1861
130
1509
875
1211
1209
512
1143
815
994
1059
304
1237
98
129
301
1649
600
298
1855
1050
603
1726
187
1434
1594
421
668
1420
1441
254
1175
733
1019
628
1111
152
849
421
173
1712
437
502
869
273
236
1282
1138
614
1525
1585
1361
195
1519
382
18
1776
1325
1310
1183
410
1530
1396
886
1576
1715
1568
720
465
1813
1492
1534
1770
282
1263
1716
960
853
1304
500
480
778
764
44
930
580
904
1124
895
1102
463
973
67
1853
1855
1125
67
1162
1475
1602
1688
1410
217
679
1600
1147
1464
135
1815
1788
91
849
812
465
1577
769
1003
700
663
941
415
44
1351
1092
992
1628
595
1278
1568
355
1630
292
792
357
1182
1170
873
896
295
1574
1307
247
756
758
1851
275
1221
619
1260
668
144
25
1642
873
1532
321
1840
930
769
1871
1580
799
1051
1794
77
735
568
468
1864
843
1447
1401
1139
1361
1131
1514
639
1829
32
270
1413
798
1359
1516
1558
597
1413
1009
1846
1049
181
1458
208
687
939
678
1753
1390
793
1361
670
27
1584
1712
1367
1706
1299
1895
481
450
1255
1243
1048
1598
66
1281
765
561
633
622
13
1899
822
1047
71
1228
327
1793
1795
1574
984
864
49
686
661
877
783
1371
954
776
83
311
971
1283
1704
1707
59
312
396
1435
1166
1312
1295
922
212
178
1672
107
1392
1511
1821
1486
1842
1167
1577
551
468
44
1840
1499
52
964
1302
1028
486
1130
279
1695
185
10
1496
131
1436
1307
472
312
170
849
277
959
1290
1137
987
1587
1131
1227
1734
815
1496
1414
1435
181
822
392
1010
352
181
787
1263
535
70
633
1203
786
1225
764
783
1611
729
805
471
1464
1828
1858
434
967
1272
1433
716
133
1177
1807
126
1818
412
157
957
15
723
1380
517
1869
367
1490
563
262
940
1388
1448
990
1263
347
298
1725
442
218
1316
464
1666
1372
446
1689
532
1411
1843
344
1250
1489
1539
1895
424
931
397
606
661
1813
689
779
1545
426
1783
1720
759
317
1890
567
1289
299
819
1564
1213
1738
1378
706
591
1609
1225
815
1656
1450
1217
816
275
1820
1511
184
480
1746
502
1054
1307
873
141
887
692
1236
1686
254
1265
1156
1091
1540
1369
1004
847
1138
1314
70
486
229
519
1369
1791
1643
1256
1172
1095
1710
571
213
1757
646
939
1594
886
378
292
162
1789
568
910
350
329
432
111
571
454
1336
934
337
1679
313
93
1589
1160
1543
1280
1239
254
260
484
540
129
973
539
1732
1777
238
1072
444
1217
947
1567
893
980
549
314
760
448
1642
1013
238
1636
1384
1122
435
1453
690
907
421
1470
515
1831
1665
1195
1384
1024
1664
695
1299
279
915
724
1548
1209
956
727
458
872
1682
1299
1487
726
1736
197
1015
12
501
1354
1795
1090
1489
64
1856
1014
1568
1306
1411
777
1302
340
1428
1574
923
1497
1454
933
1410
1695
568
1647
723
1462
1699
1413
179
157
145
1418
1288
1465
47
439
1449
280
1480
1456
1515
1856
262
689
70
587
761
1680
260
256
1069
160
1081
1787
1421
1380
1334
927
25
814
1630
1683
1507
1221
403
353
1432
450
729
1079
1610
981
1773
1740
1619
1670
1045
1485
535
1529
499
1105
499
1804
1406
1143
1009
467
1431
590
879
1592
1630
1454
1062
137
461
460
1203
579
1682
540
1499
1007
426
752
1701
516
1067
136
80
1367
600
404
129
1237
17
522
265
39
145
1494
1803
376
1712
1575
768
1001
442
1615
1216
245
198
1725
718
1793
1024
771
1441
1225
435
393
1072
526
1566
33
454
1218
719
775
681
391
1026
770
171
808
173
792
486
492
1407
1644
1453
30
1348
1049
82
1597
1887
1478
1362
1434
627
1341
1218
1012
908
839
1277
1672
632
212
1166
1836
1570
74
1320
1442
532
1365
1153
220
1522
552
574
740
1756
1205
1867
1061
38
1542
1884
420
1854
1367
290
1852
778
826
38
649
1551
690
496
83
1094
1103
72
1216
1016
604
855
489
1714
1755
1487
1809
336
1070
1470
592
291
183
1279
1175
488
924
717
799
1186
1791
1489
1630
936
568
1885
421
1325
1886
1217
138
766
34
580
557
115
228
645
636
1753
740
1474
213
584
1452
1265
1829
1422
1048
1287
206
1010
1334
1083
1202
1575
1576
587
1549
786
593
645
158
661
108
30
274
259
49
328
726
34
1116
1492
975
1039
1245
1175
1478
388
733
810
229
592
304
636
737
743
595
1010
779
94
741
1895
104
1056
805
1672
743
1346
347
53
1548
325
1691
608
1351
1448
1452
459
863
1467
495
1717
1609
1054
171
219
216
1588
925
1110
1700
1586
1621
1232
643
1509
1674
97
435
1727
25
405
799
252
1051
496
1211
186
509
822
885
562
285
115
1091
896
1213
621
443
629
687
1515
508
560
558
1580
1285
1657
252
974
511
525
183
1251
244
4
1710
525
239
1706
495
975
613
1236
1231
135
707
659
1062
432
198
682
184
1753
647
1086
1788
928
1025
16
658
70
332
472
132
442
337
1187
1850
347
1875
106
