27.75,-10.787,-5.2038,24.567,3.1211,21.722
32.43,1.4557,-5.5865,21.122,-0.28193,21.618
24.387,-10.434,-4.5909,27.694,5.122,21.926
21.088,0.0046959,0.45737,21.087,0.32352,33.301
24.519,-10.476,-4.7579,27.499,5.1466,21.963
21.241,3.0718,0.42386,32.88,2.6713,21.203
21.364,2.2463,-3.4483,25.181,-11.553,27.526
21.648,2.7025,5.0604,24.072,10.493,28.416
22.424,-6.4411,5.3673,27.588,-9.5604,23.937
21.106,-0.94611,-0.62905,30.069,10.162,23.334
25.016,0.39322,-11.828,21.094,-0.54093,28.062
22.342,8.1023,-1.0493,31.291,-2.2125,21.181
28.288,2.8776,-11.365,21.329,-1.9168,24.543
21.092,0.014725,-0.66877,21.093,-0.69291,33.285
22.382,4.5836,6.8886,24.704,10.082,26.782
24.715,-11.545,-1.5549,28.302,1.6961,21.17
27.011,7.0626,9.9251,22.856,4.7837,23.986
31.65,1.6978,7.5513,21.139,0.48393,22.132
24.002,-10.411,-3.6594,28.476,4.5216,21.665
21.288,2.8587,2.0667,29.452,10.379,23.619
21.488,4.4844,1.9848,31.082,7.4263,22.172
32.784,-4.4573,-0.67882,21.415,0.099676,21.092
25.679,8.347,-8.7718,24.265,-6.245,23.766
21.655,-4.4281,3.6946,28.33,-10.544,24.138
31.424,-6.7044,-4.7033,21.941,1.177,21.478
28.161,-1.5504,11.689,21.158,-1.0927,24.853
21.696,-3.476,4.8348,25.498,-11.214,26.768
25.594,-10.525,5.9354,26.049,-5.065,22.211
27.921,-11.615,-2.6138,24.972,1.6133,21.238
21.732,0.88361,6.0492,21.38,4.0122,31.871
26.091,8.5185,8.7271,24.108,5.8053,23.543
28.96,-5.7632,-9.6962,21.956,2.8711,23.289
21.667,-4.7871,-3.3201,29.22,9.7127,23.39
24.076,-0.89401,-11.075,21.147,1.5411,29.085
24.203,-11.188,-1.0288,28.959,1.2512,21.127
21.107,-0.057454,-1.1816,21.122,1.5215,33.215
23.781,4.0759,-9.986,22.486,-6.6529,27.692
22.361,7.6862,-2.9167,30.302,-5.9313,21.854
25.45,11.894,-1.8264,27.462,-1.7311,21.187
22.232,-7.472,-2.4516,30.727,5.3344,21.677
21.104,0.9121,-0.62603,29.919,-10.336,23.452
23.31,-4.2183,9.226,22.906,-7.6469,27.734
31.554,-2.4391,7.5519,21.199,-0.70099,22.138
21.099,-0.88757,0.27823,32.383,-5.8475,21.674
32.952,3.5159,1.255,21.287,0.1437,21.11
30.687,0.004797,9.411,21.085,0.0019149,22.886
21.216,-2.373,-1.5743,29.946,10.018,23.308
22.934,-2.1308,-9.2596,21.665,4.9751,29.803
24.946,5.8489,-10.243,23.025,-6.5091,25.781
22.15,-6.0908,4.5788,28.335,-9.5058,23.594
29.088,-4.7842,10.103,21.678,-2.4688,23.484
22.192,-6.77,-3.763,29.498,8.0183,22.622
21.088,0.016026,-0.46341,21.104,-1.0876,33.273
29.09,-2.2369,-10.951,21.216,1.2779,23.993
22.976,9.5324,-0.95173,30.488,-1.5881,21.14
22.137,3.0763,-6.9278,23.176,-8.9935,28.863
31.306,-8.2146,1.7943,22.374,-0.54695,21.141
29.599,-10.702,-0.63554,23.719,0.29545,21.093
21.09,0.57971,-0.072891,33.144,-2.4809,21.184
21.812,1.6092,-6.2411,21.943,-6.5242,30.939
23.217,-2.7999,9.597,21.943,-5.7649,29.068
21.284,-3.4891,0.12799,32.985,-0.71557,21.093
21.159,2.1445,-0.032996,33.19,-0.30457,21.087
25.013,0.55521,-11.82,21.103,-0.76347,28.053
29.92,-7.7457,6.9167,22.445,-2.3548,22.051
22.105,-2.9871,-6.8592,23.122,8.9426,28.972
21.231,2.3063,-1.9246,28.767,-11.11,24.246
21.243,-1.5286,-2.7255,24.49,11.296,28.464
21.09,-0.52239,0.23576,31.567,-7.8907,22.243
25.873,-7.265,9.7474,23.43,-5.9769,24.428
21.29,-3.4615,-0.78247,32.509,4.2574,21.395
21.246,-0.71212,3.0685,21.856,-6.5305,31.89
31.732,7.158,-2.4524,22.025,-0.6301,21.188
31.936,6.1157,3.6227,21.76,0.78683,21.31
22.459,-8.4666,0.3215,31.258,-0.64686,21.093
21.15,0.501,1.958,22.023,7.1753,31.791
23.533,-9.5262,4.34,28.53,-5.8987,22.056
22.003,-3.0557,6.4628,23.441,-9.4656,28.71
30.723,3.1073,-8.8265,21.288,-1.1471,22.641
29.944,-0.98992,10.31,21.108,-0.4755,23.428
21.377,3.9787,-1.3783,31.801,-6.1736,21.783
21.416,1.1586,4.3134,22.069,7.1616,31.332
32.36,4.1935,-4.2739,21.39,-0.61819,21.393
24.526,3.05,-11.101,21.701,-4.4192,27.822
21.087,-0.3009,-0.058265,32.943,3.7659,21.317
24.965,-11.582,2.29,27.899,-2.3654,21.261
24.205,10.22,4.6727,27.806,5.4029,22.002
21.088,-0.4452,0.052115,33.168,-2.3136,21.171
29.537,10.781,-0.12705,23.777,-0.059858,21.085
22.025,-0.62098,-7.1941,21.185,2.3143,31.737
21.421,-0.22668,-4.4927,21.123,1.5019,32.727
24.003,-10.71,2.6584,28.848,-3.3352,21.385
21.127,-0.38698,1.5754,21.958,-6.968,31.92
25.426,7.0026,9.7749,23.507,6.4126,24.777
23.27,-1.0083,-10.032,21.195,2.1888,30.023
24.494,1.4766,11.392,21.232,2.2666,28.473
26.746,-11.434,-4.2931,25.676,3.1392,21.564
21.591,-1.2144,5.3204,21.794,-6.1075,31.471
21.441,0.24984,-4.6174,21.128,-1.6045,32.688
21.132,0.13634,-1.7075,21.184,-2.4717,33.079
21.847,1.2409,6.4653,21.575,5.0519,31.416
21.304,-3.5514,-0.90259,32.369,4.736,21.473
27.314,-6.075,10.485,22.338,-4.2049,24.27
31.395,-7.8169,2.6198,22.244,-0.7565,21.205
21.562,-3.1317,4.289,25.669,-11.435,26.755
22.898,-9.1341,2.3557,30.163,-3.9777,21.441
21.857,-6.609,0.42497,32.094,-1.1729,21.11
21.114,-1.022,0.89293,28.634,-11.452,24.493
22.763,-5.9187,6.9953,25.617,-9.7654,25.395
26.707,11.111,-5.0778,25.473,-3.6648,21.767
22.452,-8.4053,0.90079,31.184,-1.814,21.151
21.085,0.038006,-0.047064,26.59,-12.222,26.413
21.185,-0.093198,-2.497,21.107,1.1556,33.117
27.304,-11.699,3.169,25.432,-2.1536,21.325
21.72,-0.39886,-6.0489,21.147,1.8657,32.24
25.201,3.8738,-11.282,21.9,-4.6571,26.832
22.556,8.4327,-2.1677,30.609,-4.1345,21.448
25.425,-12.019,-0.34226,27.618,0.32807,21.089
23.143,8.5596,4.9264,28.326,7.2695,22.589
28.784,-9.5535,6.2388,23.458,-2.9423,21.932
21.095,-0.027252,0.77759,21.104,-1.1011,33.263
29.348,7.5574,-7.9341,22.484,-2.8452,22.442
21.514,-2.7183,4.2595,24.986,-11.272,27.547
24.949,-10.723,-4.9161,27.056,4.8705,21.938
32.141,1.4069,-6.4446,21.12,-0.32431,21.814
21.282,-3.471,0.22054,32.961,-1.2372,21.11
21.217,-2.7996,0.56184,32.719,-3.8393,21.332
21.085,-0.0012919,0.043944,21.099,-0.9256,33.287
23.442,8.145,-6.3722,26.936,-8.1609,23.451
27.975,-10.713,5.1387,24.403,-2.9669,21.691
21.086,-0.0011137,0.24218,21.085,-0.14498,33.306
33.086,-0.48202,-2.9204,21.089,0.045647,21.223
25.824,-1.2571,-12.081,21.16,1.4352,27.1
21.554,-5.0195,1.6013,31.697,-5.6373,21.675
24.46,-11.342,-1.6389,28.576,1.8811,21.185
26.046,-9.2623,7.9231,24.652,-5.6609,23.063
28.259,-1.1546,11.682,21.125,-0.80196,24.806
28.166,11.631,-1.9175,24.84,-1.1446,21.165
21.107,-0.71493,-0.94953,26.159,12.17,26.819
21.377,3.2702,2.6503,28.769,10.792,24.078
21.155,-2.0827,-0.13053,33.16,1.2379,21.11
21.224,1.9187,-2.215,26.896,-11.968,25.941
22.142,-6.3437,4.1806,28.914,-8.9218,23.13
26.787,-3.8856,11.575,21.66,-3.3821,25.522
30.687,-0.90012,9.3669,21.102,-0.35731,22.867
24.412,-10.507,4.4767,27.727,-4.9819,21.877
21.085,0.00028463,-0.057089,21.085,-0.15721,33.308
29.779,8.7914,5.8091,22.853,2.2467,21.759
29.803,7.6747,7.183,22.441,2.4617,22.141
22.349,3.4099,-7.4431,23.211,-8.8575,28.546
21.796,-5.3641,3.4526,29.4,-9.1905,23.109
21.681,5.8481,-0.68091,32.268,-2.1528,21.167
21.354,-3.9369,-0.91661,32.387,4.3447,21.412
22.682,-2.1052,-8.7399,21.743,5.3835,30.026
29.739,10.416,-1.8461,23.542,-0.82555,21.15
31.556,-3.9171,6.8983,21.376,-1.0196,21.953
24.68,-11.379,-2.3805,28.186,2.5967,21.287
26.982,12.184,0.21155,26.028,0.15534,21.086
30.269,-9.6879,-2.3716,23.088,0.93808,21.19
21.135,-1.2178,-1.2768,27.546,11.96,25.435
21.086,-0.21865,0.10829,31.279,-8.4525,22.452
21.73,-1.2433,5.9785,21.667,-5.5198,31.451
21.285,2.3132,2.6294,26.937,11.859,25.827
24.988,-3.8681,11.168,21.945,-4.867,27.005
22.173,3.4283,-6.8832,23.572,-9.4585,28.333
21.181,-0.32674,-2.4197,21.361,4.0654,32.729
26.439,1.4831,-12.132,21.176,-1.4846,26.449
26.166,-1.7371,-12.08,21.217,1.8316,26.673
21.997,-1.2147,-7.024,21.477,4.4936,31.344
21.458,-4.2743,2.0219,30.93,-7.8317,22.312
24.238,8.2799,7.6432,25.648,7.6753,23.82
21.356,-0.89045,-3.9576,21.801,6.2567,31.807
25.381,-6.7311,-9.943,23.355,6.3816,24.98
21.904,6.7862,-0.37057,32.036,-0.9916,21.103
24.747,-2.7967,11.331,21.571,-3.892,27.741
21.419,-3.0666,-3.2784,27.181,11.572,25.435
27.253,0.4331,-12.125,21.092,-0.37124,25.761
22.196,4.3343,-6.4364,24.864,-10.371,26.832
21.782,-6.05,1.845,31.447,-5.2789,21.618
22.302,0.64903,-8.0336,21.169,-2.0745,31.366
30.847,-4.6921,7.8814,21.538,-1.5057,22.289
31.287,8.408,-0.76697,22.437,-0.23917,21.095
22.934,-2.3911,-9.1968,21.813,5.506,29.601
21.764,-6.0461,1.5823,31.671,-4.6146,21.483
21.201,1.6841,2.0893,26.489,12.041,26.368
22.068,-6.4062,3.6287,29.577,-8.2392,22.688
23.745,10.202,3.3638,28.855,4.4339,21.613
26.746,5.0263,11.131,22.047,4.167,25.113
29.036,2.125,-11.017,21.204,-1.2317,24.051
31.648,-5.4804,5.4715,21.646,-1.1056,21.616
21.554,4.2807,3.0756,29.181,10.02,23.543
25.101,-10.712,-5.1368,26.825,4.9164,21.992
21.96,5.8033,3.9113,29.021,9.2344,23.236
22.34,1.3717,8.0489,21.446,4.1987,30.908
21.085,-0.019408,-0.0081554,31.775,7.473,22.102
21.087,0.35394,-0.030105,33.233,-1.6889,21.131
23.725,-9.2158,5.4724,27.636,-6.8575,22.585
28.2,10.45,-5.4172,24.146,-2.9725,21.747
33.119,2.2104,-1.6103,21.164,-0.11463,21.127
21.09,-0.027206,-0.57647,21.12,1.4812,33.245
21.211,-2.526,1.1871,31.28,-8.0209,22.319
21.088,-0.39084,-0.16613,31.74,7.538,22.124
24.168,11.181,0.67209,29.035,0.82489,21.103
23.548,-9.0319,5.3317,27.831,-6.999,22.596
21.93,5.7872,-3.7452,29.225,-9.0678,23.105
31.748,-2.4416,-7.1261,21.196,0.6478,22.005
21.928,5.3541,4.3313,28.211,10.073,23.937
32.263,-1.7327,-6.0235,21.138,0.36812,21.714
23.148,-1.4696,-9.7742,21.333,3.28,29.987
30.28,-6.463,7.5787,21.998,-2.0961,22.232
28.044,-9.0791,-7.6139,23.49,3.8267,22.479
21.796,6.3178,0.88648,32.044,2.5495,21.202
22.619,-1.2305,8.765,21.322,-3.3543,30.705
22.79,9.1661,-0.97508,30.725,-1.7293,21.148
22.542,6.5327,5.7044,27.259,9.5618,24.099
25.441,-7.9902,-8.9936,24.179,6.5192,24.073
24.761,10.694,4.6987,27.318,4.8523,21.892
22.307,-7.4475,3.1226,30.157,-6.4634,22.012
23.395,9.741,3.2608,29.243,4.7002,21.645
27.675,-5.2636,-10.79,21.975,3.5758,24.349
27.199,-11.341,-4.3452,25.264,2.9375,21.55
21.287,0.59366,3.4723,21.514,4.9716,32.334
21.54,4.8553,-1.8464,31.384,-6.5476,21.905
31.168,-8.6497,0.12801,22.532,-0.041464,21.085
30.707,-9.3814,-0.099429,22.871,0.036385,21.085
22.932,-7.1156,6.2907,26.861,-9.1147,24.04
22.725,-9.0621,-0.60911,30.868,1.1067,21.11
21.151,-1.598,-1.2426,29.234,10.907,23.949
27.791,-9.5662,7.1795,23.847,-3.9062,22.343
21.107,1.1807,0.11479,33.18,1.9231,21.144
23.115,8.1305,-5.5222,27.786,-8.0045,23.056
23.932,10.816,1.7612,29.163,2.2663,21.218
24.303,4.9073,10.209,22.757,6.7002,26.775
33.259,0.94229,1.036,21.099,0.031091,21.102
21.619,-3.6114,4.2758,26.436,-11.389,25.91
25.607,-12.087,0.050436,27.426,-0.046801,21.085
21.091,-0.35044,-0.50181,25.736,12.116,27.281
32.69,2.3844,-4.2594,21.181,-0.34158,21.387
22.209,6.0748,-4.8885,27.959,-9.7027,23.848
27.579,-10.758,-5.405,24.645,3.3191,21.787
27.224,-5.2314,10.955,22.036,-3.8985,24.684
28.112,6.402,-9.9314,22.3,-3.6666,23.622
30.762,-8.6396,-3.4432,22.599,1.1664,21.301
22.948,0.91965,-9.484,21.193,-2.2303,30.448
29.494,-0.46203,10.812,21.09,-0.24759,23.806
24.867,3.2412,-11.292,21.713,-4.312,27.426
32.046,-5.3887,4.2124,21.604,-0.80209,21.389
21.583,-3.6091,4.0443,26.774,-11.396,25.625
22.382,-7.6775,3.0893,30.155,-6.2015,21.94
21.563,3.4759,-4.024,26.606,-11.457,25.811
21.161,1.441,1.6261,27.084,12.04,25.838
21.43,-3.0988,-3.339,27.127,11.57,25.473
23.154,-8.69,4.73,28.484,-7.0088,22.453
21.28,-1.2876,-3.2122,23.104,9.6357,30.119
22.41,7.6507,-3.3377,29.937,-6.5815,22.073
21.207,1.7963,-2.0812,26.889,-11.997,25.969
23.326,-4.1945,-9.263,22.873,7.5895,27.755
21.549,-4.799,2.1104,31.018,-7.3372,22.155
28.199,11.618,1.8918,24.814,1.1233,21.163
21.138,-0.070743,1.8126,21.109,-1.2172,33.188
24.45,1.1302,11.396,21.173,1.7649,28.605
24.023,-2.8524,10.682,21.723,-4.7058,28.377
24.91,-0.42527,11.766,21.096,-0.59945,28.18
21.767,-5.5842,2.8361,30.31,-7.9443,22.445
22.384,-7.7375,2.9491,30.264,-5.9363,21.859
23.737,10.707,0.73263,29.553,0.99281,21.109
23.678,-7.0344,8.0079,25.182,-8.5691,24.835
21.245,-3.1427,0.15251,33.034,-0.95,21.1
27.095,-6.4652,-10.307,22.555,4.5355,24.23
27.663,-11.975,0.91332,25.365,-0.59777,21.104
22.815,7.7398,5.1027,28.199,8.1965,23.017
24.137,0.04393,-11.172,21.085,-0.074982,29.097
21.244,-1.7185,-2.6239,25.282,11.753,27.57
32.189,-6.422,-0.79399,21.808,0.17573,21.096
21.511,4.4171,-2.4221,30.369,-8.6253,22.667
33,-3.0972,1.5879,21.241,-0.15974,21.126
21.09,-0.4758,0.24448,31.148,-8.6708,22.543
27.893,-11.369,3.5746,24.838,-2.1815,21.374
28.807,10.406,-4.6414,23.865,-2.3355,21.54
21.085,-0.022012,0.025259,27.047,-12.175,25.966
24.275,-11.298,0.26958,28.928,-0.32353,21.088
21.129,0.94521,-1.3757,25.618,-12.028,27.357
24.268,-11.295,-0.098611,28.939,0.11853,21.085
21.1,-0.049654,-0.98033,21.125,1.5862,33.221
25.046,11.846,0.34561,28.035,0.35528,21.089
21.086,-0.22079,0.10933,31.28,-8.4513,22.451
22.55,-6.7504,-5.4767,27.593,9.3153,23.798
21.526,-5.1158,0.1993,32.611,-0.73935,21.094
22.434,-8.4074,0.15115,31.303,-0.30744,21.087
27.512,-10.478,-5.9741,24.512,3.6346,21.958
26.485,12.127,-1.5288,26.441,-1.2135,21.146
21.336,-3.8866,0.46536,32.779,-2.3008,21.173
22.802,-3.9415,8.3598,23.157,-8.3972,28.045
21.47,4.5136,1.6444,31.57,6.3713,21.846
31.549,-5.592,5.6462,21.675,-1.1759,21.655
21.197,2.3063,1.2894,30.695,9.0632,22.759
28.357,5.2926,10.417,21.891,3.1144,23.855
21.436,4.5639,0.51373,32.643,2.1414,21.163
21.142,0.98813,-1.6047,25.015,-11.761,28
22.053,7.1182,1.6895,31.365,4.0803,21.408
21.254,3.113,-0.8462,32.363,-5.063,21.529
21.807,-6.3532,-0.96923,31.995,2.7613,21.223
29.493,0.97206,10.78,21.108,0.519,23.787
24.625,3.6661,10.991,21.943,5.0456,27.405
30.897,-8.9165,-1.7912,22.669,0.6141,21.142
21.087,-0.24582,0.22236,28.463,-11.618,24.672
32.66,-4.6083,1.9244,21.442,-0.29556,21.146
23.771,-10.277,-3.2344,28.884,4.2463,21.567
30.947,-5.6549,-7.0238,21.732,1.5835,22.019
33.154,0.90712,-2.2963,21.098,-0.067048,21.17
21.982,7.0087,-0.98208,31.774,-2.4918,21.201
22.978,4.1913,8.6192,23.199,8.2999,27.779
22.522,-1.2508,8.5337,21.347,-3.548,30.801
24.072,-8.8942,6.6526,26.558,-7.3437,23.163
21.752,5.031,-3.6176,28.961,-9.7859,23.507
28.625,-9.607,6.3553,23.538,-3.0767,21.978
33.253,-0.46752,-1.408,21.088,0.020988,21.117
23.308,-5.1023,8.765,23.703,-8.4985,26.803
31.733,4.5455,-6.0471,21.469,-1.0121,21.736
24.618,-11.199,2.9496,28.105,-3.2359,21.402
27.232,7.6951,-9.387,23.091,-4.6825,23.549
21.989,7.0694,-0.64661,31.865,-1.6384,21.135
21.1,-0.034793,0.95859,21.106,-1.1393,33.253
32.974,-2.9416,2.1116,21.226,-0.20243,21.157
25.213,-10.452,-5.7597,26.434,5.2983,22.219
21.335,-3.8161,-0.83509,32.471,4.1096,21.375
27.561,-10.816,-5.3015,24.691,3.2771,21.76
21.895,-6.2606,2.5565,30.747,-6.6515,21.997
26.207,12.019,2.1475,26.64,1.7781,21.21
22.134,7.3925,-1.6373,31.313,-3.7906,21.366
21.086,0.00071312,-0.25112,21.085,-0.089529,33.307
30.29,-3.9608,9.1245,21.432,-1.5852,22.811
22.689,5.0466,7.4602,24.613,9.6827,26.516
29.829,-1.9152,-10.308,21.172,0.93126,23.448
21.089,0.34831,-0.38922,27.204,-12.137,25.811
24.374,-10.858,-3.4359,28.198,3.934,21.545
23.611,10.529,0.95217,29.685,1.3302,21.128
24.372,-11.325,-1.1795,28.744,1.3828,21.138
22.68,6.9357,5.7142,27.403,9.2107,23.826
22.748,-7.3523,-5.4158,27.826,8.7278,23.394
24.434,9.4282,6.4765,26.53,6.7131,22.844
28.669,10.887,3.6722,24.171,1.9487,21.37
22.238,-0.57176,7.8613,21.154,-1.8905,31.478
24.23,10.365,4.4008,27.923,5.0957,21.887
21.183,-0.83304,2.3256,22.782,-9.1221,30.685
21.607,5.4028,1.2104,32.051,4.0728,21.383
31.595,-5.9031,5.1797,21.738,-1.1294,21.56
23.772,-7.5886,7.6486,25.633,-8.3538,24.303
21.088,-0.015414,-0.43157,21.105,1.1232,33.272
21.341,-3.2012,2.3158,29.388,-10.316,23.611
21.218,2.0984,1.951,28.174,11.524,24.772
21.085,-0.15884,-0.0019354,33.306,0.24318,21.086
28.013,-11.007,-4.4283,24.555,2.5946,21.529
23.416,7.4337,-7.1339,26.104,-8.7076,24.226
32.981,-1.4025,3.2933,21.117,-0.15119,21.262
21.097,0.32049,-0.78963,23.204,-9.9664,30.25
23.156,4.4328,8.8497,23.236,8.1903,27.522
21.085,-0.0016135,0.13611,21.087,-0.37368,33.304
22.809,-7.9368,4.766,28.542,-7.7855,22.746
23.115,8.4895,4.9524,28.313,7.3562,22.627
28.454,-6.0153,9.9497,22.105,-3.2972,23.543
26.116,2.247,11.99,21.308,2.3671,26.61
22.006,3.627,-6.1721,24.329,-10.304,27.659
28.419,11.339,-2.6665,24.536,-1.509,21.237
23.183,-8.5089,-5.1435,28.126,7.447,22.71
21.154,1.889,0.87925,31.386,8.0157,22.303
22.372,6.8829,4.5462,28.656,8.6804,23.098
24.565,11.276,-2.4607,28.292,-2.7449,21.307
29.037,-7.1336,8.66,22.391,-3.0775,22.776
21.485,-4.8567,0.56263,32.561,-2.1904,21.167
22.773,-8.7956,-2.6417,30.152,4.6277,21.566
28.926,5.5079,-9.8733,21.885,-2.817,23.391
32.628,-1.1029,-4.9922,21.106,0.18707,21.504
21.113,-0.74848,1.1085,25.531,-12.023,27.47
21.494,4.5641,-1.8902,31.248,-7.0489,22.048
21.525,-4.1089,3.0425,29.069,-10.2,23.666
29.224,-3.6345,-10.452,21.422,1.9255,23.654
21.093,-0.06861,0.71574,21.228,-2.9712,33.071
25.912,-4.9299,-11.121,22.186,4.843,25.759
31.44,-6.634,4.749,21.921,-1.1747,21.486
27.344,-5.6913,-10.689,22.183,4.0222,24.413
29.675,9.4428,-4.9129,23.141,-2.044,21.564
31.285,-7.2729,-4.2931,22.104,1.1756,21.413
21.088,-0.41159,0.023087,33.273,-1.1169,21.105
21.42,4.3586,-1.0884,32.218,-4.5997,21.458
22.227,-6.9595,3.6319,29.662,-7.6575,22.46
21.323,-3.1537,2.1374,29.721,-10.005,23.367
23.768,8.8585,-6.1252,27.102,-7.397,22.989
23.436,-10.295,-0.87778,29.912,1.2832,21.124
25.72,7.2712,9.6965,23.515,6.1452,24.485
31.749,-7.1341,2.4129,22.017,-0.61697,21.185
21.366,-4.0669,-0.71372,32.58,3.323,21.273
27.968,-0.95694,11.846,21.114,-0.70704,25.078
30.861,-4.9705,7.6839,21.592,-1.5486,22.223
22.029,6.2774,3.5946,29.584,8.3356,22.722
33.194,-2.0596,-0.56028,21.153,0.036902,21.09
21.093,0.06318,0.72258,21.204,2.7172,33.108
21.1,0.18961,-0.94431,21.686,-5.9037,32.363
24.06,-5.9733,9.3502,23.721,-7.7926,25.946
21.366,0.58265,-4.0915,21.383,-4.1505,32.412
21.093,0.49519,0.52998,27.46,12.062,25.565
24.022,11.011,0.99068,29.18,1.2545,21.126
32.624,-1.7876,-4.8058,21.139,0.29154,21.472
32.525,0.16945,-5.4648,21.086,-0.031835,21.592
28.403,-11.653,0.32618,24.724,-0.18873,21.087
21.132,-0.13412,-1.717,21.18,2.4191,33.085
21.095,-0.43661,0.67081,25.34,-11.977,27.702
21.228,2.1635,-2.0386,28.087,-11.551,24.837
23.591,-1.0593,-10.493,21.19,2.0829,29.622
21.394,4.3219,0.0043839,32.828,0.019561,21.085
27.314,-11.038,-5.0007,24.985,3.258,21.699
21.159,2.1449,-0.052309,33.186,-0.48264,21.089
21.669,5.7582,0.9457,32.164,3.0123,21.247
21.134,-0.546,1.6569,22.566,-8.691,31.051
31.363,4.5289,6.9595,21.482,1.21,21.979
22.058,6.3716,3.6281,29.569,8.2761,22.703
29.462,-4.4287,9.9081,21.568,-2.1361,23.304
28.802,-2.6366,11.088,21.275,-1.5869,24.167
21.899,-6.7193,-0.90209,31.908,2.4133,21.192
21.387,4.2731,-0.17307,32.822,-0.78079,21.095
22.138,3.5959,-6.6782,23.893,-9.8156,27.996
21.136,1.3844,1.1423,28.93,11.191,24.217
21.563,-3.7609,-3.755,27.444,11.227,25.023
23.331,7.2128,7.1801,26.007,8.8727,24.404
21.94,6.7892,1.3803,31.649,3.5786,21.326
21.763,-4.4095,4.4242,27.239,-10.954,24.979
26.185,-7.8926,-9.3119,23.653,5.7306,23.909
23.026,9.6715,-0.018166,30.501,-0.029911,21.085
24.53,-11.286,-2.2848,28.372,2.5714,21.278
27.181,-10.771,5.62,24.898,-3.6738,21.882
21.086,0.00074097,-0.19047,21.085,-0.12266,33.307
21.088,-0.42541,0.091786,32.857,-4.1697,21.372
21.357,3.3966,-2.234,29.818,-9.805,23.254
21.085,0.00045304,-0.095692,21.085,-0.14928,33.308
22.83,-7.7771,5.1002,28.203,-8.1581,22.998
21.534,5.1479,-0.38478,32.561,-1.4132,21.119
25.591,-11.125,4.7134,26.574,-4.1709,21.775
21.087,-0.00089165,0.3556,21.085,-0.07904,33.305
24.702,10.984,-3.8541,27.721,-4.0992,21.625
29.52,-10.79,0.39673,23.787,-0.18742,21.088
30.666,-2.4841,9.1076,21.216,-0.95611,22.76
26.243,-7.5963,9.5623,23.445,-5.6423,24.068
21.191,-2.524,-0.49575,32.773,3.7726,21.322
28.964,3.2977,10.784,21.374,1.8756,23.92
32.73,-3.2485,-3.4339,21.262,0.3722,21.279
21.564,-3.1404,4.2932,25.678,-11.434,26.744
30.499,2.2116,9.4174,21.191,0.89977,22.912
22.412,1.1726,-8.2693,21.335,-3.5015,30.97
21.097,-0.79747,-0.37108,31.465,8.0668,22.307
33.001,0.99585,3.3257,21.101,0.10827,21.265
30.841,1.1887,-9.1037,21.114,-0.44978,22.74
32.864,4.0714,0.8605,21.358,0.11476,21.097
21.757,-1.4751,6.0412,21.868,-6.2954,31.125
30.477,-3.47,9.0625,21.346,-1.3525,22.763
29.087,-7.8724,-7.9384,22.654,3.0549,22.473
30.601,-8.7758,-3.7225,22.676,1.3022,21.34
25.582,7.2356,9.6724,23.569,6.2906,24.56
21.721,-3.0387,5.2478,24.402,-10.678,27.938
21.287,3.045,1.7603,30.45,9.1633,22.846
28.267,-10.52,-5.1991,24.154,2.8403,21.689
22.474,-1.8728,8.2995,21.688,-5.2668,30.382
21.868,-6.6533,0.37877,32.086,-1.0378,21.104
23.056,9.3127,-2.8001,29.796,-4.4728,21.556
30.585,6.6427,-6.8685,22.012,-1.8772,21.995
21.266,3.3319,-0.11241,33.014,-0.65953,21.092
21.378,1.6431,3.8845,23.257,9.7905,29.783
23.823,6.7954,8.4403,24.729,8.3849,25.136
22.99,9.2153,-2.71,29.906,-4.4228,21.539
22.661,-7.6934,-4.5622,28.745,7.8745,22.733
21.088,-0.078619,-0.45654,21.534,5.1609,32.609
21.293,3.5697,0.011394,32.983,0.062253,21.085
23.974,4.6658,-9.9669,22.78,-6.9713,27.115
23.296,-9.5501,3.3577,29.288,-4.9601,21.704
21.588,-5.4077,-0.6128,32.413,2.1187,21.163
32.793,2.2824,-3.8428,21.172,-0.29196,21.328
23.129,5.9487,-7.8527,24.873,-9.2392,25.741
21.946,-0.56202,6.9254,21.175,-2.2066,31.867
21.766,-5.5778,2.8345,30.31,-7.9489,22.446
21.122,0.039207,-1.5178,21.095,-0.80889,33.234
22.371,-7.8419,2.5517,30.557,-5.209,21.662
23.563,-0.14075,-10.508,21.087,0.28184,29.803
22.412,-7.7912,3.0105,30.202,-5.982,21.877
31.321,-6.7456,4.9745,21.961,-1.2664,21.529
21.15,-0.79467,-1.8447,23.401,10.219,29.921
21.12,-0.23779,1.4532,21.49,-4.9036,32.627
21.124,-1.515,-0.38712,32.632,4.8571,21.482
21.178,-2.4019,0.19448,33.097,-1.5922,21.126
21.341,2.5784,-2.9885,26.777,-11.793,25.914
31.081,-8.7844,-0.49874,22.591,0.16534,21.089
21.119,-1.2049,-0.83944,29.829,10.398,23.506
23.212,4.6381,-8.8482,23.368,-8.285,27.3
22.548,7.7652,-3.8939,29.403,-7.1623,22.336
28.748,-10.058,5.4395,23.714,-2.6859,21.721
21.681,-5.7777,-1.1451,32.037,3.5992,21.318
21.342,-3.1679,-2.3656,29.23,10.47,23.738
21.654,5.5976,-1.3721,31.898,-4.4026,21.439
21.085,1.7764e-05,0.021518,21.085,0.026031,33.308
21.129,1.2746,1.0571,28.91,11.223,24.243
21.088,-0.0024935,-0.40207,21.086,0.19546,33.303
21.324,3.5154,-1.4881,31.424,-7.3132,22.099
21.654,0.61753,-5.7284,21.25,-3.0458,32.182
21.33,-3.5679,1.4825,31.464,-7.2023,22.065
21.095,-0.75869,-0.24346,32.348,5.9702,21.7
27.279,-2.481,11.87,21.301,-2.0519,25.485
33.254,0.34181,1.4291,21.087,0.015575,21.118
22.228,7.7035,-1.5187,31.266,-3.3608,21.307
31.37,1.3972,8.1726,21.123,0.44548,22.348
23.123,-9.4183,2.857,29.702,-4.4695,21.561
27.603,11.467,-3.6397,25.076,-2.3317,21.394
25.375,7.499,-9.3742,23.875,-6.5675,24.443
21.161,-2.0606,-0.68594,32.187,6.1167,21.742
21.132,0.083098,-1.7215,21.121,-1.5046,33.176
28.443,7.7148,8.7071,22.742,3.6032,22.893
26.893,-11.158,-4.9292,25.362,3.46,21.711
21.196,2.2487,-1.3477,30.418,-9.4707,22.968
21.596,5.1005,-2.0073,31.231,-6.6889,21.956
21.087,-0.18649,0.29399,25.205,-11.928,27.861
21.103,0.87248,-0.59885,29.921,-10.338,23.452
28.79,11.248,1.8867,24.309,1.0099,21.158
22.05,-6.9977,2.0926,31.108,-5.0288,21.589
22.089,-2.0752,-7.1356,22.107,6.8686,30.324
25.092,3.8759,-11.224,21.924,-4.7683,26.918
28.076,-10.836,4.7547,24.423,-2.7289,21.596
22.298,-7.386,-3.2038,30.088,6.642,22.071
21.737,-0.86899,6.0719,21.368,-3.9336,31.881
30.655,-8.6246,3.8767,22.613,-1.3275,21.361
29.917,6.2754,-8.2792,21.987,-2.3323,22.512
22.284,-7.5187,2.765,30.462,-5.835,21.815
31.654,-6.6027,4.0225,21.894,-0.96754,21.367
21.349,-3.4133,-2.0988,30.121,9.4452,23.028
25.213,8.1009,-8.7637,24.439,-6.7582,24.033
22.009,6.8375,2.1553,31.087,5.2909,21.643
32.327,-3.8595,4.7044,21.345,-0.62985,21.461
32.4,5.0616,2.9639,21.527,0.51196,21.231
21.115,-1.3311,-0.35176,32.605,5.0132,21.509
24.612,-10.446,-4.9905,27.305,5.2664,22.035
29.448,-3.1025,10.413,21.324,-1.5938,23.582
21.319,-3.5328,1.3549,31.671,-6.7628,21.931
23.452,-3.9924,-9.5546,22.623,7.111,27.911
21.652,-5.1609,2.5427,30.553,-7.8834,22.385
22.212,1.1156,-7.7265,21.352,-3.6771,31.222
21.774,5.368,-3.2833,29.633,-8.9484,22.95
21.807,3.5588,5.3492,25.028,10.92,27.132
21.411,4.3715,-0.76522,32.513,-3.2978,21.271
22.847,3.6143,-8.6056,22.795,-7.8364,28.434
22.95,-9.343,-1.894,30.282,3.1627,21.307
21.639,-5.1029,2.5232,30.558,-7.9158,22.395
26.893,-11.829,-2.9806,25.842,2.1767,21.308
21.126,1.5914,-0.1926,33.1,-2.3804,21.177
21.869,6.0457,-2.8114,30.447,-7.3681,22.24
24.979,11.709,1.5679,28.008,1.6248,21.167
21.087,0.021181,0.33177,21.149,1.9983,33.205
30.754,-9.2701,-0.89288,22.821,0.32172,21.099
28.066,11.289,-3.5668,24.692,-2.1129,21.368
21.749,6.0955,-1.0576,32.019,-3.1464,21.264
25.803,-11.355,-4.2984,26.527,3.6976,21.634
21.408,-4.3082,0.96444,32.343,-4.1633,21.387
24.933,4.4301,10.923,22.223,5.4674,26.726
30.335,-9.5913,-2.4124,23.034,0.93895,21.193
31.532,-5.7752,5.5065,21.715,-1.1844,21.626
21.239,2.2653,2.0901,28.197,11.469,24.727
21.086,0.0062567,-0.18376,21.103,-1.0714,33.279
21.105,-0.064914,-1.1235,21.137,1.8055,33.194
27.726,-11.983,0.28552,25.328,-0.18525,21.087
22.771,8.9547,2.0172,30.443,3.5682,21.362
26.288,-6.4768,-10.358,22.809,5.3053,24.697
21.59,5.0337,-2.0957,31.105,-6.9994,22.051
22.963,-5.7078,7.6657,24.892,-9.4445,25.906
22.184,-5.1531,-5.7533,26.321,10.529,25.36
21.095,-0.015384,-0.78516,21.091,0.61647,33.283
29.708,9.5727,4.5777,23.186,1.9184,21.498
30.832,-9.0798,-1.4528,22.738,0.50967,21.123
26.548,9.8747,7.2036,24.722,4.9157,22.562
32.179,-3.2813,-5.6074,21.276,0.65065,21.629
27.408,-6.0758,10.455,22.318,-4.1267,24.208
21.95,-6.7259,1.8076,31.38,-4.6259,21.499
26.029,-10.525,-6.1423,25.612,4.8171,22.212
26.837,10.606,-6.0406,25.02,-4.1301,22.054
21.333,-3.8456,-0.58156,32.703,2.8898,21.225
27.418,10.165,-6.5439,24.375,-3.9499,22.157
31.883,-7.0055,-1.7898,21.971,0.44358,21.139
27.699,-2.4547,11.743,21.281,-1.8664,25.122
21.089,0.16293,-0.48604,22.621,-8.8517,31.041
25.647,-6.1428,-10.424,22.875,5.8371,25.241
28.634,10.892,3.7283,24.189,1.9886,21.38
21.085,-2.8712e-05,0.028565,21.085,-0.031694,33.308
21.398,-4.3445,0.13777,32.812,-0.61083,21.091
22.527,8.542,1.2718,30.993,2.4788,21.21
28.575,4.571,-10.608,21.669,-2.6745,23.915
22.328,-3.588,7.298,23.465,-9.192,28.263
32.725,-0.35951,-4.7312,21.087,0.057251,21.458
31.221,4.5211,-7.2671,21.488,-1.2821,22.073
32.764,-4.0434,2.1702,21.357,-0.29044,21.162
21.164,-0.24727,-2.2075,21.277,3.4139,32.884
23.738,1.9745,10.551,21.428,3.6344,29.112
24.327,-11.05,-2.5814,28.519,3.0206,21.344
22.42,-8.2616,1.3685,31.095,-2.7824,21.241
21.606,0.50199,5.5095,21.204,2.6082,32.323
23.28,2.2737,-9.8382,21.638,-4.7204,29.398
21.214,-0.0024449,2.8262,21.085,-0.026727,33.106
23.631,-9.3171,5.0535,27.992,-6.5678,22.387
25.546,-12.067,0.091236,27.491,-0.085584,21.085
32.5,3.6941,-4.1444,21.319,-0.52198,21.373
21.163,1.7252,1.3727,29.098,10.996,24.047
23.29,-4.176,-9.2109,22.887,7.6366,27.781
27.577,7.3664,-9.5233,22.824,-4.3252,23.526
22.246,0.60323,7.8813,21.161,1.9852,31.456
29.42,-0.045425,10.891,21.085,-0.02478,23.872
29.779,10.25,2.4444,23.457,1.0739,21.2
21.974,3.9214,-5.8567,24.963,-10.684,26.996
27.586,8.8061,8.2059,23.527,4.3153,22.816
27.57,-9.6233,7.2395,23.981,-4.0936,22.398
21.288,-3.4493,-0.74024,32.559,4.057,21.365
21.905,-3.9042,-5.5709,25.233,10.865,26.79
27.584,12.018,0.67622,25.448,0.44885,21.095
21.103,-0.5774,-0.90935,25.2,11.904,27.845
21.245,-2.5939,1.7699,29.781,-10.134,23.405
27.193,-11.116,-4.8965,25.117,3.2673,21.681
29.897,8.105,-6.5328,22.574,-2.3211,21.941
24.631,-8.3597,8.0284,25.224,-7.2972,23.835
21.754,0.96303,6.1331,21.423,4.2751,31.774
30.421,-9.6224,1.7349,23.026,-0.67029,21.14
31.697,-2.0624,7.359,21.165,-0.56918,22.073
29.538,-10.429,-2.7309,23.613,1.2531,21.231
21.456,-4.4387,1.6027,31.608,-6.3343,21.835
26.09,-4.5523,-11.314,21.991,4.4098,25.81
29.691,10.033,-3.5097,23.388,-1.5318,21.325
28.616,-6.3186,-9.6383,22.181,3.2613,23.33
23.689,5.7302,-9.0048,23.87,-8.2418,26.188
21.129,0.56737,-1.5602,22.841,-9.2842,30.684
31.929,6.6221,-2.6245,21.874,-0.61444,21.202
28.701,11.189,2.5125,24.318,1.3554,21.217
26.201,11.899,2.7321,26.548,2.2506,21.289
22.832,3.1575,-8.7513,22.413,-7.1445,28.937
23.766,-2.6267,-10.442,21.682,4.6777,28.738
23.267,10.017,1.0937,30.094,1.6728,21.149
24.2,-6.8932,-8.8684,24.379,7.9034,25.1
22.23,-7.7512,-1.29,31.356,2.8588,21.244
23.188,5.7284,-8.1366,24.52,-9.0751,26.044
26.442,-8.1226,-9.1334,23.66,5.4756,23.67
21.434,3.2141,-3.2616,27.468,-11.45,25.152
22.598,-7.6193,4.4082,28.899,-7.8192,22.675
26.718,-11.219,-4.8326,25.542,3.5045,21.699
21.24,2.9297,-0.9798,32.064,-6.0864,21.744
27.906,6.9125,9.7017,22.542,3.9578,23.54
24.718,-6.8459,-9.4281,23.871,7.2246,25.097
23.928,-8.37,-7.067,26.229,7.8349,23.595
21.104,0.011287,-1.0817,21.087,-0.32799,33.276
23.713,-10.381,-2.6084,29.18,3.5038,21.401
21.09,0.00047874,-0.57077,21.085,-0.026427,33.3
23.604,4.738,-9.4422,23.092,-7.6499,27.168
21.128,1.4174,-0.81001,30.699,-9.2672,22.831
21.151,1.9752,-0.49407,32.615,-4.7486,21.466
28.789,-2.2942,11.173,21.229,-1.397,24.229
28.026,-9.9101,6.5111,23.93,-3.5165,22.079
26.68,-8.2353,-9.0257,23.61,5.2378,23.509
24.802,11.684,0.73403,28.292,0.79017,21.104
26.831,-12.119,-1.4544,26.11,1.0901,21.138
22.393,-1.3667,8.1898,21.429,-4.0844,30.86
23.815,-9.8633,4.4625,28.239,-5.6536,22.019
28.578,4.2135,10.754,21.582,2.5084,24.009
32.645,-4.9769,0.8559,21.501,-0.14181,21.097
33.182,-1.4193,1.7318,21.117,-0.078824,21.133
31.241,0.47353,-8.5113,21.089,-0.15988,22.476
33.191,-1.7481,-1.2689,21.134,0.071015,21.111
29.146,-1.3957,-11.044,21.136,0.80075,24.039
32.377,-5.9194,-0.43964,21.688,0.088366,21.088
22.947,-1.9024,9.3343,21.545,-4.4698,29.952
22.919,-7.4749,5.8214,27.428,-8.7378,23.556
21.104,-0.026739,1.1015,21.094,-0.76232,33.263
21.58,4.8315,-2.4136,30.601,-8.0295,22.424
21.198,2.574,-0.63312,32.564,-4.6514,21.452
31.342,8.3256,-0.53818,22.403,-0.16536,21.09
25.153,-11.689,-2.2618,27.705,2.2557,21.25
22.109,5.6859,-4.8832,27.738,-10.058,24.146
23.398,-7.1423,7.389,25.788,-8.8436,24.542
26.148,-3.1636,-11.785,21.522,3.2205,26.314
23.019,9.1752,3.017,29.722,4.8551,21.644
22.202,-7.6268,1.5153,31.297,-3.3958,21.311
24.651,-10.773,4.3152,27.585,-4.594,21.777
22.214,7.7643,0.86359,31.508,1.9351,21.157
23.819,-5.4504,-9.3593,23.498,7.8616,26.457
27.467,2.0689,-11.897,21.23,-1.6634,25.394
32.474,-0.78751,5.5796,21.096,-0.15181,21.616
22.259,3.7469,7.0007,23.817,9.6239,27.932
30.849,5.8402,7.0691,21.783,1.6617,22.037
24.364,2.7113,-11.052,21.599,-4.1391,28.14
24.646,-9.2186,7.0434,26.011,-6.8145,23.099
21.593,-4.7988,2.6212,30.281,-8.5206,22.647
31.705,4.9161,5.8274,21.535,1.0549,21.689
25.176,-11.47,-3.233,27.452,3.1729,21.426
31.41,-8.1042,-1.3476,22.326,0.40123,21.116
21.968,6.9999,-0.60377,31.903,-1.5498,21.129
23.313,-3.7899,-9.4147,22.564,7.1076,28.151
21.565,-3.484,4.0293,26.61,-11.454,25.805
21.844,-6.5103,0.87576,31.988,-2.4335,21.193
33.203,1.3337,1.5537,21.113,0.066323,21.124
21.286,3.4845,-0.42683,32.85,-2.3661,21.178
30.059,8.8605,5.1078,22.817,1.9214,21.591
31.595,-3.8722,6.8315,21.369,-0.99398,21.933
27.658,-9.0526,-7.8947,23.628,4.197,22.659
21.839,-6.3333,-1.6769,31.552,4.6233,21.49
28.93,-10.786,3.3795,24.008,-1.7204,21.32
21.239,1.9554,2.3807,26.57,11.978,26.241
21.133,1.6273,0.61863,31.954,6.8585,21.928
27.701,-11.272,-4.1045,24.891,2.56,21.476
27.656,-9.6651,-7.1333,23.964,3.9938,22.344
21.683,-5.7452,1.3246,31.916,-4.1469,21.399
24.089,10.436,3.8518,28.309,4.6523,21.715
21.13,1.2022,-1.1772,27.957,-11.804,25.068
28.159,-8.8377,7.8073,23.329,-3.7748,22.542
31.571,-4.9133,6.1893,21.541,-1.1367,21.775
22.384,-4.714,-6.8073,24.891,10.151,26.578
28.582,-11.3,2.3754,24.434,-1.3115,21.204
29.446,-3.5239,10.28,21.393,-1.7819,23.508
26.092,-12.155,0.99254,26.882,-0.84469,21.112
22.188,7.5582,1.6447,31.252,3.7051,21.355
29.635,10.683,0.21838,23.698,0.10093,21.086
24.858,11.185,3.5753,27.666,3.7071,21.532
32.697,4.1312,-2.5481,21.371,-0.35064,21.191
23.538,-8.9052,5.5157,27.689,-7.2054,22.721
21.175,-1.7788,-1.5563,28.563,11.373,24.484
24.206,-3.9521,-10.521,22.219,5.8849,27.532
21.131,1.5804,-0.61151,31.917,-6.9599,21.957
21.086,-0.00028108,0.20812,21.085,-0.042582,33.307
24.453,-9.7402,-6.0277,26.824,6.3437,22.575
31.478,6.3779,4.9711,21.856,1.1806,21.524
27.773,-11.332,-3.8509,24.886,2.3859,21.426
24.451,9.9495,5.6718,27.05,6.051,22.389
21.285,2.7842,-2.1313,29.167,-10.659,23.853
25.043,6.5125,9.8992,23.406,6.7066,25.263
30.579,-9.5627,0.11719,22.966,-0.044224,21.085
23.695,6.0537,-8.7995,24.165,-8.3845,25.861
21.19,1.8569,-1.7494,28.125,-11.605,24.847
26.797,-11.703,-3.4796,25.831,2.5627,21.394
29.364,4.8873,9.7904,21.68,2.3492,23.261
21.086,0.098968,-0.15999,25.071,-11.863,28.012
25.692,-0.67988,12.093,21.108,-0.80357,27.306
22.75,-6.9209,5.9632,27.136,-9.2652,23.987
22.98,-9.4617,-1.5456,30.353,2.5657,21.23
21.582,-3.0065,4.5024,25.18,-11.268,27.249
21.114,1.2339,-0.57022,31.463,-8.0096,22.291
22.283,3.029,7.4129,22.871,8.4018,29.056
21.163,1.9814,-0.97494,31.197,-8.3387,22.429
21.105,-1.0878,0.22607,32.863,-4.018,21.351
21.121,0.11441,-1.5025,21.175,-2.3634,33.11
23.682,-10.605,1.1251,29.574,-1.5427,21.143
21.118,-0.63701,1.3013,23.926,-10.916,29.307
24.736,6.2565,9.8437,23.422,6.9877,25.559
22.051,-4.1126,-6.0409,25.001,10.602,26.861
29.196,10.545,-3.4323,23.787,-1.6587,21.323
23.476,-10.38,-0.44361,29.902,0.64248,21.095
21.859,-5.1497,-4.1723,28.273,10.167,23.961
21.792,2.3751,-5.9056,22.963,-8.9555,29.592
21.11,-1.2419,-0.11219,33.189,1.7881,21.136
21.217,-2.8218,0.48395,32.818,-3.3052,21.266
28.682,11.191,2.5614,24.328,1.3854,21.222
32.942,2.3887,-2.9341,21.179,-0.22965,21.225
26,-6.3111,-10.419,22.828,5.5339,24.95
31.267,-7.0278,4.7432,22.04,-1.2615,21.488
29.923,-4.6551,-9.279,21.586,1.9733,22.926
21.883,-6.7016,0.50268,32.042,-1.3627,21.119
21.196,2.6176,-0.20614,33.073,-1.546,21.124
23.893,-10.218,-3.8399,28.498,4.8468,21.748
31.07,-0.88697,8.7725,21.101,-0.31481,22.587
21.831,-5.8988,2.7821,30.454,-7.4784,22.273
21.101,0.60648,-0.79603,26.233,-12.187,26.752
32.811,-3.2154,2.9954,21.257,-0.31875,21.232
24.849,-10.913,4.3198,27.401,-4.4241,21.748
28.143,1.1052,11.748,21.122,0.78653,24.911
28.451,-11.602,0.78393,24.67,-0.44923,21.098
22.574,-2.7021,8.3211,22.237,-6.9127,29.499
21.127,-1.573,-0.41014,32.603,4.9455,21.498
23.099,6.1722,7.6125,25.197,9.3159,25.442
30.504,-5.8957,-7.6608,21.826,1.8933,22.242
32.495,-5.2029,1.9752,21.547,-0.34683,21.149
25.468,-10.252,6.3144,25.953,-5.4341,22.403
21.448,0.0047513,-4.6683,21.085,-0.030296,32.745
25.149,11.414,3.3802,27.438,3.3271,21.46
21.09,-0.57241,-0.092916,33.043,3.1797,21.249
27.189,8.9241,-8.2417,23.764,-4.6695,22.918
21.963,-6.9957,0.45898,31.938,-1.1821,21.111
21.335,3.8682,-0.55464,32.721,-2.7436,21.211
21.218,-2.7111,-0.94061,32.026,6.295,21.792
21.752,5.9686,1.671,31.607,4.911,21.539
21.33,-3.5218,-1.5934,31.232,7.6904,22.228
21.308,3.6216,-0.74796,32.558,-3.9041,21.345
21.858,-0.51285,6.6052,21.168,-2.143,32.004
22.285,-2.2484,7.6924,22.085,-6.689,30.087
31.453,-4.6023,6.7076,21.491,-1.1724,21.907
21.904,-6.4325,2.1925,31.102,-5.729,21.737
21.573,5.2889,0.90584,32.285,3.171,21.262
22.025,6.7586,-2.542,30.755,-6.1307,21.861
21.851,5.4983,3.6489,29.208,9.2819,23.202
23.285,-10.104,-0.19585,30.158,0.29883,21.087
21.636,4.6532,3.2564,29.213,9.7939,23.428
27.755,11.359,-3.791,24.913,-2.3589,21.416
22.47,5.207,6.7172,25.385,10.154,25.961
23.884,-10.551,2.7583,28.944,-3.5514,21.421
21.328,-3.6831,1.1297,32.082,-5.59,21.641
30.005,-10.166,-1.5903,23.354,0.67534,21.133
28.089,-9.6444,6.8464,23.762,-3.5869,22.186
25.043,10.945,4.5398,27.135,4.4594,21.792
28.955,7.8051,-8.1493,22.657,-3.1693,22.572
23.461,-6.3537,8.1938,24.781,-8.8228,25.47
21.124,1.5609,0.10834,33.199,1.3748,21.115
21.105,1.0878,0.30402,32.547,5.2789,21.558
26.406,-7.5013,9.649,23.315,-5.4619,24.053
22.747,-0.14819,9.1283,21.088,-0.39149,30.87
21.507,-3.4484,-3.6364,27.184,11.421,25.328
23.418,-10.306,0.087374,29.99,-0.12858,21.085
31.182,6.3763,-5.8103,21.882,-1.4262,21.702
22.052,-0.51732,7.2941,21.153,-1.9005,31.746
21.122,0.037342,-1.528,21.094,-0.7653,33.235
22.105,6.9679,2.7196,30.574,6.2578,21.911
23.846,8.0354,-7.3081,26,-8.0954,23.885
21.249,3.1673,-0.24267,32.995,-1.4956,21.122
27.019,-7.2966,9.7529,22.967,-4.826,23.863
24.523,-11.451,1.1597,28.572,-1.3179,21.134
24.261,8.9405,6.8932,26.293,7.235,23.214
25.32,-10.675,-5.4422,26.502,4.9593,22.068
22.654,2.9334,-8.4334,22.368,-7.1653,29.223
21.111,0.0037176,-1.2828,21.085,-0.091004,33.267
27.505,9.5327,7.3929,23.96,4.1921,22.47
29.51,7.4567,7.8228,22.418,2.7139,22.384
31.978,6.7048,2.035,21.89,0.47944,21.155
21.823,-5.6325,3.2238,29.829,-8.5428,22.748
31.64,-7.4118,-2.3032,22.101,0.61703,21.176
33.245,0.53494,-1.4965,21.09,-0.025544,21.121
21.089,0.43263,0.3058,29.793,10.511,23.568
32.126,4.3697,-4.9953,21.425,-0.77098,21.514
24.501,-11.48,-0.54531,28.649,0.62376,21.096
21.321,3.2708,-1.9349,30.314,-9.2574,22.911
30.957,-8.7569,2.0783,22.604,-0.69671,21.162
25.072,6.5678,-9.8808,23.426,-6.6928,25.212
31.125,-1.0021,-8.6674,21.105,0.34905,22.543
27.11,9.8331,7.1602,24.343,4.4278,22.438
21.993,-0.52297,-7.0947,21.159,1.9929,31.822
21.636,-5.4833,1.4735,31.822,-4.7971,21.508
22.815,8.6255,3.3972,29.665,5.781,21.879
28.689,11.476,0.096649,24.48,0.05322,21.085
21.121,-0.12849,-1.4949,21.2,2.6608,33.072
26.733,3.6275,-11.664,21.593,-3.2254,25.654
30.331,-6.0641,-7.8186,21.885,2.0259,22.308
26.148,3.7774,11.603,21.705,3.7543,26.092
21.745,-6.0392,1.2535,31.913,-3.7323,21.339
21.125,1.4293,0.68676,31.326,8.2327,22.377
28.827,-10.194,-5.0555,23.752,2.4965,21.628
26.803,8.8968,-8.3605,23.94,-5.0451,23.079
21.253,2.8485,-1.4904,30.869,-8.6154,22.572
21.132,0.63155,-1.6035,23.091,-9.7442,30.346
21.664,-5.7901,0.46864,32.358,-1.5069,21.125
21.82,5.3867,-3.595,29.219,-9.3456,23.227
22.196,5.8757,-5.0665,27.637,-9.9602,24.14
21.871,4.4958,4.9325,26.66,10.954,25.397
21.604,-5.525,0.06683,32.506,-0.22776,21.086
21.991,-6.1635,3.5392,29.618,-8.3882,22.735
24.272,11.299,0.098731,28.934,0.11856,21.085
21.269,-3.3644,-0.15681,32.998,0.91008,21.099
25.948,8.2133,8.9834,23.994,5.9775,23.785
30.599,6.0968,-7.3322,21.867,-1.8483,22.131
26.74,-5.1769,-11.063,22.105,4.2591,25.052
26.339,-12.204,0.60766,26.652,-0.49647,21.095
21.527,0.95225,5.0337,21.587,5.2439,31.866
23.551,7.7182,7.1088,26.176,8.4656,24.021
29.906,10.296,1.4733,23.438,0.63974,21.126
22.554,8.4068,2.2428,30.574,4.2773,21.475
26.212,-8.9341,-8.3219,24.309,5.6076,23.24
32.476,-3.6455,4.2868,21.313,-0.53427,21.394
22.388,-4.3997,7.0256,24.425,-9.9365,27.081
21.548,-2.649,4.5156,24.551,-10.982,27.992
23.437,10.328,-0.34184,29.958,-0.50039,21.091
23.682,-0.84992,-10.63,21.15,1.6337,29.565
22.192,7.4765,-2.0314,31.036,-4.5405,21.5
21.622,-3.041,4.7186,24.974,-11.129,27.422
25.235,8.5279,-8.3633,24.755,-6.6639,23.705
21.378,-3.5078,-2.3316,29.745,9.837,23.287
22.32,8.1093,0.061176,31.465,0.13078,21.085
23.795,-6.3011,-8.7737,24.284,8.3229,25.627
26.538,-10.061,6.9413,24.857,-4.8096,22.448
28.35,-2.9383,11.313,21.337,-1.9286,24.481
22.985,9.1151,3.0033,29.761,4.8839,21.648
21.484,-4.6519,1.4787,31.802,-5.6653,21.674
24.255,-8.0675,-7.8884,25.415,7.7464,24.022
21.087,0.30569,-0.21181,29.893,-10.409,23.491
29.226,-7.4301,8.1981,22.461,-2.9437,22.558
21.242,-2.6071,-1.7016,29.99,9.8978,23.245
31.261,5.8062,6.193,21.742,1.3804,21.787
24.803,3.0104,11.314,21.638,4.102,27.592
21.771,-2.1157,-5.9109,22.633,8.3557,30.052
21.1,0.96545,-0.0877,33.203,-1.7998,21.137
26.89,-12.095,1.5906,26.04,-1.1793,21.148
24.061,-10.47,3.6729,28.414,-4.479,21.66
21.423,-3.7753,-2.477,29.75,9.7144,23.234
24.089,-9.9081,5.0584,27.679,-5.9313,22.208
33.252,1.3561,-0.62964,21.114,-0.027193,21.091
30.863,-1.2379,-9.0638,21.117,0.46505,22.721
31.902,1.9402,-6.9194,21.154,-0.49223,21.942
21.194,1.353,-2.2172,24.938,-11.652,28.018
21.182,-1.0357,2.2306,23.679,-10.561,29.523
32.619,1.2295,4.9953,21.111,0.20881,21.505
32.185,0.93559,-6.4119,21.101,-0.21375,21.805
25.023,-11.826,0.54058,28.054,-0.558,21.095
21.311,-2.7462,2.5059,28.189,-11.331,24.65
21.715,-5.3945,2.7181,30.401,-7.9495,22.431
21.254,2.8117,1.5769,30.611,9.0221,22.761
26.509,7.41,-9.7212,23.219,-5.3423,24.058
27.531,-9.3899,7.5601,23.868,-4.2197,22.536
24.774,-11.644,-1.0163,28.301,1.0991,21.121
27.575,11.278,4.2177,24.973,2.6815,21.504
28.032,7.4657,-9.209,22.742,-3.9389,23.228
25.871,-9.6422,-7.4035,25.07,5.633,22.832
25.827,12.138,-0.45852,27.185,-0.40915,21.091
21.085,-0.068153,-0.0070592,33.202,2.0521,21.152
31.822,7.2985,-1.0231,22.051,-0.26501,21.103
21.268,-3.2884,-0.66681,32.633,3.8548,21.336
31.1,-8.6652,-1.3278,22.549,0.43404,21.116
26.063,-9.8617,-7.1676,25.076,5.34,22.658
22.767,9.0442,1.524,30.62,2.713,21.242
24.531,11.514,0.19285,28.628,0.21939,21.086
22.242,-5.6553,5.5053,26.986,-10.232,24.671
27.314,11.565,-3.6204,25.334,-2.4373,21.4
27.117,12.083,-1.3892,25.842,-0.99323,21.132
21.64,4.889,-2.9217,29.885,-8.9694,22.898
21.089,-0.51993,0.081383,33.062,-3.0703,21.238
31.646,-7.529,-1.8325,22.132,0.49765,21.143
28.015,-10.942,4.5831,24.515,-2.6726,21.561
21.085,0.11791,-0.0064252,33.278,-1.0854,21.104
29.47,-9.5512,-5.1364,23.243,2.2135,21.618
29.198,-7.2125,-8.4219,22.389,2.9569,22.653
24.786,11.685,0.52994,28.322,0.57254,21.095
30.832,9.1942,-0.10784,22.778,-0.038241,21.085
31.261,-8.2448,-2.0178,22.39,0.62014,21.156
21.219,2.6248,-1.1798,31.402,-7.7514,22.224
25.92,-11.912,2.4771,26.873,-2.1481,21.26
21.504,-4.5524,-2.0546,31.007,7.5227,22.209
21.108,0.93828,-0.77167,28.978,-11.215,24.209
24.064,9.9216,4.9739,27.749,5.8793,22.177
27.558,-11.892,-1.922,25.382,1.2715,21.17
21.089,-0.48283,0.21221,31.645,-7.7338,22.189
28.017,6.4115,-9.9801,22.322,-3.7442,23.678
22.133,7.5114,-0.92584,31.599,-2.1606,21.174
22.504,6.5135,-5.5882,27.377,-9.5556,24.036
28.433,3.3178,11.157,21.402,2.1133,24.335
21.086,-0.089927,0.20532,23.486,-10.402,29.903
21.886,3.6543,5.6506,24.842,10.741,27.236
23.805,-9.9796,-4.1663,28.411,5.3284,21.895
22.866,8.9364,-2.8218,29.969,-4.7788,21.609
21.101,-0.052624,0.99081,21.129,-1.6624,33.214
21.09,0.00037728,-0.57118,21.085,-0.020811,33.3
21.659,5.0992,-2.7355,30.263,-8.3535,22.592
21.919,5.5813,-3.9736,28.825,-9.5409,23.438
26.675,-10.584,6.105,25.122,-4.2833,22.098
25.917,-12.161,0.35517,27.094,-0.31205,21.089
32.841,2.5954,-3.3805,21.197,-0.29026,21.272
27.685,-8.2031,-8.7605,23.184,4.2809,23.07
22.555,-7.8938,3.668,29.602,-6.7767,22.178
25.875,4.8062,-11.167,22.141,-4.7911,25.848
23.044,8.881,-3.9088,29.16,-6.1235,22.038
22.063,7.0516,-2.0579,31.123,-4.9143,21.565
32.498,5.5545,-0.13826,21.61,-0.025834,21.085
24.524,-7.0274,-9.1161,24.178,7.5104,24.975
21.577,5.3776,-0.34127,32.511,-1.1954,21.11
27.455,5.2433,10.881,22.002,3.7282,24.513
22.487,2.4631,-8.1772,22.107,-6.6313,29.788
31.37,6.7241,4.8486,21.951,1.2239,21.505
29.441,10.658,2.1463,23.753,1.0141,21.175
22.827,6.1603,6.9592,25.79,9.6604,25.154
21.389,4.0837,1.3038,31.931,5.7493,21.683
30.948,-3.5251,-8.2965,21.339,1.1873,22.423
32.318,-0.7995,6.0581,21.096,-0.17016,21.72
26.331,-0.83358,12.19,21.114,-0.86009,26.635
21.218,-1.888,-2.1598,26.955,11.968,25.892
28.185,-6.4249,9.8717,22.294,-3.6153,23.566
26.521,-9.3793,-7.8382,24.407,5.1749,22.877
23.355,-10.213,-0.046742,30.071,0.069962,21.085
29.458,-2.6918,10.517,21.265,-1.3984,23.639
30.438,8.5377,-4.719,22.623,-1.6428,21.504
26.117,-0.66133,12.181,21.104,-0.71452,26.867
27.026,-11.001,-5.226,25.156,3.5549,21.781
23.76,10.098,3.7162,28.68,4.8499,21.731
21.785,6.0074,2.0096,31.296,5.7174,21.72
22.512,-7.4464,-4.3071,28.995,7.902,22.686
24.031,-4.3727,10.164,22.551,-6.5923,27.326
21.101,0.8479,-0.53701,30.297,-9.8947,23.163
21.558,3.2326,-4.1868,25.979,-11.483,26.44
23.354,10.053,1.796,29.834,2.6678,21.253
27.548,-1.5123,11.954,21.162,-1.2085,25.402
21.091,0.63629,-0.055986,33.221,-1.7456,21.134
28.646,-10.864,3.7863,24.168,-2.0122,21.389
29.782,-8.958,5.5427,22.918,-2.1772,21.696
22.311,8.0163,-1.0638,31.327,-2.274,21.186
24.306,-11.328,-0.17191,28.893,0.20495,21.086
27.474,-3.8286,11.45,21.577,-2.9113,24.979
21.183,2.059,-1.3682,29.978,-10.066,23.319
22.644,-8.702,1.8968,30.635,-3.5143,21.347
24.241,5.4131,-9.8858,23.144,-7.1858,26.394
22.682,-8.5636,2.7411,30.181,-4.9456,21.631
24.82,-11.031,3.9553,27.57,-4.1039,21.64
32.039,1.4986,6.6908,21.126,0.36258,21.878
24.495,-8.5071,7.7204,25.526,-7.3588,23.683
22.402,-8.125,1.8236,30.936,-3.7177,21.367
21.309,3.7,0.13843,32.945,0.72771,21.094
21.756,0.14277,-6.2154,21.092,-0.65029,32.269
21.349,2.93,2.7356,28.022,11.35,24.753
26.614,-11.563,3.9573,25.883,-2.98,21.496
26.686,-12.215,0.28212,26.315,-0.21758,21.087
23.906,-10.504,3.0232,28.828,-3.8587,21.487
24.172,10.678,3.4005,28.414,4.066,21.56
29.938,-3.0301,9.9121,21.298,-1.3879,23.224
22.635,8.2841,-3.2193,29.911,-5.848,21.871
28.41,-8.929,7.4884,23.288,-3.5209,22.382
21.095,0.75735,-0.28912,31.999,-6.9116,21.937
21.446,2.5207,-3.9171,25.069,-11.397,27.544
22.546,4.1665,7.6164,23.784,9.3076,27.615
21.985,-6.4525,2.9252,30.37,-7.1316,22.179
24.243,-11.253,0.66023,28.946,-0.79714,21.102
24.45,4.9874,10.309,22.732,6.5618,26.643
33.147,-1.2758,2.1831,21.111,-0.08967,21.161
24.746,-9.4744,-6.8148,26.123,6.5483,22.907
25.964,12.128,1.0734,27.008,0.93345,21.117
22.592,5.4225,-6.9177,25.361,-9.9896,25.845
21.603,-2.9463,-4.6689,24.879,11.107,27.552
25.697,-7.0671,9.8385,23.399,-6.1234,24.628
29.281,1.7708,-10.873,21.165,-0.97977,23.895
21.659,3.3011,-4.756,25.335,-11.219,26.986
21.293,2.8617,-2.1388,29.28,-10.535,23.752
23.953,-10.795,-2.0145,29.081,2.574,21.258
30.014,-7.611,-6.9083,22.383,2.2888,22.042
21.464,-3.5636,3.1672,28.184,-11.029,24.479
21.967,2.8127,-6.4364,23.177,-9.1434,29.085
31.096,7.0351,5.2433,22.061,1.423,21.586
21.49,-4.8277,-0.93655,32.333,3.605,21.312
22.612,8.1758,-3.351,29.83,-6.1179,21.953
22.145,-7.5444,-0.95087,31.576,2.2052,21.178
23.144,-9.0135,-4.0375,29.004,6.1263,22.06
27.106,1.2679,12.098,21.143,1.1117,25.838
30.197,-3.042,9.5912,21.293,-1.3036,23.03
21.502,-3.9574,3.0294,28.93,-10.382,23.806
25.673,10.935,5.1953,26.314,4.4748,21.92
21.128,1.3342,0.96467,29.635,10.58,23.65
21.124,1.3363,-0.81495,30.434,-9.6515,23.034
21.132,-0.9617,1.4285,25.503,-11.987,27.477
21.465,4.3521,1.9547,31.072,7.5292,22.203
29.685,9.2076,5.3206,23.041,2.1649,21.65
26.517,2.5757,-11.949,21.354,-2.4781,26.152
21.085,0.019071,0.0046695,32.739,4.6911,21.452
26.295,6.5488,-10.313,22.843,-5.3242,24.653
24.471,-0.72137,11.446,21.121,-1.1267,28.651
21.085,-0.0021288,0.075279,21.098,-0.89045,33.288
23.047,-0.25848,-9.7062,21.093,0.61061,30.461
21.166,1.4107,1.7577,26.49,12.095,26.41
24.659,-11.596,0.57272,28.466,-0.63452,21.097
21.838,6.2982,-1.7947,31.463,-4.9391,21.551
21.267,2.6857,-1.9968,29.336,-10.543,23.736
24.677,-11.339,2.5535,28.149,-2.7821,21.318
21.17,-0.93106,2.1112,23.481,-10.313,29.788
24.538,11.485,-0.91062,28.58,-1.0327,21.115
21.135,-1.7497,0.22711,33.065,-2.5467,21.19
24.774,11.661,-0.81004,28.318,-0.87655,21.108
22.472,-8.0618,-2.7044,30.379,5.2819,21.691
30.734,7.2373,5.9077,22.162,1.7155,21.741
22.485,8.2634,-2.1416,30.694,-4.2013,21.456
27.216,0.47577,-12.132,21.093,-0.41084,25.795
21.191,-2.1353,-1.4186,29.97,10.055,23.317
31.203,1.2166,8.5051,21.114,0.41183,22.477
21.154,-1.9325,0.77143,31.809,-7.1183,22.007
21.26,0.088022,-3.2779,21.096,-0.82262,33.018
22.509,8.242,2.4348,30.513,4.7098,21.56
31.482,-8.0552,0.61073,22.302,-0.17944,21.091
21.582,5.1727,-1.5983,31.708,-5.465,21.639
22.125,1.3702,-7.417,21.521,-4.6738,31.1
21.863,-6.6391,-0.23385,32.112,0.64342,21.092
29.151,-8.4539,7.2352,22.869,-2.9345,22.213
21.627,-5.4673,1.3683,31.915,-4.5012,21.454
30.119,-7.221,7.1422,22.242,-2.2286,22.105
25.302,-11.974,0.019533,27.757,-0.019151,21.085
23.116,-9.4995,2.5282,29.856,-3.9828,21.456
29.704,-9.2908,-5.1336,23.07,2.0995,21.609
24.624,9.6258,-6.4472,26.443,-6.4501,22.742
28.837,10.583,-4.1619,23.942,-2.1133,21.448
21.297,-0.70707,3.5385,21.662,-5.7022,32.097
24.281,6.3263,-9.3717,23.818,-7.6327,25.605
27.824,-11.792,1.9177,25.142,-1.2132,21.168
23.022,9.625,-0.86649,30.442,-1.4258,21.129
21.087,-0.0054122,0.33581,21.089,-0.50784,33.299
28.674,10.394,-4.8888,23.912,-2.5018,21.598
21.086,-0.00064533,-0.22348,21.085,0.091042,33.307
21.085,1.514e-05,0.015754,21.085,0.030304,33.308
22.525,-0.19728,8.6291,21.092,-0.57157,31.17
21.226,2.155,2.0137,28.137,11.528,24.795
21.431,2.813,-3.5966,26.142,-11.681,26.43
22.456,8.4045,-0.99786,31.156,-2.005,21.165
21.603,-4.9446,2.4497,30.598,-7.9605,22.403
22.862,8.891,-2.9373,29.909,-4.9704,21.656
21.091,0.55063,0.29373,31.011,8.8948,22.641
27.38,-6.5228,10.192,22.507,-4.3042,24.03
32.62,-4.4147,2.6315,21.414,-0.38932,21.199
21.242,-1.0556,2.9265,22.787,-9.0846,30.593
23.312,9.8737,2.3405,29.715,3.4973,21.377
28.338,-10.319,5.5041,24.014,-2.9337,21.761
32.96,-3.0276,-2.1121,21.235,0.2086,21.157
21.183,-1.651,1.8353,27.155,-11.987,25.744
30.75,-9.154,1.7439,22.78,-0.62187,21.14
21.734,5.4018,-2.8843,30.185,-8.253,22.572
30.501,2.1089,-9.439,21.181,-0.86021,22.921
32.834,0.072825,-4.293,21.085,-0.010406,21.39
21.094,0.27967,-0.68727,23.214,-9.9851,30.241
26.704,1.1596,12.161,21.138,1.1045,26.234
22.397,-8.3132,-0.099369,31.356,0.20533,21.086
21.098,-0.03372,-0.90412,21.107,1.1708,33.253
31.068,-8.6391,1.778,22.546,-0.58176,21.141
30.497,-7.7235,5.8285,22.343,-1.8449,21.732
21.657,-5.4012,2.0472,31.231,-6.4421,21.894
21.085,0.0010381,0.15216,21.086,0.21512,33.307
25.741,-12.028,-1.5384,27.195,1.3874,21.154
28.333,1.0439,-11.651,21.117,-0.71484,24.75
21.103,0.025884,-1.0634,21.094,-0.76454,33.265
28.42,3.7594,-11.024,21.491,-2.3608,24.244
23.946,10.678,2.5335,28.949,3.2246,21.362
21.87,-6.1805,2.5105,30.792,-6.6428,21.989
28.281,11.542,2.076,24.725,1.2129,21.178
22.076,-2.1376,-7.0736,22.183,7.0841,30.239
22.923,0.23939,-9.4784,21.092,-0.59124,30.627
23.253,-9.9506,1.4478,30.042,-2.2179,21.198
22.364,-7.9766,2.017,30.881,-4.1683,21.442
21.105,-1.0262,-0.43836,31.703,7.5525,22.132
32.347,-2.7691,5.3512,21.219,-0.51595,21.575
24.601,10.013,-5.793,26.872,-5.975,22.4
30.117,8.2918,5.8684,22.598,2.0699,21.758
31.971,-6.1832,-3.3292,21.772,0.72775,21.274
33.172,-0.80732,2.179,21.095,-0.056532,21.161
29.707,10.596,-0.59466,23.634,-0.27067,21.092
21.114,-0.37219,1.3025,22.238,-7.862,31.537
22.294,6.4876,4.7479,28.307,9.2225,23.464
21.15,-1.5815,1.2426,29.18,-10.956,23.995
21.093,0.015713,-0.68913,21.093,-0.71747,33.284
21.166,1.4974,-1.6717,27.144,-12.019,25.775
23.237,9.8354,-1.9663,29.924,-3.0122,21.296
31.705,0.012859,7.624,21.085,0.0036869,22.151
22.893,-8.5395,3.9877,29.193,-6.5204,22.157
26.968,10.55,6.1037,24.892,4.0684,22.059
21.721,-1.0591,5.9711,21.515,-4.8024,31.687
22.242,6.6962,4.1789,29.02,8.55,22.942
24.067,-10.484,-3.6543,28.415,4.4512,21.653
21.819,-3.6178,-5.3673,25.087,10.927,27.053
25.96,-11.97,-2.2182,26.877,1.9153,21.224
21.104,1.0034,-0.45781,31.515,-7.9426,22.264
21.125,1.438,0.65307,31.501,7.8967,22.253
21.262,-3.2072,0.78381,32.475,-4.5908,21.446
21.12,1.318,0.66223,31.185,8.5061,22.483
21.276,-1.157,-3.2242,22.763,9.0087,30.576
22.692,0.8712,8.9709,21.198,2.3294,30.784
25.006,9.7748,6.662,26.069,6.1447,22.716
23.421,9.9916,2.5466,29.52,3.6854,21.418
21.578,-5.3362,-0.77049,32.354,2.6876,21.211
24.069,-10.212,-4.3594,28.084,5.2308,21.907
29.648,-10.606,1.183,23.658,-0.54274,21.112
32.061,6.0014,3.2025,21.726,0.67421,21.259
28.537,-11.132,-3.1759,24.363,1.7447,21.299
28.58,-11.494,1.1115,24.543,-0.62169,21.111
25.899,-6.9834,9.9578,23.247,-5.8801,24.595
21.088,-0.33691,-0.21138,30.356,9.8564,23.133
21.367,0.30851,4.1269,21.169,2.2327,32.739
21.306,1.6206,-3.3042,23.855,-10.639,29.135
26.66,12.21,0.47683,26.336,0.36925,21.091
33.238,-1.6419,-0.34708,21.128,0.018165,21.087
23.221,2.4313,9.7046,21.733,5.0993,29.342
30.8,9.2223,0.61767,22.794,0.2204,21.092
26.701,3.3891,-11.737,21.532,-3.0607,25.758
21.519,4.9787,-1.0045,32.263,-3.7291,21.329
21.09,-0.55166,-0.041672,33.244,1.501,21.121
25.658,-12.056,-1.0587,27.33,0.97143,21.118
29.3,-10.563,-3.0716,23.757,1.4669,21.273
23.862,10.586,2.5111,29.049,3.2601,21.364
24.593,11.216,-2.8103,28.17,-3.1041,21.374
22.436,7.8741,2.9633,30.224,5.8385,21.838
26.744,-1.2286,12.152,21.144,-1.1599,26.188
33.107,-0.10586,2.8176,21.085,-0.0096533,21.213
22.966,-8.4698,4.4361,28.802,-7.0011,22.387
28.621,-11.26,-2.4404,24.394,1.337,21.21
21.092,0.38391,0.56284,25.602,12.075,27.423
29.434,-10.25,3.6454,23.565,-1.6713,21.349
21.256,2.985,1.2731,31.497,7.4139,22.118
26.587,11.889,2.8343,26.156,2.1837,21.294
21.102,-0.23376,0.99758,21.888,-6.7296,32.061
24.151,-10.967,-2.1984,28.813,2.6826,21.281
21.706,-3.8617,4.5948,26.342,-11.261,25.898
32.765,-2.6568,-3.7404,21.203,0.33129,21.316
22.869,-8.6794,3.5498,29.524,-5.9163,21.932
21.094,0.02067,0.75026,21.097,0.86635,33.275
28.106,-1.1428,11.764,21.125,-0.81922,24.941
24.342,-3.6998,-10.742,22.039,5.4186,27.603
23.815,-5.3381,-9.4179,23.408,7.7909,26.564
21.502,-4.9067,0.86833,32.373,-3.2986,21.274
26.832,11.066,-5.1499,25.343,-3.6302,21.776
31.766,1.0683,7.416,21.106,0.29562,22.086
21.57,-5.0256,-1.8421,31.42,6.3301,21.85
23.187,-4.0488,-9.0881,22.867,7.6862,27.929
28.092,-11.14,-3.9695,24.59,2.3201,21.437
22.621,8.1443,-3.4751,29.731,-6.3055,22.018
30.029,-10.26,0.1908,23.387,-0.081402,21.086
21.099,0.024702,-0.93459,21.096,-0.8306,33.269
21.631,-3.4149,-4.5103,25.82,11.361,26.513
28.69,9.3774,-6.6143,23.406,-3.1123,22.052
21.442,-4.5522,0.86924,32.414,-3.5705,21.306
31.695,-6.6029,3.854,21.89,-0.92287,21.343
21.136,1.7541,0.36613,32.811,4.0203,21.353
27.226,-0.5916,12.125,21.097,-0.50949,25.78
24.589,-11.56,0.067003,28.561,-0.075324,21.085
25.588,0.018604,-12.081,21.085,-0.022547,27.446
21.179,-2.4225,0.078423,33.15,-0.63899,21.092
26.105,-7.5182,-9.6047,23.466,5.7751,24.173
22.034,7.2028,0.84096,31.753,2.0726,21.165
26.29,-9.6832,-7.4476,24.772,5.2492,22.738
26.685,3.591,11.678,21.587,3.2286,25.706
32.462,4.1461,3.8707,21.38,0.54776,21.336
29.789,-10.419,1.5005,23.528,-0.66717,21.128
21.641,-4.8192,-3.0489,29.651,9.2735,23.077
24.029,-8.7225,6.8055,26.443,-7.5132,23.305
30.435,3.633,9.0589,21.372,1.4213,22.766
23.907,0.61674,10.914,21.117,1.1162,29.333
21.089,-0.0068792,-0.49497,21.088,0.43783,33.297
31.815,-2.7951,-6.8366,21.23,0.70503,21.925
25.322,-11.18,4.3117,26.967,-4.0422,21.686
23.311,-9.5962,3.2971,29.304,-4.8561,21.677
21.538,-5.1525,0.56706,32.494,-2.0704,21.159
21.408,2.0832,-3.8919,24.192,-10.864,28.593
22.128,-7.4597,-1.1833,31.52,2.7625,21.231
22.028,-6.2079,3.7112,29.426,-8.5595,22.845
32.53,1.5684,-5.2197,21.127,-0.28074,21.546
21.391,3.2703,2.7968,28.467,10.99,24.318
21.131,1.2107,1.189,27.939,11.81,25.083
21.618,4.4068,-3.4422,28.705,-10.324,23.864
29.943,5.7538,8.615,21.844,2.2321,22.641
32.439,-4.7872,3.178,21.479,-0.51818,21.253
31.044,2.2989,8.5571,21.192,0.79497,22.509
27.673,-11.31,4.0275,24.932,-2.5285,21.462
23.061,-9.7333,-0.042163,30.455,0.068688,21.085
30.886,-4.207,-8.0834,21.448,1.3839,22.354
21.854,-6.4958,-1.2215,31.822,3.357,21.293
21.154,-0.25385,-2.057,21.318,3.7501,32.838
29.823,-9.2485,-4.9508,23.023,1.9876,21.567
21.468,-2.7542,3.9197,25.522,-11.531,27.027
31.222,1.1197,-8.4844,21.11,-0.37734,22.468
29.634,-10.527,-1.8352,23.626,0.83834,21.15
23.534,-10.261,2.0854,29.544,-2.9462,21.298
21.111,-1.2424,-0.2715,32.811,4.2091,21.379
21.445,-4.1625,2.0735,30.784,-8.1409,22.431
21.36,4.0486,0.55472,32.701,2.6178,21.2
22.284,-6.5359,-4.6321,28.457,9.0962,23.351
25.978,-10.43,6.2853,25.585,-4.9467,22.279
22.069,-5.3721,5.0387,27.328,-10.374,24.553
27.799,-11.619,2.8255,25.049,-1.7753,21.266
25.009,-11.436,3.0321,27.677,-3.0794,21.394
31.696,0.01878,7.6439,21.085,0.0054044,22.158
30.467,-8.0021,-5.5123,22.437,1.8071,21.662
21.84,6.5277,-0.58483,32.084,-1.6331,21.133
22.04,6.9085,-2.2647,30.984,-5.4535,21.685
33.089,2.6646,1.2519,21.2,0.10758,21.11
29.177,-11.034,1.2612,24.035,-0.63294,21.117
27.728,-5.577,10.609,22.073,-3.6753,24.195
23.111,9.8003,0.63284,30.356,1.0145,21.108
21.415,3.8886,-2.1855,30.398,-8.8652,22.747
31.25,-8.2605,-2.0352,22.396,0.62728,21.158
29.707,-8.0772,6.8829,22.601,-2.4971,22.055
26.942,1.7547,-12.065,21.2,-1.5782,25.926
21.183,2.4674,-0.13432,33.125,-1.0726,21.104
28.234,-4.3482,10.919,21.643,-2.7659,24.233
22.865,-6.2634,-6.967,25.837,9.5999,25.066
21.087,-0.30715,0.10246,32.291,-6.179,21.748
23.276,5.4755,-8.4776,24.118,-8.8023,26.378
25.095,7.6386,-9.0941,24.18,-6.8974,24.404
24.035,2.2653,10.835,21.488,3.8151,28.673
21.085,1.8583e-06,0.0035119,21.085,0.016685,33.308
21.129,-0.77108,1.4763,24.209,-11.191,28.949
21.702,-3.3633,-4.9492,25.198,11.118,27.078
21.872,-1.9498,6.3862,22.239,-7.3651,30.444
32.517,-5.3002,1.4509,21.563,-0.25875,21.12
27.084,-11.351,-4.3856,25.353,3.0207,21.565
27.505,-12.063,-0.11917,25.534,0.080242,21.085
28.243,-1.5004,11.651,21.152,-1.0406,24.787
25.289,-10.575,5.6055,26.45,-5.1108,22.139
23.141,-9.381,3.0742,29.578,-4.7672,21.635
31.435,-6.6405,4.7555,21.924,-1.178,21.487
32.794,-4.4626,-0.14157,21.415,0.02079,21.085
21.085,-0.00024689,-0.15476,21.085,0.050303,33.308
25.118,-11.828,1.2014,27.898,-1.2151,21.132
21.598,5.4688,-0.54415,32.424,-1.8619,21.145
21.087,-0.37308,0.11815,32.382,-5.9074,21.686
29.411,-9.8352,4.6987,23.385,-2.0897,21.53
21.085,-6.1922e-05,-0.13176,21.085,0.014818,33.308
26.294,9.3792,7.8274,24.557,5.385,22.933
21.194,-0.0025619,-2.6005,21.085,0.030534,33.137
28.916,8.157,7.8398,22.806,3.1839,22.455
22.087,-6.2442,-4.0152,29.075,8.8638,23.059
30.487,9.4994,1.9163,22.963,0.72687,21.152
21.697,-5.5131,2.2701,30.988,-6.8523,22.024
21.095,0.30154,-0.74466,23.197,-9.9551,30.261
24.997,11.781,1.0095,28.051,1.0456,21.119
23.232,9.8149,2.0217,29.913,3.1003,21.309
22.99,8.6082,-4.2619,28.932,-6.7161,22.264
21.106,-1.0633,0.40299,32.001,-6.8628,21.925
22.29,7.3618,-3.1987,30.095,-6.6576,22.075
21.105,1.1077,0.1605,33.072,2.8441,21.216
21.418,-0.4612,-4.4586,21.243,3.0383,32.547
28.915,1.3327,11.235,21.133,0.80459,24.234
21.138,-1.8076,-0.19192,33.114,2.0905,21.156
32.934,-2.8983,-2.4951,21.223,0.23666,21.186
21.102,0.94446,0.40432,31.701,7.5677,22.136
21.351,3.8198,1.2515,31.941,5.9046,21.714
28.368,-8.3555,-8.1581,23.038,3.6521,22.658
24.173,-6.05,9.4332,23.686,-7.6654,25.863
21.457,4.723,-0.03262,32.731,-0.13225,21.085
29.559,-6.941,-8.2223,22.237,2.6589,22.529
24.866,11.651,-1.5043,28.141,-1.5938,21.162
21.085,4.6722e-05,0.11759,21.085,0.012528,33.308
22.169,-6.9684,3.2224,30.086,-7.0791,22.203
24.271,-10.276,4.6955,27.739,-5.3515,21.995
24.154,-7.2728,8.5018,24.778,-7.9916,24.743
26.94,11.593,-3.7747,25.634,-2.6992,21.443
22.635,4.241,7.8099,23.719,9.1608,27.582
30.95,-8.9433,1.1107,22.668,-0.37952,21.107
21.849,-3.2269,5.7477,24.2,-10.383,28.006
22.348,-6.7756,4.5921,28.578,-8.8248,23.187
24.782,10.906,4.22,27.504,4.3877,21.726
21.833,6.4121,1.2156,31.848,3.3914,21.297
32.74,-4.6644,-0.48122,21.448,0.07417,21.089
31.512,-3.9506,6.978,21.383,-1.0451,21.976
21.104,1.081,-0.091991,33.207,-1.6866,21.131
26.403,9.2799,-7.9534,24.417,-5.3211,22.97
22.032,1.8924,-6.9922,21.991,-6.5545,30.565
21.085,-0.00039469,0.13509,21.085,-0.092125,33.308
23.812,-10.682,-1.7428,29.306,2.3062,21.22
22.89,2.3515,-9.1203,21.807,-5.5074,29.666
26.912,-4.9967,11.126,22.006,-4.0159,25.004
22.275,-7.9763,0.36806,31.511,-0.80302,21.097
24.572,-6.5443,9.5136,23.752,-7.3194,25.372
27.95,-10.264,6.0069,24.16,-3.3702,21.929
32.764,-2.6579,-3.7436,21.203,0.33175,21.316
28.213,11.079,3.9562,24.492,2.2641,21.43
21.453,-4.6041,0.95127,32.342,-3.8421,21.342
30.751,9.0696,-2.1292,22.75,-0.75313,21.167
21.223,2.2253,1.9013,28.646,11.214,24.357
31.422,-5.2325,-6.3049,21.61,1.2505,21.808
27.897,11.895,-0.71562,25.161,-0.45075,21.096
21.108,0.54306,-1.0638,24.115,-11.125,29.092
21.127,-0.2752,1.5915,21.535,-5.1498,32.548
21.905,-2.0298,6.4928,22.283,-7.4555,30.338
32.126,-4.7353,-4.6478,21.484,0.77519,21.455
21.086,0.29596,0.008858,33.297,0.59697,21.091
28.053,-11.404,-3.2037,24.768,1.9153,21.313
23.703,-10.639,-1.0495,29.558,1.432,21.135
29.459,-7.1361,8.1797,22.317,-2.7471,22.523
21.123,-1.5323,-0.13107,33.177,1.6916,21.131
33.178,-1.8003,-1.3902,21.137,0.080225,21.116
23.419,8.5368,-5.7763,27.505,-7.674,22.989
28.46,11.542,1.376,24.63,0.78457,21.125
22.397,-8.3127,-0.098709,31.356,0.20398,21.086
22.538,3.1725,-8.0619,22.697,-7.9031,28.947
31.633,7.6756,-1.243,22.174,-0.344,21.111
28.849,6.438,9.3631,22.183,3.116,23.139
22.104,7.4652,0.44404,31.741,1.0549,21.106
21.355,4.0461,0.22089,32.858,1.0552,21.103
25.051,-10.953,4.5319,27.131,-4.4456,21.788
21.32,2.647,-2.7154,27.507,-11.639,25.25
21.088,-0.46538,-0.00033064,33.303,0.014176,21.085
21.098,-0.00099666,-0.89745,21.085,0.034948,33.288
21.086,0.0027336,0.26349,21.087,0.32702,33.304
21.75,-2.0157,-5.8543,22.538,8.1679,30.208
28.597,-6.4729,9.5504,22.237,-3.3117,23.287
21.086,-0.010619,0.26377,21.111,-1.2657,33.266
28.256,8.5099,-8.0888,23.142,-3.7374,22.646
30.977,8.9223,-0.9142,22.656,-0.3108,21.1
27.791,10.056,-6.4756,24.119,-3.662,22.092
21.102,0.76697,-0.68643,28.509,-11.558,24.615
27.572,-9.3037,7.6445,23.801,-4.2087,22.565
25.581,-12.035,1.0339,27.413,-0.96182,21.117
21.087,0.014697,0.36327,21.111,1.2717,33.264
21.431,4.4946,0.79392,32.479,3.319,21.274
26.769,-8.3601,-8.9014,23.639,5.1451,23.401
27.702,11.821,-2.0387,25.239,-1.315,21.18
21.636,-5.6295,-0.75605,32.293,2.4881,21.194
21.399,4.3553,-0.026729,32.82,-0.11828,21.085
29.951,-9.3816,-4.3712,23.045,1.7484,21.454
23.992,6.3296,-9.026,24.093,-8.0441,25.617
22.666,-1.2868,8.8621,21.336,-3.4361,30.621
21.089,0.020654,0.4714,21.115,1.3762,33.255
29.126,-10.895,2.3615,23.985,-1.1811,21.197
21.333,-3.8764,-0.2695,32.875,1.3454,21.115
31.04,-8.4697,2.6228,22.495,-0.84607,21.207
27.633,11.894,-1.7367,25.333,-1.1364,21.154
22.326,-3.8231,7.1697,23.775,-9.5173,27.899
27.503,-11.364,4.0497,25.073,-2.6166,21.474
21.738,6.015,-1.2391,31.927,-3.7085,21.336
22.346,1.9605,-7.9415,21.812,-5.7947,30.381
21.087,-0.31974,0.027979,33.23,-1.737,21.133
23.96,-10.952,0.90896,29.263,-1.1678,21.12
22.484,-7.8113,-3.4344,29.827,6.5607,22.081
22.907,-7.9528,5.1057,28.203,-7.9858,22.922
30.491,8.1026,-5.3042,22.466,-1.753,21.617
31.127,0.94242,-8.6702,21.103,-0.32831,22.544
24.342,7.9366,-8.1294,25.176,-7.7001,24.163
24.794,5.0754,-10.544,22.625,-6.1795,26.398
23.574,-10.477,0.99063,29.726,-1.3965,21.132
30.296,4.2117,-9.0034,21.477,-1.6586,22.759
23.171,8.8873,4.4134,28.72,6.5755,22.251
21.128,1.4903,0.69377,31.421,8.0408,22.306
21.333,1.9996,-3.3321,24.776,-11.384,28.018
21.651,-5.1944,2.4629,30.671,-7.6695,22.3
27.271,0.66937,-12.11,21.101,-0.571,25.734
26.295,11.671,3.6098,26.266,2.8888,21.441
24.826,-11.441,2.5526,27.99,-2.7011,21.311
22.178,1.3156,-7.5914,21.467,-4.3749,31.103
32.317,4.816,-3.7655,21.489,-0.62553,21.324
30.63,-7.6356,5.638,22.295,-1.7389,21.684
21.227,-2.9333,-0.44275,32.866,2.9189,21.226
21.157,1.9128,-0.9109,31.312,-8.1492,22.353
23.215,-9.5355,2.991,29.548,-4.5488,21.588
31.288,8.4329,-0.34727,22.444,-0.10856,21.087
21.508,-5.0174,-0.17361,32.642,0.65816,21.092
30.332,-9.6662,-2.1071,23.064,0.82569,21.167
24.937,9.5235,-6.95,25.924,-6.4032,22.907
28.608,11.323,2.1751,24.435,1.1987,21.184
26.261,-11.089,-5.1202,25.839,3.9862,21.823
26.855,-8.852,-8.3999,23.885,5.0029,23.086
29.431,-8.6337,6.6233,22.873,-2.6363,21.997
29.926,-1.6127,-10.252,21.146,0.7708,23.401
24.184,-11.035,-2.0141,28.818,2.4441,21.248
33.165,0.55863,2.3174,21.09,0.041643,21.171
25.255,-8.1646,8.7307,24.453,-6.7073,23.979
24.646,-10.707,-4.466,27.524,4.7433,21.83
32.133,-1.232,-6.5024,21.112,0.28692,21.828
22.899,-5.2846,-7.817,24.498,9.3948,26.396
25.066,-11.054,4.3013,27.208,-4.229,21.713
21.344,1.7534,3.5601,23.857,10.602,29.082
22.615,1.3293,-8.7419,21.362,-3.6165,30.652
33.253,-1.2027,0.86619,21.108,-0.033184,21.097
22.228,-7.4456,2.4926,30.7,-5.4297,21.7
23.588,10.338,2.0699,29.486,2.8849,21.291
32.567,-2.173,-4.8621,21.166,0.36024,21.483
32.599,-2.9212,4.3184,21.23,-0.42735,21.396
21.092,0.66212,0.043263,33.255,1.2994,21.112
21.195,2.436,-0.94027,31.832,-6.8959,21.949
21.194,1.071,-2.3737,23.561,-10.397,29.655
21.085,0.12554,0.0013177,33.307,0.2095,21.086
31.685,4.0475,-6.5107,21.392,-0.97904,21.847
22.591,-8.1168,-3.3635,29.833,6.1871,21.972
23.818,-9.9841,-4.1962,28.384,5.3463,21.904
25.891,9.8219,-7.1705,25.19,-5.5058,22.705
24.372,3.7609,-10.748,22.06,-5.4513,27.542
21.478,-4.6803,-1.2733,32.033,4.9392,21.523
21.085,0.00010447,0.087913,21.085,0.037471,33.308
21.216,-0.1054,-2.8509,21.106,1.1391,33.069
22.651,8.141,3.6518,29.577,6.5246,22.104
21.656,-5.6992,-0.93425,32.184,3.0113,21.246
29.628,10.289,2.9067,23.52,1.3048,21.25
25.073,-11.389,-3.3286,27.529,3.326,21.454
21.087,-0.29217,0.12683,31.684,-7.6627,22.164
21.598,-4.7613,2.7444,30.075,-8.8149,22.797
21.186,-1.2555,-2.1694,24.673,11.497,28.329
24.33,-0.7269,-11.328,21.123,1.1758,28.814
31.679,-2.3957,-7.296,21.193,0.65594,22.056
30.524,5.1643,8.1404,21.655,1.7718,22.404
25.491,1.1013,-11.998,21.147,-1.3536,27.47
23.06,-9.397,-2.5303,29.915,4.0535,21.466
23.371,9.6379,3.4516,29.17,4.9885,21.721
29.34,-3.5537,10.372,21.402,-1.8394,23.582
21.948,-6.9521,-0.22158,31.99,0.57666,21.091
23.357,-8.6407,-5.45,27.809,7.4565,22.798
22.211,-6.8301,-3.7732,29.495,7.9677,22.604
21.086,-0.0054605,-0.28586,21.091,0.60183,33.297
25.419,11.446,-3.6762,27.084,-3.4268,21.509
24.353,-3.1913,10.913,21.796,-4.7845,27.898
32.797,-1.8629,4.0433,21.143,-0.25097,21.355
25.659,11.172,4.6548,26.535,4.0749,21.749
33.04,2.7735,-1.6896,21.21,-0.1518,21.131
25.444,-11.231,4.3151,26.852,-3.9558,21.674
25.923,3.7175,11.586,21.716,3.8767,26.304
21.521,-1.9435,-4.7059,23.129,9.463,29.749
28.016,-11.34,-3.4825,24.75,2.0846,21.356
22.277,-3.6078,-7.1304,23.591,9.3804,28.177
29.785,3.6782,-9.8673,21.405,-1.7032,23.227
28.626,8.7728,-7.4634,23.148,-3.3544,22.347
22.009,-6.5262,-2.962,30.336,7.1172,22.179
21.102,-0.89011,0.50047,30.796,-9.1988,22.787
25.835,-3.7847,-11.544,21.752,4.0068,26.351
22.622,-3.2413,8.2435,22.674,-7.7983,28.87
21.15,1.9206,0.59224,32.335,5.731,21.654
28.338,-3.4107,11.187,21.424,-2.2087,24.391
21.494,-4.4196,-2.2086,30.71,8.1124,22.434
25.341,-1.2713,-11.923,21.171,1.6109,27.602
21.09,-0.026438,-0.55835,21.12,1.4861,33.245
22.265,6.2819,-4.8863,28.062,-9.5047,23.7
29.905,-1.9226,-10.222,21.171,0.9176,23.389
27.967,5.659,10.452,22.063,3.5309,24
24.788,-11.586,-1.6182,28.211,1.7392,21.176
21.241,-3.0929,-0.26086,32.994,1.6464,21.129
24.592,-10.442,4.9634,27.335,-5.2625,22.029
27.986,10.196,6.0903,24.105,3.3819,21.951
21.085,-0.00097565,0.08929,21.087,-0.34447,33.305
33.081,-2.9677,-0.376,21.227,0.035965,21.087
26.186,4.2774,11.433,21.87,4.1226,25.857
25.898,-9.1323,-8.0328,24.668,5.8461,23.179
28.983,5.7737,9.6698,21.956,2.859,23.271
33.249,-1.3357,0.75526,21.113,-0.03214,21.094
28.622,9.6998,6.2156,23.584,3.0334,21.937
31.591,0.56262,-7.841,21.091,-0.16802,22.225
26.174,4.0838,-11.502,21.804,-3.9825,25.948
21.085,-0.0044205,0.1063,21.112,-1.3073,33.265
26.445,-12.173,1.0974,26.517,-0.8791,21.116
23.748,-10.043,-3.8228,28.639,4.9922,21.773
29.931,-8.0884,6.493,22.562,-2.293,21.928
25.913,11.519,3.9124,26.544,3.3267,21.529
21.086,0.22997,0.17304,29.479,10.834,23.823
29.685,-8.4622,6.4405,22.748,-2.4394,21.929
26.215,-12.171,-0.97086,26.758,0.80905,21.11
21.332,-3.535,-1.6103,31.209,7.7277,22.242
21.086,-0.0039287,0.24057,21.089,-0.51463,33.3
27.115,10.225,-6.5867,24.587,-4.1899,22.212
32.946,-3.539,-1.2783,21.29,0.1474,21.111
21.085,-3.0976e-06,-0.0059284,21.085,0.016476,33.308
26.717,-11.086,5.1309,25.447,-3.6913,21.781
22.301,-7.5932,2.6942,30.506,-5.6531,21.767
21.313,1.688,-3.3282,23.995,-10.781,28.956
22.18,7.4694,1.9127,31.117,4.3098,21.456
24.984,-4.1443,11.066,22.07,-5.1432,26.856
23.436,-10.328,-0.29361,29.961,0.42992,21.089
21.166,0.0079139,2.2462,21.085,0.10968,33.181
23.055,-9.3413,-2.698,29.845,4.3177,21.521
27.862,-5.2125,10.733,21.932,-3.4186,24.234
21.091,-0.0037455,0.58807,21.086,-0.20065,33.299
27.198,-10.25,6.5166,24.553,-4.0979,22.176
28.846,9.8834,-5.6116,23.593,-2.697,21.759
21.093,0.35505,0.61049,24.747,11.661,28.369
23.287,-9.5765,3.2364,29.358,-4.8039,21.66
21.085,-4.0167e-06,0.044517,21.085,-0.0028452,33.308
21.52,3.2334,-3.9222,26.375,-11.547,26.09
30.225,-2.8634,9.6106,21.269,-1.2266,23.035
30.184,5.669,8.3332,21.799,2.0654,22.505
21.158,2.1218,0.29058,33.01,2.6763,21.202
29.954,-7.8558,6.7346,22.476,-2.3119,21.995
21.188,2.362,-0.9091,31.848,-6.885,21.945
27.947,0.39555,11.888,21.09,0.29461,25.124
21.085,-3.1895e-05,-0.10029,21.085,0.010028,33.308
22.178,2.2145,-7.3793,22.152,-6.9377,30.142
21.139,-1.4735,-1.1007,29.457,10.73,23.781
23.459,-9.5587,4.0092,28.787,-5.5964,21.928
22.381,-8.19,-1.1656,31.208,2.4141,21.201
22.695,-8.9314,1.249,30.786,-2.2858,21.194
25.233,-11.474,3.3174,27.371,-3.2176,21.44
29.215,-3.532,-10.495,21.404,1.8829,23.681
26.318,-0.58851,12.204,21.1,-0.61003,26.667
22.602,7.653,4.3694,28.939,7.7511,22.64
33.237,1.5404,-0.67085,21.123,-0.032947,21.092
21.089,-0.14741,0.49406,22.336,-8.1501,31.437
28.212,-5.9173,-10.168,22.111,3.4436,23.739
21.395,4.3018,-0.51782,32.687,-2.2975,21.174
21.109,1.2001,0.27813,32.759,4.4469,21.414
26.676,8.4456,-8.8296,23.735,-5.2311,23.388
30.315,9.4238,-3.0831,22.974,-1.1851,21.262
32.46,-4.7773,3.0727,21.476,-0.49893,21.242
22.595,-2.058,8.5512,21.752,-5.455,30.13
22.489,7.8107,3.4656,29.799,6.602,22.097
21.085,-0.096008,-0.081116,28.853,11.359,24.34
29.582,-6.0651,8.8601,21.967,-2.526,22.787
27.711,-8.4882,8.471,23.316,-4.2404,22.919
21.402,3.9,-1.9807,30.777,-8.2944,22.482
21.429,3.4409,-2.9828,28.355,-10.988,24.37
21.243,-2.9825,-0.92534,32.188,5.7014,21.657
30.501,8.5567,-4.5073,22.618,-1.5607,21.465
21.092,0.66276,0.0717,33.182,2.1402,21.158
29.198,5.0543,-9.8694,21.735,-2.5013,23.334
27.835,7.2319,-9.504,22.693,-4.0774,23.443
26.286,12.123,1.5044,26.641,1.2352,21.146
30.962,-5.7791,6.89,21.759,-1.5826,21.98
23.836,-8.3549,-6.924,26.375,7.8892,23.554
23.349,10.182,0.67942,30.044,1.0174,21.109
30.203,3.1277,-9.5569,21.304,-1.3339,23.014
21.956,6.2709,-3.0782,30.18,-7.5831,22.347
21.552,2.0661,4.8343,23.236,9.6009,29.57
21.44,4.6177,0.098058,32.753,0.40727,21.088
21.24,-2.3194,2.041,28.464,-11.304,24.494
32.907,-1.7593,3.5478,21.136,-0.20569,21.291
21.153,2.064,0.085529,33.184,0.81992,21.096
32.734,-2.9041,3.7089,21.226,-0.35983,21.312
32.23,2.1494,-5.9841,21.167,-0.45465,21.706
24.645,-10.983,-3.7353,27.82,4.0265,21.598
26.281,-5.6593,10.825,22.415,-4.9376,25.138
22.912,-9.4177,0.89343,30.581,-1.5219,21.135
27.868,11.077,-4.428,24.675,-2.6614,21.535
21.089,-0.0058069,-0.50464,21.087,0.36253,33.299
24.923,-8.4268,8.2337,24.968,-6.9973,23.797
24.863,-10.982,-4.1662,27.449,4.2689,21.698
23.718,-10.682,0.75379,29.575,-1.0262,21.111
21.441,-4.1196,2.1055,30.704,-8.2926,22.493
26.309,-5.8163,10.744,22.479,-4.9913,25.038
21.267,-2.7779,1.8716,29.813,-10.04,23.355
23.776,-10.377,2.9187,29.003,-3.8461,21.475
28.929,-10.526,-4.1193,23.877,2.0577,21.438
24.697,-4.718,-10.638,22.459,6.0077,26.697
32.107,-5.5184,3.7723,21.626,-0.72992,21.327
27.854,10.453,5.7597,24.315,3.3229,21.864
21.1,-0.026232,0.98212,21.096,-0.83914,33.266
21.617,-4.3289,-3.535,28.48,10.509,24.053
25.464,-12.003,-0.9292,27.546,0.88299,21.111
24.917,6.6213,-9.7408,23.562,-6.9037,25.223
24.839,-6.3646,9.8542,23.431,-6.9019,25.443
21.257,3.1539,0.79829,32.444,4.7437,21.472
21.1,0.60204,0.77833,26.322,12.194,26.662
32.232,6.0328,-1.9946,21.721,-0.41441,21.151
30.581,8.0096,5.2217,22.421,1.6903,21.597
21.273,-2.6113,-2.1737,28.737,11.043,24.224
27.965,-11.885,0.15286,25.113,-0.095302,21.086
24.398,-4.0412,10.669,22.198,-5.7302,27.342
32.869,2.5801,3.2329,21.195,0.27518,21.256
27.354,-9.2877,7.7674,23.893,-4.4207,22.658
23.83,9.4259,5.3617,27.657,6.588,22.468
32.347,-1.1463,5.915,21.108,-0.23732,21.688
21.373,-1.0013,-4.0595,21.932,6.7336,31.591
30.4,6.4241,7.4079,21.973,2.0076,22.168
32.164,-6.4515,-1.0476,21.816,0.23345,21.103
22.721,9.0494,0.68476,30.863,1.2453,21.117
26.709,-9.5468,-7.6222,24.399,4.9325,22.723
21.818,6.4471,0.53922,32.125,1.5294,21.127
21.461,0.45443,-4.7266,21.221,-2.8116,32.515
24.832,10.984,-4.1058,27.502,-4.2374,21.684
22.077,-7.157,-1.8513,31.247,4.4025,21.466
23.636,10.236,-2.7742,29.205,-3.7893,21.453
24.405,2.1642,11.208,21.409,3.335,28.341
25.111,-11.531,2.8759,27.613,-2.8712,21.357
23.23,9.7463,2.3186,29.814,3.5453,21.381
22.517,-1.9095,8.3989,21.692,-5.2645,30.317
25.255,-9.9547,-6.6181,25.933,5.8439,22.609
26.965,10.298,6.5209,24.727,4.2731,22.209
27.407,-9.2912,7.7399,23.87,-4.3688,22.635
22.838,8.9094,2.7239,30.047,4.6625,21.579
23.91,1.7726,-10.79,21.344,-3.134,29.016
21.087,-0.00070591,0.39165,21.085,-0.056812,33.304
21.102,0.86115,0.56577,30.129,10.1,23.291
21.255,-1.9332,2.601,25.978,-11.927,26.818
23.888,-9.0307,6.121,27.06,-7.2053,22.909
27.65,11.436,3.6831,25.027,2.3388,21.4
22.248,7.3854,2.8289,30.429,6.0589,21.874
23.487,-10.291,-1.5322,29.739,2.2019,21.201
21.77,-3.3605,5.2977,24.812,-10.868,27.415
21.338,3.7268,-1.2347,31.94,-5.9701,21.728
26.075,12.14,-1.1366,26.889,-0.96955,21.121
24.074,1.3102,-11.032,21.219,-2.2435,28.989
24.814,-11.185,-3.4819,27.741,3.6468,21.512
22.036,5.0067,-5.2571,26.762,-10.658,25.109
33.206,-1.9819,0.37503,21.148,-0.023745,21.087
21.1,0.68377,0.69053,27.802,11.928,25.243
22.189,-7.4798,1.9779,31.071,-4.4327,21.479
21.099,-0.51903,0.77467,25.497,-12.032,27.526
21.14,1.8488,0.075447,33.206,0.80871,21.095
27.496,-11.241,-4.3856,24.999,2.8151,21.543
29.972,8.9656,-5.1242,22.877,-1.9677,21.597
22.063,4.9039,-5.4727,26.416,-10.699,25.407
21.141,0.96885,-1.6035,24.916,-11.707,28.112
24.93,11.562,2.2852,27.937,2.3765,21.262
21.64,3.7575,-4.2846,26.631,-11.33,25.696
21.648,-5.6715,-0.8456,32.238,2.7505,21.219
32.503,1.4476,-5.3465,21.121,-0.26625,21.57
30.076,-4.4061,-9.2072,21.525,1.8215,22.873
21.652,-4.8873,3.038,29.712,-9.1678,23.018
21.189,-0.31754,2.5206,21.326,-3.8033,32.771
23.62,9.5552,-4.5534,28.333,-6.0241,22.127
28.728,11.448,0.15631,24.446,0.08548,21.086
23.45,9.6805,3.67,28.984,5.1732,21.787
21.155,2.0811,0.20961,33.099,1.9808,21.148
22.294,-8.0362,-0.15116,31.5,0.32703,21.087
21.505,-3.8161,3.2317,28.404,-10.799,24.243
21.085,0.00027606,-0.1731,21.085,-0.050284,33.308
28.423,-10.407,5.2275,24.023,-2.7714,21.687
21.822,3.2703,-5.6003,24.391,-10.555,27.821
30.599,-7.0719,6.396,22.131,-1.8477,21.867
21.926,2.4016,-6.4457,22.703,-8.3779,29.747
27.251,-5.5004,10.815,22.129,-4.0102,24.556
28.957,-10.057,-5.1133,23.637,2.4552,21.635
21.136,1.4227,-1.0866,29.345,-10.841,23.875
21.394,0.98169,-4.2078,21.846,-6.412,31.684
25.024,-11.675,-1.9611,27.897,2.0091,21.212
32.053,4.6044,5.0349,21.465,0.82387,21.523
21.185,-0.004225,2.4999,21.085,-0.05245,33.15
21.087,5.4609e-05,0.31795,21.085,0.0054146,33.306
22.356,-1.2651,-8.1082,21.388,3.8622,30.969
30.71,-0.039322,9.377,21.085,-0.015595,22.869
26.658,12.218,0.15494,26.345,0.12008,21.086
32.862,-3.3723,-2.4477,21.273,0.27151,21.182
21.221,2.8691,-0.41929,32.889,-2.831,21.217
23.166,-8.0823,5.74,27.568,-8.126,23.187
22.731,9.0946,0.09742,30.896,0.17682,21.086
22.081,3.2108,6.6723,23.478,9.4374,28.565
23.488,6.7577,-7.9125,25.183,-8.815,25.036
25.154,-5.2882,10.667,22.598,-5.8991,26.052
26.046,10.171,-6.717,25.323,-5.1297,22.451
21.096,-0.024277,0.84417,21.098,-0.90389,33.27
21.086,2.2486e-05,0.29249,21.085,0.0024237,33.306
21.657,-5.6734,-1.104,32.085,3.547,21.311
26.544,-9.0532,-8.2124,24.181,5.2571,23.071
29.312,-9.3457,5.7809,23.2,-2.497,21.776
24.912,4.3984,10.923,22.213,5.4622,26.759
21.253,3.2053,0.32034,32.948,1.9443,21.147
25.309,-9.6799,7.0534,25.635,-6.0428,22.824
23.328,-8.3047,5.8751,27.428,-7.9372,23.143
21.621,-4.3167,3.5773,28.4,-10.562,24.116
22.347,7.5957,3.0461,30.206,6.2112,21.937
28.255,-10.705,-4.8232,24.261,2.6744,21.602
27.899,-9.856,6.6959,23.957,-3.6689,22.155
32.387,-0.55855,5.8798,21.09,-0.11456,21.679
24.45,6.1546,9.6569,23.548,7.3241,25.721
22.343,7.5749,-3.0679,30.19,-6.2631,21.953
25.738,-0.70285,12.104,21.109,-0.8225,27.256
31.091,-5.5514,-6.8053,21.698,1.4827,21.95
26.199,3.1822,-11.786,21.522,-3.2037,26.262
22.727,8.355,-3.5733,29.598,-6.2343,22.014
21.452,-0.4777,-4.6694,21.239,2.99,32.502
28.548,-6.6412,9.4724,22.305,-3.3852,23.255
21.975,2.8793,-6.4371,23.254,-9.2456,28.978
32.496,-5.5483,0.41375,21.609,-0.077245,21.088
21.517,-4.9688,-1.0114,32.259,3.761,21.334
21.571,5.1196,-1.5734,31.732,-5.4464,21.634
24.298,9.2099,6.5858,26.518,6.9739,22.982
21.109,-1.2131,0.25447,32.848,-4.0514,21.356
21.089,0.015753,0.47471,21.102,1.0438,33.275
21.087,0.0070152,-0.36354,21.091,-0.60788,33.296
30.831,8.9554,-2.0931,22.695,-0.72573,21.164
21.086,0.0043579,-0.18445,21.094,-0.74422,33.294
23.229,6.7115,-7.4362,25.6,-9.1223,24.902
22.542,4.4711,7.4314,24.174,9.6135,27.174
21.129,1.3535,0.95161,29.773,10.434,23.54
21.085,0.0014652,0.16412,21.086,0.28147,33.306
22.618,-8.8119,-0.80174,30.982,1.5133,21.132
21.456,4.6792,-0.59085,32.582,-2.3912,21.182
28.168,-0.13881,11.787,21.086,-0.098894,24.932
32.518,-4.7616,2.7324,21.471,-0.43955,21.208
31.232,7.1212,-4.7153,22.069,-1.2743,21.484
29.852,4.9599,-9.2081,21.658,-2.0993,22.904
22.613,-8.8376,-0.10507,31.056,0.19903,21.086
33.253,0.6185,-1.3527,21.091,-0.026674,21.114
24.265,7.5476,-8.4004,24.903,-7.8477,24.505
32.923,3.5521,1.5654,21.292,0.1816,21.125
31.677,5.0345,-5.8061,21.558,-1.0787,21.685
21.244,3.0984,-0.47648,32.831,-2.9665,21.231
32.421,4.8406,3.1978,21.488,0.528,21.255
30.149,-8.4351,-5.5935,22.643,1.995,21.692
23.083,9.4092,2.6376,29.844,4.1901,21.496
21.767,-5.6234,2.7523,30.426,-7.7403,22.359
26.409,7.0044,-10.016,23.04,-5.3537,24.337
21.758,5.487,-2.9338,30.151,-8.2378,22.573
29.008,-4.9333,10.102,21.722,-2.5699,23.501
29.969,10.305,0.71953,23.424,0.31029,21.095
22.599,-6.01,6.436,26.217,-9.9164,24.993
31.465,-7.9602,1.5528,22.276,-0.45224,21.127
21.429,0.6544,4.5007,21.392,4.1906,32.304
33.182,-1.1897,1.8908,21.108,-0.072173,21.142
21.288,0.28178,3.5201,21.182,2.4175,32.839
21.128,-1.586,-0.44435,32.509,5.2768,21.559
21.085,-0.040176,-0.078909,24.113,11.148,29.125
24.269,-0.0048155,11.296,21.085,-0.0079431,28.939
24.852,-10.98,-4.1528,27.465,4.2655,21.695
21.453,2.9094,-3.6894,26.173,-11.65,26.373
28.452,8.1272,8.3167,22.914,3.5938,22.714
21.692,4.8684,3.4002,29.16,9.7177,23.411
23.068,-9.6002,1.6801,30.209,-2.7112,21.25
21.264,0.25236,-3.3063,21.174,-2.3164,32.89
30.359,8.4968,-5.0012,22.624,-1.7503,21.56
21.875,6.6849,0.26204,32.091,0.7149,21.094
31.825,0.41314,7.3513,21.088,0.11268,22.065
22.356,1.3732,-8.09,21.442,-4.1731,30.892
21.351,1.6961,3.6457,23.622,10.32,29.361
21.884,-5.5042,3.8618,28.928,-9.5133,23.391
21.59,5.3537,-1.0433,32.182,-3.5795,21.312
23.08,9.6532,-1.4853,30.246,-2.3922,21.213
31.827,-7.3027,0.90666,22.052,-0.23486,21.099
22.837,4.5873,-8.1048,23.795,-9.0295,27.252
21.248,2.3575,2.1175,28.341,11.366,24.591
26.197,12.141,1.2776,26.753,1.0665,21.129
25.541,-0.28448,-12.062,21.089,0.3482,27.492
23.661,-10.588,-1.0247,29.613,1.413,21.134
24.639,-11.588,0.44523,28.494,-0.49534,21.092
25.384,8.8494,8.117,24.877,6.4257,23.45
30.953,-0.32637,-9.0016,21.087,0.12062,22.687
31.626,-7.7081,-1.1247,22.184,0.31269,21.107
23.4,-0.3994,10.272,21.101,-0.83941,29.99
21.128,1.3101,-0.99972,29.358,-10.847,23.873
25.479,-4.247,11.271,21.995,-4.7286,26.424
27.313,1.6017,12.012,21.175,1.3401,25.604
30.353,5.3906,-8.2649,21.718,-1.9132,22.464
24.597,-5.5444,10.15,23.016,-6.775,26.156
24.487,10.835,3.7994,27.949,4.2231,21.636
22.697,-6.8147,-5.9143,27.15,9.3512,24.031
28.817,10.285,-4.8862,23.8,-2.4329,21.591
24.505,4.6639,-10.507,22.508,-6.2083,26.848
32.725,2.9003,3.7575,21.226,0.36442,21.318
25.32,-11.669,2.7233,27.433,-2.6202,21.319
30.423,-7.8049,-5.8858,22.38,1.8972,21.749
21.232,-2.9341,-0.70258,32.541,4.5204,21.433
21.272,3.047,1.4883,31.076,8.1908,22.401
31.118,3.1109,-8.1632,21.279,-1.013,22.363
29.481,-3.0194,10.405,21.31,-1.5438,23.571
32.053,-4.8439,4.8056,21.505,-0.82571,21.483
32.4,-3.1386,-4.9541,21.256,0.53735,21.502
32.361,-3.9031,4.5352,21.35,-0.61164,21.433
26.786,11.707,-3.4689,25.843,-2.5601,21.392
22.072,1.3507,-7.2523,21.532,-4.7471,31.158
32.471,3.0422,-4.753,21.244,-0.49621,21.466
28.818,11.385,0.11959,24.37,0.064363,21.085
31.778,-3.6048,6.5395,21.326,-0.86939,21.851
21.102,1.0027,0.28281,32.539,5.3241,21.566
31.079,-8.7884,-0.49456,22.593,0.16406,21.089
21.665,5.8134,-0.089676,32.415,-0.28845,21.086
31.74,3.3699,-6.7565,21.297,-0.84449,21.907
30.595,-9.3382,1.9565,22.879,-0.72233,21.155
21.668,5.6978,-1.237,31.988,-3.9273,21.364
23.735,9.7363,4.51,28.274,5.8132,22.066
29.634,9.2902,-5.2808,23.088,-2.1787,21.643
29.606,-3.5877,10.095,21.397,-1.7422,23.376
26.718,-11.448,-4.2615,25.709,3.133,21.558
22.882,-8.1389,4.7088,28.588,-7.5424,22.637
21.622,-4.8392,-2.8387,29.979,8.887,22.845
21.978,-5.5857,-4.3232,28.374,9.8343,23.745
22,7.0754,-0.92654,31.772,-2.3282,21.186
21.099,-0.77586,-0.51285,30.104,10.138,23.314
21.085,-6.3084e-06,0.03992,21.085,-0.004983,33.308
25.916,6.3851,-10.356,22.9,-5.6536,24.952
23.66,-10.323,-2.5617,29.254,3.4884,21.395
21.671,-4.2481,-4.0122,27.653,10.933,24.71
25.814,-8.466,-8.7062,24.254,6.0919,23.652
31.241,-8.4721,0.94196,22.464,-0.2972,21.101
22.197,-7.7404,-0.57992,31.59,1.3124,21.118
22.024,-2.4723,-6.7821,22.621,8.1404,29.723
24.226,-3.9906,-10.526,22.233,5.9013,27.492
28.521,-11.569,-0.62379,24.615,0.35335,21.093
22.359,3.6876,-7.3403,23.533,-9.2395,28.143
24.018,2.7333,-10.708,21.672,-4.5383,28.448
22.478,2.8689,-8.0195,22.47,-7.5042,29.319
21.859,6.1927,2.368,30.94,6.3363,21.895
26.727,-8.6199,-8.6548,23.813,5.1636,23.267
31.666,-4.0299,6.5702,21.39,-0.98597,21.863
22.133,-7.5336,-0.71703,31.652,1.6757,21.138
23.984,10.556,3.1491,28.7,3.941,21.513
31.293,-4.9633,6.8154,21.565,-1.3042,21.943
26.069,11.68,3.498,26.507,2.9155,21.429
22.923,-6.3767,7.0167,25.847,-9.5143,24.993
24.773,6.8214,9.491,23.81,7.1487,25.106
21.93,6.8902,0.079395,32.024,0.20905,21.086
33.182,0.65082,2.1423,21.092,0.044768,21.159
31.828,6.5797,3.2909,21.873,0.77426,21.271
21.554,4.8122,2.1472,30.971,7.4142,22.183
21.565,-3.6622,-3.8638,27.132,11.337,25.31
23.009,9.6402,-0.13278,30.522,-0.21977,21.086
31.594,-6.6754,4.1398,21.917,-1.0125,21.385
26.046,-11.128,-4.9745,26.077,4.0359,21.802
26.472,5.9025,-10.704,22.473,-4.8786,24.892
22.151,4.1096,6.4218,24.647,10.328,27.123
23.248,-8.5612,5.2578,28.008,-7.4524,22.743
21.385,-1.0545,4.1333,21.985,-6.907,31.497
21.951,5.3395,-4.4746,28.014,-10.176,24.081
21.86,-4.0751,5.2326,25.815,-11.034,26.241
29.908,2.1281,10.178,21.191,1.01,23.365
21.454,-1.3861,4.4982,22.337,-7.8997,30.9
21.196,0.40187,-2.5996,21.444,-4.5993,32.579
21.149,1.2307,-1.5747,26.347,-12.121,26.576
24.052,-7.1822,8.4457,24.816,-8.1145,24.81
22.585,-8.2483,2.9903,30.104,-5.5601,21.779
22.041,-6.8886,2.3372,30.926,-5.6152,21.725
21.347,2.2484,3.303,25.427,11.668,27.281
24.832,-11.269,3.2441,27.798,-3.3983,21.453
21.754,1.8896,5.9132,22.36,7.7503,30.443
21.48,3.251,3.6107,26.91,11.539,25.618
26.163,10.503,6.2147,25.476,4.7483,22.217
29.424,-8.7904,6.424,22.938,-2.5983,21.94
25.845,-1.5547,-12.051,21.199,1.7591,27.028
23.976,-7.189,8.3349,24.919,-8.2058,24.785
21.556,-4.6903,-2.4232,30.521,8.2426,22.508
32.565,0.097685,5.3336,21.085,0.017837,21.566
22.421,1.6006,8.2216,21.545,4.6718,30.655
21.637,3.7133,-4.305,26.54,-11.348,25.787
24.394,-11.284,-1.6627,28.648,1.9345,21.19
27.683,-10.816,-5.2024,24.622,3.1578,21.726
23.803,-10.612,2.0691,29.24,-2.7367,21.277
25.275,-3.8802,-11.316,21.887,4.5917,26.769
31.487,-3.5457,7.247,21.326,-0.97952,22.053
21.874,6.6641,-0.52338,32.051,-1.4279,21.122
24.615,-8.9869,-7.3015,25.829,7.0005,23.291
22.128,7.5152,0.75979,31.648,1.7795,21.145
27.443,9.8505,6.9965,24.174,4.108,22.321
23.175,-9.8936,0.83003,30.25,-1.3049,21.123
31.784,-6.0602,4.3409,21.759,-0.95029,21.412
21.086,-0.19455,0.12749,30.16,-10.105,23.285
21.732,5.406,-2.8548,30.226,-8.1941,22.544
21.279,-3.2224,-1.2448,31.711,6.8338,21.945
29.728,-5.8173,-8.8502,21.882,2.3819,22.764
28.145,8.1201,8.5607,22.998,3.8662,22.877
32.109,-5.9492,3.0403,21.712,-0.63159,21.241
21.156,-0.30751,-2.0759,21.417,4.4499,32.683
21.699,3.2932,4.9774,25.063,11.071,27.229
21.163,2.1988,-0.17654,33.122,-1.5817,21.125
