602.66,-553.13,-266.83,36.969,8.163,28.637
822.69,63.899,-245.22,27.305,-0.62906,28.401
409.78,-691.45,-304.24,53.485,17.436,29.11
29.949,3.682,358.62,28.383,221.21,750.56
418.45,-683.55,-310.44,52.222,17.272,29.196
89.888,808.3,111.53,258.3,35.246,27.478
117.99,452.9,-695.24,110.79,-159.8,48.807
165.96,392.54,735.03,70.723,112.81,54.356
256.19,-627.82,523.16,72.407,-51.807,34.394
41.296,-538.44,-358,472.82,313.33,32.675
450.04,24.34,-732.13,27.263,-2.4005,51.999
248.07,812.6,-105.24,93.757,-11.119,27.432
629.87,143.91,-568.35,27.926,-5.4812,36.271
32.782,10.55,-479.15,31.439,-357.24,619.05
251.99,453.34,681.31,56.285,64.801,44.982
431.14,-737,-99.255,53.994,5.4232,27.407
564.04,376.63,529.28,32.746,14.214,34.542
788.15,75.924,337.68,27.35,1.1197,29.598
383.69,-725.21,-254.92,58.327,16.036,28.508
101.53,667.43,482.5,187.74,132.87,33.471
140.82,761.96,337.25,152.58,65.383,29.693
838.16,-194.14,-29.567,27.945,0.21693,27.239
489.85,487.26,-512.05,38.428,-20.116,33.894
166.9,-639.79,533.81,109.22,-85.468,35
777.99,-301.55,-211.54,29.199,2.6783,28.086
623.53,-77.974,587.86,27.436,-3.1908,37.295
172.74,-486.16,676.21,82.225,-101.83,44.919
484.91,-618.61,348.85,44.17,-15.447,29.787
611.4,-590.68,-132.92,37.871,4.1184,27.554
177.73,120.31,823.65,32.998,72.148,108.79
513.53,481.94,493.75,37.359,17.95,33.255
663.03,-280.31,-471.61,29.56,7.5521,32.553
168.72,-684.59,-474.79,115.19,75.427,32.828
388.78,-61.65,-763.72,27.565,8.4164,59.534
397.5,-758.62,-69.753,58.764,4.2436,27.314
42.271,-31.946,-657.01,38.267,388.7,394.42
368.02,293.29,-718.57,34.848,-33.275,49.748
249.98,765.61,-290.53,88.182,-30.273,28.942
476.4,707.58,-108.65,48.799,-5.1612,27.444
236.79,-781.21,-256.32,94.425,28.406,28.535
40.684,526.87,-361.63,475.19,-325.08,33.002
332.78,-329.04,719.64,38.348,-41.602,49.996
783.84,-109.34,338.53,27.487,-1.6263,29.612
37.239,-559.98,175.54,600.58,-187.88,28.527
845.48,152.59,54.468,27.664,0.31181,27.278
744.5,0.22017,431.95,27.223,0.0046773,31.479
83.102,-674.62,-447.55,235.48,154.14,32.603
302.26,-180.03,-782.35,31.72,36.313,66.544
445.68,364.55,-638.4,35.197,-24.764,40.672
228.04,-658.8,495.25,83.763,-56.317,33.402
669.24,-231.56,489.01,28.809,-6.5145,33.091
232.52,-719.51,-399.92,89.086,44.893,30.801
30.021,12.536,-362.48,38.317,-548.69,554.63
669.35,-108.26,-529.98,27.578,3.447,34.563
305.78,797.58,-79.632,76.313,-6.6496,27.342
226.63,334.61,-753.55,48.789,-75.666,57.702
772.67,-370.62,80.954,30.197,-1.2349,27.345
693.72,-508.48,-30.196,33.762,0.70142,27.24
31.552,431.5,-54.256,736.98,-92.54,27.437
188.34,207.53,-804.88,40.745,-87.48,83.14
325.42,-222.44,762.42,33.012,-36.204,59.388
100.54,-822.49,30.173,232.95,-8.4289,27.241
64.858,779.06,-11.987,361.3,-5.5274,27.227
449.88,34.375,-731.82,27.303,-3.3863,51.942
708.92,-364.03,325.07,30.608,-5.7098,29.404
223.15,-329.5,-756.61,48.798,77.179,58.589
87.275,624.74,-521.36,206.91,-169.68,35.331
90.537,-399.4,-712.13,128.83,219.45,54.698
31.399,-390.73,176.34,680.41,-306.59,29.863
501.08,-417.71,560.44,35.463,-19.542,35.903
102.12,-803.59,-181.65,223.92,49.869,27.9
91.215,-184.7,795.87,63.852,-225.12,109.54
791.81,319.44,-109.44,29.358,-1.4093,27.446
800.86,271.57,160.87,28.748,1.758,27.712
259.59,-815.69,30.974,90.221,-3.114,27.241
61.761,191.05,746.69,97.689,352.15,105.75
349.8,-713.65,325.13,62.005,-22.803,29.416
211.67,-353.72,748.11,53.344,-83.438,56.505
746.19,142.47,-404.69,27.716,-2.7726,30.85
710.05,-46.488,484.19,27.282,-1.2146,32.936
120.71,784.66,-271.83,183.68,-62.234,28.777
128.04,215.78,803.36,54.273,151.22,91.809
819.59,184.37,-187.91,27.904,-1.3713,27.897
418.95,198.83,-723.65,30.145,-20.238,50.517
28.479,-248.09,-48.039,807.92,156.26,27.728
446.9,-720.48,142.45,51.716,-7.3919,27.605
397.63,692.78,316.75,54.785,18.863,29.288
29.846,-350.28,41.004,779.91,-91.185,27.409
690.77,513.33,-6.0492,33.927,-0.14238,27.224
214.13,-71.126,-823.99,28.709,33.538,103.78
128.97,-41.925,-830.93,28.689,56.627,172.43
383.72,-746.05,185.17,59.638,-11.718,27.879
52.093,-174.77,711.48,110.53,-422.66,110.81
474.92,417.47,582.75,36.272,22.111,37.037
329.67,-79.251,-788.56,28.004,15.322,69.107
416.86,96.613,745.38,27.948,11.036,54.763
549.76,-619.44,-232.57,41.04,8.6287,28.277
157.39,-185.51,812.71,42.455,-109.52,95.48
132.62,44.978,-831.27,28.812,-57.089,166.98
54.242,59.147,-740.76,43.807,-336.76,268.5
192.82,156.56,815.71,35.208,73.771,93.977
105.32,-799.94,-203.31,215.77,53.965,28.075
580.05,-318.55,549.81,31.066,-12.445,35.405
776.68,-351.85,117.92,29.89,-1.7075,27.483
152.96,-491.6,673.28,92.99,-116.44,44.856
299.21,-778.39,200.75,76.149,-17.129,28.002
194.11,-828.71,53.288,120.5,-7.353,27.277
46.032,-522.02,456.09,383.82,-333.66,36.111
287.54,-521.76,616.68,56.6,-51.42,39.203
547.67,603.36,-275.74,40.532,-10.167,28.741
258.85,-811.84,87.004,90.071,-8.771,27.365
27.273,32.719,-40.517,540.29,-667.35,43.297
73.925,-29.742,-796.87,29.663,125.35,290.95
579.52,-613.78,166.26,39.677,-5.6882,27.747
176.11,-54.778,-830.74,28.541,39.031,126.93
461.4,235.61,-686.2,30.578,-18.47,45.22
268.79,788.02,-202.56,84.717,-19.528,28.018
474.88,-716.58,-20.405,49.338,0.97719,27.231
319.56,690.3,397.29,64.996,30.845,30.717
654.41,-467.92,305.57,33.476,-7.4041,29.123
34.534,-18.537,528.92,36.127,-445.51,511.38
681.74,362.28,-380.33,30.834,-7.1369,30.351
145.24,-448.38,702.62,89.789,-127.77,48.925
445.86,-668.18,-306.32,49.11,15.596,29.138
809.97,62.167,-284.77,27.304,-0.73329,28.849
100.17,-821.19,52.176,233.5,-14.634,27.278
83.307,-793.97,159.34,275.87,-54.825,27.761
27.25,-1.1131,37.863,37.137,-584.44,630.45
342.97,619.94,-485,56.373,-33.818,32.999
614.13,-543.41,260.66,36.366,-7.6687,28.567
28.014,-0.93342,202.98,27.494,-116.93,828.36
851.28,-20.862,-126.39,27.232,0.099125,27.522
498.3,-72.545,-697.19,27.511,5.5037,46.54
151.69,-794.22,253.37,147.42,-45.426,28.53
414.65,-745.07,-107.65,56.074,6.1925,27.44
510.96,-525.75,449.73,39.089,-17.219,31.943
628.42,-57.816,584.99,27.339,-2.3261,37.136
623.77,584.85,-96.417,37.334,-2.8823,27.396
42.388,-396.43,-526.51,333.27,439.68,45.163
120.67,645.13,522.85,151.86,119.12,34.817
63.401,-773.85,-48.499,368.93,22.996,27.276
85.309,531.55,-613.65,181.04,-204.28,41.31
227.24,-688.34,453.62,87.409,-52.016,32.121
551.99,-209.97,625.51,29.131,-10.993,39.677
744.53,-41.313,429.92,27.265,-0.87209,31.429
411.48,-694.14,295.75,53.473,-16.878,28.996
27.268,0.24509,-49.157,27.558,-133.51,849.03
702.25,415.13,274.31,31.63,5.4184,28.723
703.39,362.1,338.91,30.624,6.0117,29.619
248.71,341.21,-744.78,46.399,-66.416,55.287
186.21,-699.16,450.02,106.85,-64.312,32.066
170.64,827.4,-96.336,136.45,-15.255,27.4
115.92,-807.58,-188.03,197.01,44.993,27.938
280.28,-189.71,-787.6,32.922,43.224,69.143
700.39,492.51,-87.287,33.289,-1.954,27.365
783.91,-175.58,309.22,27.899,-2.3499,29.173
428.91,-729.13,-152.53,53.772,8.3659,27.663
562.46,650.87,11.3,41.663,0.41453,27.226
725.2,-450.27,-110.23,32.05,2.1853,27.45
55.476,-516.63,-541.67,292.23,303.74,39.354
28.026,-183.19,90.729,749.45,-370.7,30.375
177.51,-169.49,814.98,37.855,-87.886,94.946
100.83,543.74,618.07,154.88,170.61,40.854
448.31,-240.08,693.18,30.894,-19.938,46.065
230.52,367.2,-737.25,51.461,-74.407,53.783
72.445,-106.38,-787.8,51.008,270.15,172.66
533.01,81.922,-670.15,27.544,-5.213,43.457
517.77,-97.756,-679.83,27.706,6.6496,44.476
210.97,-141.04,-815.54,32.832,59.322,92.11
135.66,-752.84,356.13,156.6,-71.838,30.032
399.86,558.89,515.92,46.858,28.655,34.051
116.33,-182.04,-809.07,51.587,165.43,106.32
472.28,-402.83,-595.04,35.806,22.318,37.729
199.83,828.32,-45.231,117.12,-6.0497,27.262
433.14,-177.93,720.87,29.439,-17.28,50.035
128.7,-568.32,-607.57,125.97,128.38,39.352
576.86,22.785,-637.9,27.245,-1.1908,40.595
233.03,459.74,-682.7,60.545,-71.731,45.221
184.47,-795.5,242.6,121.78,-35.283,28.401
243.97,66.067,-817.76,28.216,-24.142,92.682
751.84,-214.37,360.08,28.31,-3.5796,29.975
771.81,379.54,-34.621,30.341,-0.53949,27.245
302.3,-202,-776.95,32.783,39.141,64.377
182.06,-804.84,210.63,124.72,-31.085,28.097
78.757,504.84,626.29,187.95,228.27,43.102
219.01,-718.8,407.15,94.07,-48.822,30.967
365.42,738.22,243.4,61.502,16.305,28.388
549.77,272.29,603.03,30.387,13.283,38.191
666.72,103.05,-534.3,27.547,-3.338,34.738
788.05,-245.09,244.69,28.511,-2.5131,28.396
151.76,677.02,486.43,126.41,86.616,33.256
455.29,-657.62,-315.36,47.883,15.54,29.265
206.57,686.97,463.01,95.3,58.99,32.408
247.88,137.67,807.79,31.185,43.537,82.535
27.229,-16.735,-7.0323,793.55,333.06,29.527
28.898,287.6,-24.463,808.07,-68.655,27.322
363.99,-668.92,397.21,57.08,-26.185,30.708
625.47,524.65,-271.97,35.546,-7.6189,28.696
852.71,95.603,-69.647,27.394,-0.248,27.313
31.453,-20.314,-430.43,44.422,587.74,456.63
81.596,-731.18,343.63,260.2,-120.95,30.05
29.588,-310.18,-131.85,729.03,309.46,29.578
395.06,761.68,45.783,59.238,2.8087,27.262
350.9,-674.93,398.42,59.156,-27.525,30.736
203.06,696.01,-450.42,98.019,-58.539,32.055
792.5,-108.92,-317.89,27.48,1.4885,29.296
202.83,644.56,521.44,91.446,67.422,34.397
815.32,-76.348,-265.42,27.343,0.82718,28.619
319.95,-118.4,-787.47,29.04,23.412,68.666
725.7,-300.29,352.13,29.465,-5.0572,29.837
617.63,-459.06,-384.98,33.931,10.139,30.444
186.22,823.4,115.54,124.68,16.661,27.477
274.58,-112.87,804.01,29.455,-30.586,78.885
289.86,802.5,-85.369,80.451,-7.5783,27.359
267.43,613.17,535.42,68.395,50.261,34.881
475.85,-475.7,-535.44,38.525,21.71,34.802
434.05,679.3,298.48,50.631,15.815,29.032
244.55,-756.48,317.18,89.002,-33.826,29.312
339.34,747.84,250.34,66.06,18.358,28.461
598.8,-270.89,-555.32,29.885,10.426,35.653
574.01,-598.44,-229.28,39.351,7.8606,28.246
101.4,138.78,811.72,47.299,185,133.03
149.46,779.18,-296.31,146.88,-53.938,29.062
766.46,-391.69,5.7967,30.576,-0.093797,27.224
745.42,-430.34,-4.561,31.44,0.083378,27.224
302.08,-601.5,531.77,60.857,-43.036,34.705
284.14,-807.08,-54.247,82.316,4.9277,27.278
61.839,-608.62,-473.27,299.64,231.08,34.432
604.77,-489.52,367.39,35.038,-10.422,30.109
42.339,655.44,63.722,550.94,53.431,27.351
317.3,659.57,-447.98,62.986,-34.788,31.924
378.73,761.07,123.93,61.233,8.0001,27.511
404.23,328.54,683.48,35.113,29.138,44.95
858.75,40.639,44.679,27.254,0.067019,27.26
161.66,-537.82,636.75,95.83,-104.3,41.184
485.66,-709.68,2.9613,48.255,-0.13727,27.224
31.942,-257.67,-368.96,420.68,599.85,47.48
834.07,104.06,-185.9,27.435,-0.75199,27.882
234.38,640.98,-515.81,79.747,-56.696,34.134
593.84,-556.34,-279.52,37.322,8.775,28.786
575.32,-275.66,577.25,30.193,-11.827,36.729
621.05,322.69,-500.6,30.685,-10.135,33.479
747.96,-395.68,-157.69,30.802,2.6871,27.693
303.46,77.442,-798.63,28.103,-17.855,74.812
688.74,-22.033,515.6,27.237,-0.65262,34.01
440.76,203.63,-709.43,29.998,-18.441,48.254
805.76,-238.65,186.56,28.394,-1.792,27.887
156.28,-555.05,621.98,101.89,-106.03,40.066
252.05,-759.18,305.48,86.857,-31.516,29.143
153.16,544.95,-630.88,102.13,-109.83,40.789
65.564,517.9,584.43,237.94,265,40.896
130.62,-566.12,-610.01,123.67,126.8,39.495
320.42,-699.26,380.61,65.546,-29.523,30.378
99.69,-306.06,-763.53,91.046,206.83,70.293
254.76,749.4,-326.94,85.016,-33.287,29.457
80.489,527.02,-610.61,191.36,-217.23,41.423
333.98,-326.22,-720.39,38.117,41.237,50.117
150.9,-763.11,335.59,142.59,-60.418,29.651
625.41,583.34,94.986,37.244,2.8243,27.391
56.673,-29.382,752.84,31.624,-209.81,355.99
413.98,74.332,749.5,27.661,8.7477,55.717
385.1,-198.14,742.01,30.631,-24.106,54.085
443.43,-26.602,736.02,27.272,-2.7162,52.757
182.49,-741.72,376.71,115.16,-55.221,30.358
252.23,-764.63,291.44,87.362,-30.064,28.954
364.83,775.76,53.08,64.115,3.596,27.276
360.52,-514.46,585.65,47.528,-36.354,37.235
91.117,-815.98,39.599,256.91,-12.328,27.255
568.52,-343.12,-547,31.807,13.561,35.282
598.2,-616.66,47.032,39.119,-1.5387,27.264
292.12,673.15,443.79,68.637,38.132,31.821
392.95,3.0047,-764.12,27.224,-0.40672,59.639
90.851,-447.49,-683.23,143.16,210.68,49.054
812.06,-283.46,-35.046,28.836,0.38762,27.246
144.78,730.82,-400.73,142.54,-75.308,30.916
847.53,-134.29,68.847,27.563,-0.34642,27.311
30.892,-361.7,185.85,674.88,-346.21,30.602
609.98,-578.94,182.02,37.55,-5.601,27.854
655.53,509.18,-227.12,34.482,-5.794,28.225
27.239,-18.974,21.773,565.64,-647.57,41.409
402.31,-759.13,18.113,58.241,-1.086,27.229
53.2,418.04,-608.44,250.47,-360.24,47.88
401.86,-759.55,-6.6313,58.317,0.39819,27.224
38.214,-30.531,-602.77,41.251,459.73,404.73
451.91,731.08,21.329,51.843,1.0955,27.232
28.041,-184.88,91.548,749.07,-370.43,30.374
268.23,-631.97,-512.72,69.986,48.189,33.987
147.23,-832.94,32.449,159.07,-6.0153,27.243
257.13,-816.83,14.686,91.132,-1.4922,27.227
590.4,-543.7,-310.01,37.026,9.6992,29.186
535.53,667.87,-84.194,43.552,-3.3451,27.355
112.31,-822.19,98.446,207.21,-24.383,27.414
290.91,-344.02,729.65,42.269,-52.464,51.885
137.87,782.71,285.16,159.99,56.599,28.925
783.6,-250.71,253.14,28.584,-2.683,28.484
77.673,700.88,391.84,263.7,145.85,31.149
633.31,263.89,519.38,29.496,8.6018,34.154
131.7,827.15,93.108,176.85,19.436,27.391
58.39,398.41,-647,211.73,-338.15,51.607
217.4,804.08,190.85,105.08,23.266,27.93
93.274,789.89,-214.71,242.57,-65.106,28.199
187.74,-821.77,-125.37,123.47,17.921,27.523
688.67,46.356,514.08,27.285,1.3669,33.954
425.33,236.35,708.55,31.159,22.109,48.141
754.14,-406.8,-81.72,30.936,1.4021,27.347
28.687,-201.21,182.01,606.14,-547.18,36.692
832.76,-201.26,84.042,28.008,-0.64605,27.354
367.3,-740.63,-233.1,61.41,15.529,28.286
756.38,-257.64,-320,28.761,3.718,29.328
854.23,39.205,-99.243,27.252,-0.14515,27.406
209.24,819.96,-114.89,110.99,-14.616,27.473
305.98,350.5,720.77,41.489,48.586,50.258
265.54,-118.13,805.97,29.822,-33.913,80.567
388.5,-613.67,459.01,50.984,-27.262,32.211
180.37,675.6,-485.8,106.68,-71.715,33.156
646.61,-473.59,313.29,33.755,-7.8052,29.231
858.49,-20.165,-60.731,27.231,0.045268,27.291
332.64,-398.12,683.92,42.543,-43.156,45.084
791.84,202.85,-269.86,28.103,-2.305,28.67
424.92,-722.53,190.29,53.784,-10.536,27.917
575.74,405.31,-494.42,33.305,-13.483,33.273
209.97,824.39,-75.403,111.18,-9.5593,27.33
37.786,-21.635,596.05,35.302,-394.23,478.29
846.41,-127.61,91.603,27.531,-0.43968,27.379
462.11,-635.04,-349.93,46.32,16.708,29.806
112.09,-808.85,-177,204.33,43.921,27.856
592.93,-559.84,-274.42,37.46,8.6639,28.725
198.71,-768.15,313.68,109.67,-42.026,29.276
520.09,674.4,120.5,44.617,5.0041,27.495
226.33,805.06,-178.3,101.27,-20.809,27.836
28.073,0.59647,-210.04,27.326,-72.348,831.69
726.19,-183.97,423.81,28.085,-3.9069,31.283
280.98,453.8,670.83,51.89,55.594,43.759
704.6,-90.286,-485.94,27.446,2.3899,32.991
30.731,266.17,-297.44,508.96,-567.12,40.791
408.94,-720.64,-228.05,55.252,13.24,28.237
355.58,778.53,70.403,65.687,4.9198,27.315
408.8,-751.88,-78.304,57.09,4.5937,27.337
280.13,625.29,515.17,66.849,45.942,34.07
286.2,-650.74,-479.34,67.879,41.958,32.841
412.89,621.3,426.78,49.26,23.503,31.369
648.79,535.7,180.69,35.317,4.8342,27.845
237.45,-59.629,819.86,28.08,-23.19,95.69
399.31,700.38,297.37,55.061,17.663,29.018
73.186,-268.5,749.57,110.99,-291.2,78.547
159.82,813.39,182.22,143.22,30.926,27.874
785.68,-264.34,231.95,28.725,-2.5658,28.27
367.33,-546.85,551.18,48.915,-34.031,35.508
29.665,-12.201,-341.62,39.182,567.49,548.89
113.35,-671.19,485.55,168.28,-118.55,33.449
83.569,593.26,551.61,206.21,188.39,37.022
27.566,-135.29,-1.6485,850.11,10.348,27.225
616.03,-557.34,-224.24,36.728,6.6583,28.199
340.94,568.52,-545.59,53.057,-37.512,35.27
846.75,-60.834,142.84,27.294,-0.32943,27.606
35.817,210.21,-517.92,247.37,-602.09,72.011
320.61,356.52,711.77,40.795,45.175,48.781
27.476,-1.3788,116.32,29.038,-296.66,799.66
291.58,-691.38,415.17,70.319,-35.897,31.118
317.29,688.7,401.76,65.258,31.443,30.813
638.17,-298.66,494,30.062,-8.9472,33.256
514.96,126.9,677.12,28.04,8.5883,44.185
212.01,419.22,-713.4,60.724,-82.566,49.557
636.4,563.83,-132.59,36.385,-3.7667,27.553
322.77,-680.56,-411.39,63.713,31.482,31.024
63.32,702.75,327.1,335.75,155.25,30.01
251.03,683.06,451.16,79.332,46.228,32.037
421.46,731.86,-159.71,54.637,-8.963,27.706
666.76,-345.94,419.96,30.675,-7.9085,31.194
140.38,-827.7,95.885,165.86,-18.697,27.401
288.41,-773.38,-232.28,78.219,20.647,28.282
661.37,268.25,-480.86,29.381,-7.451,32.833
831.34,-48.203,-218.18,27.269,0.414,28.143
45.598,-385.93,571.54,288.51,-423.46,48.498
141.89,769.91,-318.86,152.96,-61.342,29.397
147.02,-669.91,496.03,129.13,-91.368,33.606
675.78,-175.02,-503.33,28.123,5.0916,33.57
33.564,-48.014,500.88,71.928,-642.86,264.27
503.35,-282.61,-637.54,31.232,16.924,40.584
778.72,-298.25,213.51,29.154,-2.6727,28.102
581.63,-297.95,-559.61,30.594,11.965,35.854
697.35,447.46,-232.81,32.353,-4.9144,28.279
771.74,-328.31,-193.8,29.587,2.6792,27.941
29.457,-328.11,18.405,794.36,-44.506,27.266
128.8,807.17,-201.57,176.66,-43.067,28.04
236.29,-729,380.44,88.828,-42.002,30.397
109.38,-684.61,463.99,178.02,-117.83,32.765
367.07,638.73,-441.65,54.75,-28.497,31.746
342.49,-784.47,-66.886,68.22,4.8903,27.306
492.23,423.07,564.18,35.92,20.387,36.084
792.54,-318.24,107.64,29.339,-1.3792,27.439
118.38,-817.36,-143.44,195.05,33.563,27.631
613.75,-48.558,601.12,27.309,-2.1071,38.066
752.47,-227,350.92,28.437,-3.6715,29.817
214.57,717.64,410.94,95.744,50.393,31.056
855.92,-88.945,-24.196,27.37,0.079622,27.234
33.666,44.081,504.15,66.425,632.09,285.3
37.861,117.67,-586.02,124.75,-591.68,135.08
387.72,-412.78,646.13,39.816,-33.188,41.329
118.49,117,-821.59,38.781,-138.13,138.85
33.665,345.5,369.77,475.69,507.44,39.84
385.05,764.95,68.823,60.668,4.3593,27.311
831.16,-78.132,-210.05,27.344,0.64458,28.073
826.86,7.4224,-239.37,27.224,-0.07082,28.342
635.62,-579.84,16.23,36.865,-0.46916,27.228
54.463,-57.952,-741.86,43.124,332.05,271.65
34.913,-293.77,451.35,366.89,-560.59,49.808
86.438,591.66,-557.5,198.21,-183.24,37.239
354.15,-78.578,-778.38,27.889,13.036,64.595
123.89,831.09,0.84301,189.17,0.18791,27.223
580.04,-578.8,-262.22,38.48,8.7075,28.585
64.876,778.97,-18.997,361.13,-8.7573,27.231
169.02,822.09,135.02,136.9,21.595,27.574
54.999,-233.63,708.99,135.85,-395.69,85.394
775.25,204.02,313.52,28.151,2.8053,29.233
217.96,718.06,408.88,94.404,49.285,31.007
687.2,-211.43,473.02,28.485,-5.5186,32.594
655.31,-129.04,542.67,27.747,-4.3631,35.088
199.27,-822.27,-110.39,116.62,14.803,27.454
122.59,830.15,-33.624,191.02,-7.58,27.245
226.79,390.88,-725.92,54.541,-76.056,51.579
56.209,579.7,478.33,322.06,263.85,35.243
153.07,-589.95,-589.02,110.04,103.14,37.877
334.44,560.33,557.79,53.248,39.152,35.827
204.22,812.22,165.14,112.59,21.553,27.748
181.95,-587.31,589.26,92.947,-85.256,37.725
518.82,-443.57,-523.34,35.838,17.884,34.314
309.97,800.03,-1.5027,75.608,-0.1236,27.223
419.2,-735.41,-148.88,55.061,8.4219,27.642
573.04,-568.93,296.84,38.383,-9.9526,29.006
27.715,0.62774,-161.36,27.421,-101.34,839.5
29.702,-336.34,72.567,771.31,-166.21,27.849
116.58,692.92,-455.75,168.63,-108.02,32.455
27.348,0.38895,-82.155,27.524,-126.19,847.59
293.4,-673.86,441.92,68.442,-37.783,31.771
148.5,831.28,-62.134,157.39,-11.413,27.297
484.71,-654.05,277.11,45.769,-12.531,28.759
28.902,-0.72444,288.92,27.299,-60.327,808.64
430.33,702.14,-246.36,52.173,-13.322,28.417
689.99,-514.06,18.901,33.957,-0.4461,27.23
743.57,-114.08,418.27,27.542,-2.3254,31.153
522.1,-425.19,535.23,35.128,-17.661,34.787
75.838,-785.37,-154.26,303.28,59.089,27.739
663.23,160.37,524.41,28.009,5.0672,34.345
835.81,-141.65,-149.74,27.612,0.81583,27.645
153.21,-492.19,672.85,92.945,-116.16,44.803
735.87,102.07,434.64,27.484,2.2121,31.545
254.95,114.78,-809.46,29.884,-35.858,83.738
36.308,-515.99,-240.11,585.33,271.78,30.021
847.6,43.176,144.19,27.259,0.23584,27.614
751.58,54.318,-415.99,27.294,-1.0876,31.101
841.63,177.03,37.416,27.82,0.24937,27.249
181.07,-197.37,808.31,40.521,-91.05,86.954
734.83,-160.26,418.54,27.864,-3.3084,31.16
669.17,-381.05,-384.24,31.334,7.7464,30.428
740.58,-403.8,-171.29,31.012,3.0178,27.78
484.18,425.71,569.08,36.275,21.18,36.326
176.18,-417.18,720.47,70.699,-103.99,51.223
101.25,712.87,412.12,200.85,113.98,31.373
628.84,-526.59,-260.25,35.522,7.2442,28.562
260.97,-179.59,795.88,33.105,-47.499,73.848
195.47,-828.88,47.188,119.71,-6.463,27.265
312.42,765.29,-230.1,72.263,-18.644,28.26
739.84,305.79,-316.19,29.46,-4.4498,29.272
96.213,820.06,-27.667,243.45,-8.1108,27.239
120.91,323.52,764.85,79.567,166.09,66.32
371.05,485.84,603.44,44.928,35.315,38.271
306.95,768.58,-226.03,73.652,-18.701,28.221
278.4,-697.32,-413.52,73.726,37.759,31.084
30.017,-61.506,-357.17,135.19,753.22,157.22
102.7,824.15,2.6305,228.2,0.71798,27.223
381.72,326.31,-697.06,35.853,-32.433,46.618
331.69,-746.91,262.6,67.265,-19.776,28.596
156.94,-828.32,-93.866,148.41,16.252,27.392
838.56,99.39,-167.34,27.414,-0.6401,27.753
318.39,481.2,-635.22,49.461,-45.512,40.513
204.89,-67.033,826.01,28.668,-34.71,108.62
182.28,-741.65,376.89,115.28,-55.315,30.362
49.674,18.564,-718.64,29.817,-192.07,430.76
250.95,-778.46,253.3,89.204,-26.323,28.5
352.06,-10.49,-783.17,27.236,1.8145,66.538
254.98,-762.6,294.66,86.296,-30.026,28.996
773.34,-304.23,224.35,29.257,-2.8945,28.199
61.45,-304.56,-707.01,152.94,343.79,67.885
48.627,-115.01,702.84,82.335,-448.16,159.36
50.724,-702.55,-179.52,447.7,113.98,28.095
71.62,-790.91,64.039,326.17,-26.225,27.312
113.23,541.12,-627.2,136.76,-152.24,41.198
762.5,-398.73,-22.638,30.725,0.37496,27.233
48.534,-583.84,-406.76,396.51,274.95,33.153
325.09,368.79,-703.54,41.25,-44.42,47.577
267.99,727.53,-364.82,79.119,-34.977,30.09
652.69,-493.34,266.8,34.136,-6.7196,28.636
170.72,-817.09,-161.94,134.76,25.618,27.731
113.42,-663.78,-495.67,166.36,120.9,33.813
166.78,809.28,-198.37,136.63,-32.162,27.998
27.23,0.015317,18.555,27.233,22.433,860.39
52.887,567.03,470.28,341.53,281.46,35.322
29.352,-1.9948,-321.66,27.67,142.72,785.57
109.59,761.68,-322.42,197.22,-81.893,29.519
166.73,89.307,-828.44,30.977,-65.42,123.53
110.89,-764.24,317.54,195.45,-79.634,29.438
34.851,-511.38,-164.1,640.36,205.12,28.588
578.2,-130.34,623.62,27.908,-6.4709,39.538
858.54,14.743,61.641,27.227,0.033593,27.293
236.35,806.76,-159.05,97.428,-17.708,27.707
775.55,62.931,368.11,27.313,1.0463,30.119
317.94,-762.75,231.38,70.979,-18.364,28.271
595.09,592.3,-188,38.43,-6.0765,27.898
471.9,449.03,-561.31,37.608,-22.378,35.95
65.538,-740.85,-246.62,339.4,112.26,28.683
54.493,35.885,-743.39,34.196,-259.44,342.38
637.63,383.22,432.51,31.769,9.5273,31.495
557.71,-599.15,-264.68,39.981,9.4733,28.613
77.131,688.11,-412.41,261,-154.72,31.693
158.12,775.69,-305.27,138.28,-52.308,29.179
28.834,-151.87,239.42,435.99,-684.63,50.751
39.715,516.24,-354.33,486.77,-333.06,33.002
654.74,550.78,92.381,35.587,2.4761,27.382
216.99,-791.85,236.8,103.77,-28.897,28.334
221.4,-230.55,-792.76,39.46,71.104,73.027
454.71,238.17,-689.72,30.743,-19.221,45.639
619.25,-547.11,240.05,36.342,-6.998,28.35
243.64,-752.75,-326.52,88.91,34.95,29.453
178.38,-117.92,823.93,32.752,-70.741,109.21
743.07,-396.22,178.1,30.856,-3.0736,27.826
708.74,294.97,-389.16,29.49,-5.7514,30.525
242.17,-770.43,283.32,91.314,-30.596,28.852
788.32,-295.23,179.86,29.072,-2.1808,27.838
114.92,-706.09,-434.16,174.3,104.56,31.851
462.11,492.18,-532.45,39.809,-22.926,34.682
212.36,789.12,248.74,105.57,31.065,28.458
818.14,-169.82,206.99,27.804,-1.4013,28.047
821.37,222.33,130.19,28.204,1.1286,27.54
46.467,-673.53,-178,487.66,128.47,28.155
424.51,-674.38,-322.19,51.178,17.532,29.367
686.55,-148.19,497.37,27.851,-4.1674,33.366
108.65,-771.93,296.05,201.64,-75.921,29.123
343.7,-303.35,-725.98,36.36,38.238,51.052
166.47,-747.47,368.26,126.86,-59.621,30.211
234.72,117.56,-814.23,30.489,-42.81,89.154
183.43,709.59,-434.01,109.92,-63.105,31.644
187.68,460.46,692.11,72.787,94.1,46.704
127.22,819.25,-143.41,181.51,-31.059,27.628
294.86,311.85,-742.52,39.714,-50.128,54.483
303.67,-786.3,-159.4,75.831,13.391,27.706
164.6,-747.03,369.37,128.2,-60.531,30.235
557.7,-635.17,-160.05,41.288,5.8807,27.708
51.643,724.94,-87.735,450.53,-54.326,27.421
195.58,752.79,-350.07,109.26,-47.655,29.857
447.73,727.43,97.405,52.006,5.0556,27.4
28.695,17.332,271.48,58.701,721.7,378.77
747.57,-424.66,-40.902,31.314,0.73655,27.254
618.72,570.22,-180.16,37.038,-5.3803,27.841
180.05,819.91,-142.26,128.33,-21.264,27.612
497.08,-656.36,-248.47,45.135,10.87,28.437
126.56,-811.51,181.66,180.8,-39.557,27.882
444.87,276.48,681.71,32.069,22.091,44.72
728.27,-444.88,-111.9,31.907,2.1831,27.457
782.85,-259.03,246.98,28.677,-2.701,28.419
89.384,599.39,553.03,193.58,175.08,36.872
27.682,5.307,-155.86,39.627,-614.53,581.63
41.076,-37.141,-642.85,42.681,438.2,363.92
601.44,-615.13,14.657,38.961,-0.4751,27.227
288.21,787.83,177.47,79.554,15.822,27.827
524.58,-361.42,-577.97,33.073,17.055,36.773
157.25,769.58,-320.4,137.98,-55.21,29.403
304.76,-478.92,643.19,50.853,-48.724,41.167
231.73,-549.34,-613.31,70.457,66.918,39.077
34.656,-10.428,-532.19,30.271,295.41,608.17
698.91,453.11,216.68,32.451,4.5972,28.13
751.16,-415.01,-66.401,31.107,1.1651,27.305
539.01,541.6,395.1,38.617,14.171,30.651
811.63,-144.87,-247.56,27.654,1.4607,28.425
584.98,-317,545.49,30.971,-12.118,35.215
205.44,-800.24,215.07,110.39,-27.865,28.132
510.05,-598.12,-349.06,41.99,14.205,29.79
554.67,571.39,-325.45,39.108,-11.482,29.412
111.61,-818.52,-123.78,207.66,30.865,27.528
585.48,530.1,-341.25,36.742,-10.668,29.658
798.53,-311.47,-79.575,29.223,0.98692,27.341
600.01,-126.18,603.65,27.82,-5.648,38.222
30.609,125.01,-372.9,244.72,-720.99,85.173
488.01,-359.49,-610.04,33.831,20.235,38.644
647.07,536.74,183.72,35.383,4.9418,27.866
27.235,-0.024753,24.627,27.237,-27.299,860.09
124.6,-830.82,26.345,188,-5.8365,27.237
265.99,805.58,119.94,87.241,11.724,27.494
644.17,225.79,-524.02,28.85,-7.3379,34.33
246.66,-361.67,735.65,48.519,-67.62,53.31
835.61,-15.679,-206.33,27.228,0.12624,28.042
768.86,204.44,-328.61,28.17,-2.9935,29.457
837.31,-176.19,94.564,27.82,-0.63375,27.389
66.793,-87.247,-778.89,47.513,284.92,201.04
364.94,143.02,764.26,29.25,20.912,59.769
405.8,-737.66,-172.32,56.578,10.157,27.788
255.8,-806.34,133.57,90.496,-13.634,27.561
159.68,75.635,830.12,30.205,62.224,132.28
330.4,178.4,-771.9,30.962,-30.4,62.366
82.531,-0.6998,808.95,27.224,-2.5387,283.95
357.12,-686.55,372.38,59.129,-25.273,30.215
482.08,-712.08,5.3838,48.614,-0.25229,27.224
825.74,161.9,-181.64,27.742,-1.1534,27.851
66.372,612.54,487.41,276.82,218.14,34.725
331.2,-327,-721.27,38.321,41.867,50.269
593.76,380.99,-492.54,32.356,-12.217,33.21
238.26,62.719,819.44,28.163,24.14,95.082
685.21,-2.1718,520.73,27.223,-0.065678,34.202
702.24,484.03,115.42,33.072,2.5426,27.472
208.26,460.74,-688.14,66.57,-82.797,46.019
594.22,455.24,424.21,34.308,11.84,31.296
593.37,-497.9,374.57,35.553,-11.065,30.243
101.54,-805.24,-172.81,225.74,47.74,27.834
200.04,-476.07,-679.31,70.836,86.148,45.025
594.12,621.36,34.961,39.414,1.1597,27.246
40.095,-338.42,-532.97,314.16,491.05,50.65
90.949,-674.71,460.38,213.4,-143.24,32.872
573.67,-586.76,-258.46,38.964,8.7847,28.543
707.83,381.22,-307.26,30.926,-5.6109,29.146
425.74,-538.56,517.22,43.954,-26.019,34.094
180.74,129.08,822.02,33.584,73.34,105.11
732.28,-445.14,80.259,31.865,-1.5517,27.343
790.22,-92.118,328.7,27.408,-1.3127,29.458
690.82,-496.55,-130.03,33.535,2.9945,27.54
135.39,-783.31,282.83,163.07,-57.239,28.897
513.49,-257.57,-640.13,30.465,15.255,40.785
698.08,475.17,-166.23,32.939,-3.6523,27.746
646.16,-311.6,-475.31,30.228,8.7123,32.664
361.37,418.29,-657.33,41.71,-37.624,42.328
52.988,251.93,-692.79,153.3,-408.27,78.542
800.57,294.1,-116.56,29.004,-1.3683,27.477
650.38,549.84,123.47,35.661,3.3412,27.508
519.71,667.98,153.38,44.371,6.353,27.667
293.55,273.48,-757.97,37.282,-48.235,58.298
366.92,-189.45,-753.16,30.656,25.764,56.72
329.38,787.97,86.032,70.794,6.5865,27.361
397.25,-467.6,-601.59,42.104,31.524,38.144
236.57,-811.08,-134.99,97.824,15.02,27.569
323.17,457.71,-650.12,47.311,-44.951,41.729
533.14,-448.6,-504.42,35.598,16.618,33.617
131.31,584.2,-592.84,126.76,-122.71,38.329
272.63,-703.27,406.88,75.645,-38.097,30.936
548.27,-608.81,-262.24,40.708,9.6931,28.585
89.57,773.58,-258.72,248.29,-82.04,28.688
610.63,351.78,493.72,31.426,11.007,33.248
431.31,-436.89,-601.67,38.789,27.106,38.136
378.47,-589.27,-497.53,50.469,30.213,33.402
40.187,6.6,-632.54,27.894,-126.92,569.16
363.11,-754.89,-189.68,62.947,12.859,27.913
31.367,0.35845,-427.35,27.231,-17.172,746.96
355.13,350.68,-698.86,38.315,-37.809,46.889
52.336,637.18,-364.13,389.03,-221.22,31.336
62.133,748.76,-187.29,365.97,-91.035,28.057
654.69,-112.34,547.11,27.622,-3.8541,35.28
616.73,-501.49,329.49,35.101,-9.1902,29.472
546.18,-447.96,-490.95,35.226,15.549,33.161
436.66,739.02,46.427,53.593,2.4981,27.263
554.36,-653.15,-78.388,42.1,2.9399,27.337
253.09,-134.65,806.9,30.876,-41.191,81.644
370.44,-706.09,319.46,58.722,-20.858,29.329
644.28,208.12,531.15,28.611,6.9105,34.612
832.1,-217.43,37.392,28.138,-0.30959,27.249
855.42,-61.306,74.803,27.293,-0.17035,27.327
769.74,21.401,-384.67,27.234,-0.37858,30.435
855.8,-75.494,-54.8,27.329,0.15333,27.279
672.02,-67.403,-533.37,27.36,2.1599,34.7
820.36,-260.15,-19.322,28.561,0.19402,27.23
303.36,-160.25,786.24,30.815,-33.194,68.25
301.04,-633.71,493.53,63.658,-40.509,33.293
40.594,-15.48,637.7,30.61,-263.57,513.45
155.68,745.76,-372.55,135.22,-64.812,30.308
77.895,780.04,-191.86,292.23,-71.254,28.028
774.29,375.27,-24.258,30.256,-0.3724,27.234
458.44,-714.12,-138.18,50.456,6.921,27.582
223.63,625.97,-537.61,81.457,-62.144,35.024
339.56,-548.03,566.96,51.808,-38.798,36.267
516.77,-178.25,-664.06,28.802,11.437,42.866
309.37,760.21,249.98,72.464,20.465,28.459
233.61,-807.16,160.36,98.542,-18.084,27.715
427.02,-692.49,277.4,51.943,-15.092,28.764
234.92,817.58,90.936,99.197,10.202,27.379
370.74,-389.94,-669.59,39.565,35.775,43.495
588.03,107.61,-618.79,27.676,-5.1678,39.202
824.61,-34.534,244.68,27.247,-0.33837,28.396
239.57,387.66,724.3,52.028,70.595,51.185
751.93,266.81,322.95,28.889,3.9149,29.371
408.27,180.17,-734.45,29.767,-19.854,52.498
426.72,-592.9,453,46.666,-23.521,32.039
157.72,-731.58,399.6,131.06,-68.497,30.866
790.61,219.54,260.23,28.255,2.4002,28.561
459.9,-699.22,-197.08,49.601,9.7691,27.969
777.37,-364.64,-60.632,30.073,0.90272,27.291
207.5,825.21,-71.178,112.55,-9.1399,27.319
332.99,-295.46,-733.98,36.449,40.035,52.567
153.44,-545.26,630.61,102,-109.57,40.765
192.35,-823.25,110.74,120.8,-15.425,27.456
856.32,57.583,67.082,27.285,0.14323,27.306
101.07,817.22,-100.1,230.19,-27.802,27.424
715.4,414.56,238.98,31.47,4.5654,28.339
785.69,-173.4,305.92,27.879,-2.287,29.127
597.93,-466.29,-406.65,34.536,11.405,30.896
191.79,-803.07,-212.63,118.33,29.672,28.113
661.54,-525.24,164.57,34.772,-4.2169,27.736
89.345,517.61,630.2,167.81,198.94,42.553
54.91,697.41,265.13,399.07,151.01,29.116
600.14,-579.35,-210.97,37.857,6.6569,28.081
597.8,-497.9,-367.48,35.444,10.727,30.111
170.9,-811.68,187.14,133.77,-29.564,27.908
389.66,718.4,265.15,57.206,16.333,28.622
53.52,528.55,-517.56,313.45,-304.62,38.031
623.4,-444.53,392.7,33.446,-9.9721,30.599
784.59,-220.16,277.33,28.276,-2.6027,28.758
252.22,-465.87,-672.73,57.44,64.314,44.039
644.51,-558.01,117.3,36.022,-3.2477,27.48
686.45,-168.33,491.06,28.031,-4.645,33.157
513.58,-687.64,56.15,45.535,-2.3892,27.282
232.14,804.44,175.05,98.817,19.871,27.813
695.42,506.95,10.363,33.698,0.23927,27.225
440.19,703.35,224.83,51.385,11.815,28.206
834.39,180.28,-111.19,27.852,-0.76694,27.454
350.17,-666.56,412.85,58.675,-28.519,31.052
70.428,-595.54,-521.05,251.08,217.09,36.08
397.7,-267.87,-713.07,32.847,27.377,48.841
53.805,691.17,-267.43,406.34,-156.52,29.182
27.809,-0.23732,175.72,27.247,-35.165,842
414.18,-640.36,-396.29,50.203,21.932,30.683
780.41,286.46,223.28,29.002,2.687,28.189
603.81,-580.39,-197.24,37.779,6.172,27.969
414.03,654.3,372.99,50.99,20.782,30.221
100.95,653.72,-500.42,185.08,-138.62,34.147
451.73,402.04,611.11,36.473,24.554,38.723
739.57,-440.29,5.3957,31.688,-0.10172,27.224
361.8,441.49,-641.75,43.023,-37.498,40.988
75.289,581.97,-548.27,227.34,-211.1,37.275
552.52,-632.03,-187.92,41.391,6.983,27.898
682.54,234.14,469.04,28.783,6.0795,32.476
27.703,83.881,-135.6,445.64,-717.73,51.678
490.63,-39.645,705.18,27.312,-3.1611,47.611
286.36,-612.26,527.53,64.496,-45.671,34.544
306.11,-790.95,-129.2,75.687,10.764,27.538
156.08,-462.94,693.28,86.403,-116.55,47.31
46.08,629.61,-290.95,461.83,-212.68,29.98
242.05,310.51,759.92,44.456,68,59.291
66.462,702.56,-345.7,316.62,-154.64,30.319
40.782,-626.88,130.28,562.67,-116.66,27.804
49.413,54.457,-715.19,45.095,-376.4,286.32
360.84,-775.03,82.223,64.649,-5.6425,27.349
48.087,-311.52,636.37,215.68,-433.55,61.517
432.47,398.49,626.97,37.052,26.825,39.816
217.12,-465.1,-683.18,64.777,78.345,45.362
674.45,508.32,-165.45,34.1,-4.0249,27.741
345.55,-785.32,-33.561,67.77,2.4289,27.244
194.28,-645.21,-522.75,95.283,70.896,34.466
185.76,310.26,-771.47,53.422,-98.339,64.29
43.627,-669.12,-60.447,535.01,48.207,27.334
83.509,-798.36,136.92,276.64,-46.985,27.617
649.45,550.36,125.97,35.697,3.4186,27.52
845.05,103.69,-127.37,27.428,-0.50024,27.527
508.36,-359.43,-593.39,33.356,18.389,37.625
770.9,-317.4,214.22,29.443,-2.8835,28.109
709.05,-218.76,-436.06,28.491,4.9427,31.581
197.32,-827.62,62.079,118.46,-8.4161,27.296
77.237,799.91,-62.996,302.5,-23.63,27.307
375.99,-723.03,-271.72,59.128,17.51,28.698
761.99,-40.273,398.31,27.261,-0.75201,30.713
190.82,-751.49,354.44,111.68,-49.546,29.936
38.584,369.34,-484.77,368.75,-481.36,44.843
839.33,-139.97,130.39,27.6,-0.6964,27.541
439.62,-686.89,271.9,50.571,-14.217,28.698
622.62,55.628,591.34,27.332,2.3053,37.491
638,-576.15,38.928,36.696,-1.1149,27.251
270.47,-251.14,773.38,37.237,-53.383,63.348
52.172,-709.32,-184.95,434.73,112.9,28.13
315.97,502.46,619.71,51.276,45.416,39.379
736.1,-272.06,-353.52,29.026,4.5383,29.861
825.56,-228.05,86.576,28.244,-0.76097,27.362
477.47,-608.93,375.06,44.164,-16.866,30.256
133.91,0.84744,-832.64,27.224,-1.1174,175.01
458.21,697.57,206.58,49.646,10.282,28.046
31.492,-426.88,-69.294,734.6,119.08,27.579
573.48,471.15,-435.12,35.249,-13.136,31.562
206.99,-826.59,54.232,112.99,-6.9831,27.278
112.13,819.62,-117.52,206.93,-29.157,27.497
83.685,-765.44,-265.57,264.73,90.877,28.799
180.42,801.31,224.34,125.3,33.425,28.222
110.94,-754.01,-341.15,192.79,85.488,29.829
106.26,808.72,-167.02,216.07,-43.915,27.789
194.19,-64.281,827.92,28.704,-37.168,114.46
242.28,-230.29,787.88,37.673,-61.584,69.899
779.28,-206.85,301.47,28.167,-2.7051,29.066
199.81,-785.2,267.63,111.37,-35.69,28.672
154.62,821.68,140.73,149.46,24.75,27.607
214.13,774.11,-291.16,102.89,-35.989,28.959
193.33,692.01,459.24,102.12,62.953,32.316
330.83,-791.93,-15.35,70.829,1.1701,27.228
164.19,682.79,477.83,117.98,78.167,32.935
602.91,582.3,-194.34,37.866,-6.1054,27.946
260.62,499.92,644.92,59.146,60.135,41.39
375.38,-747.56,195.43,60.794,-12.706,27.957
110.57,-791.09,242.64,202.79,-61.079,28.453
712.88,-476.47,-74.535,32.751,1.5836,27.326
619.89,-486.64,345.46,34.623,-9.3829,29.727
451.69,675.71,280.28,49.047,14.077,28.798
662.76,379.71,-396.45,31.381,-8.1074,30.676
344.41,-481.96,621.54,46.92,-40.139,39.481
50.748,723.52,50.217,460.7,31.864,27.289
41.158,621.12,173.6,548.44,152.91,28.264
531.16,-415.27,534.16,34.573,-16.898,34.743
286.11,-13.12,808.15,27.252,-3.5546,81.826
144,-573.5,-604.76,113.72,113.04,38.961
341.1,-787.87,6.6798,68.706,-0.49106,27.224
767.1,288.63,-263.01,29.089,-3.2909,28.592
217.28,-58.468,824.37,28.207,-27.253,104.1
49.909,17.598,-720.1,29.534,-181.74,432.83
223.1,768.77,300.05,98.357,35.448,29.075
372.64,572.58,-520.76,50.003,-31.997,34.241
91.934,815.18,-62.457,254.19,-19.252,27.302
564.43,-388.94,519.87,33.073,-14.255,34.177
418.74,-746.76,75.632,55.751,-4.3,27.329
401.41,601.73,463.94,49.134,26.254,32.348
468.57,-642.3,-327.47,46.243,15.405,29.445
277.77,266.41,-765.9,37.808,-52.341,60.752
44.402,1.9683,-679.18,27.266,-29.532,526.99
589.99,494.87,383.79,35.547,11.4,30.421
689.49,355.39,372.83,30.632,6.7538,30.208
802.74,297.42,90.273,29.034,1.0648,27.374
189.78,-721.23,412.81,108.02,-57.903,31.12
787.68,-331.53,-103.02,29.539,1.3828,27.421
858.14,23.077,-64.558,27.233,-0.055112,27.3
30.826,329.59,232.96,621.03,438.12,33.327
809.29,193.16,-220.81,27.989,-1.7263,28.167
417.33,-750.51,-35.65,56.109,2.0378,27.247
109.11,711.72,-421.03,185.38,-107.3,31.542
756.87,-398.85,94.658,30.776,-1.5891,27.39
453.48,404.34,-608.31,36.503,-24.371,38.542
764.49,-45.433,-392.95,27.271,0.83118,30.602
569.31,521.42,379.69,36.935,12.284,30.341
210.48,-60.85,-825.5,28.357,30.137,106.89
164.14,-804.83,216.28,138.07,-35.659,28.152
292.12,750.19,295.47,75.311,25.786,29.001
649.76,564.22,4.7519,36.068,0.13072,27.224
49.265,-61.344,-713.69,48.942,393.23,264.61
549.09,196.66,-632.34,28.921,-10.596,40.177
728.11,-281.3,-362.69,29.187,4.8935,30.022
516.74,212.84,653.81,29.448,13.152,41.927
179.46,-814.85,169.13,127.99,-25.363,27.778
51.238,656.21,315.3,412.44,197.31,30.19
656.53,-498.44,-247.18,34.191,6.2065,28.422
552.84,480.31,-451.36,36.082,-14.605,31.984
92.972,725.08,-379.37,223.71,-115.31,30.675
54.49,272.74,-692.47,159.64,-393.52,73.346
168.2,-830.44,67.214,138.9,-10.81,27.309
189.34,691.26,-461.34,104.06,-64.693,32.382
232.98,623.34,-537.5,78.228,-59.286,35.006
195.79,559.23,613.55,83.106,81.394,39.21
159.47,-833.5,10.082,146.95,-1.7165,27.225
210.26,-717.85,412.2,97.605,-51.687,31.088
402.16,759.39,6.6356,58.273,0.39806,27.224
97.15,-820.22,-38.23,240.98,11.088,27.253
505.39,469.57,513.6,37.185,18.873,33.949
740.47,280.55,-337.4,29.114,-4.4005,29.594
549.44,-280.55,-599.53,30.575,13.538,37.979
527.45,-678.63,33.79,44.398,-1.3795,27.244
147.32,154.94,819.04,39.873,112.52,108.61
351.17,576.4,530.89,52.438,35.281,34.646
708.22,484.13,69.278,32.984,1.5047,27.312
268.55,786.21,209.75,84.611,20.236,28.078
520.34,-501.15,-466.81,37.821,16.977,32.419
824.72,-159.86,187.98,27.731,-1.182,27.897
252.57,-434.26,693.45,54.384,-65.083,46.447
150.69,-421.82,719.05,82.125,-124.61,51.556
342.54,786.87,-26.045,68.386,-1.9048,27.236
360.81,-62.119,-776.91,27.626,10.002,64.007
232.59,794.37,-215.83,97.498,-24.425,28.135
162.17,-451.5,700.58,81.561,-112.46,48.235
463.44,517.07,-507.1,40.827,-22.237,33.719
120.74,-691.58,-459.69,162.35,104.88,32.548
245.81,819.94,6.1856,95.339,0.66059,27.224
368.99,-452.47,-630.03,43.147,36.161,40.074
538.45,-552.17,380.96,39.019,-13.816,30.367
632.97,-146.55,564.23,27.945,-5.4835,36.07
306.57,761.02,250.75,73.105,20.747,28.468
140.15,-794.06,252.41,159.57,-49.247,28.527
400.96,-543.43,-531.37,45.921,29.121,34.651
29.054,247.06,-171.19,663.2,-458.77,33.111
675.89,-357.77,394.75,30.807,-7.449,30.64
90.222,-683.53,-446.12,218.04,140.09,32.433
770.64,262.27,279.75,28.759,3.1877,28.788
436.71,190.39,715.55,29.707,17.89,49.178
182.97,-280.33,-783.19,50.201,99.007,69.46
37.981,597.25,-54.254,614.53,-55.714,27.335
557.57,-649.54,85.421,41.825,-3.17,27.359
387.72,-723.5,253.81,57.746,-15.755,28.496
129.46,-695.68,-456.45,152.09,96.593,32.403
389.71,-682,348.18,54.972,-21.182,29.781
858.46,58.491,-27.159,27.287,-0.058605,27.237
752.57,-56.531,-413.92,27.3,1.123,31.054
799.38,86.222,-307.5,27.381,-1.1243,29.149
76.497,417.4,-684.04,161.26,-256.75,51.718
72.899,-335.11,721.72,137.62,-284.8,63.594
830.96,53.745,218.35,27.28,0.46221,28.145
811.91,41.3,-283.04,27.259,-0.48266,28.828
450.46,-731.51,33.439,51.987,-1.7248,27.244
106.81,-610.16,556.77,163.12,-144.7,36.62
175.44,-743.55,374.65,119.93,-57.312,30.324
93.214,713.9,400.37,219.69,121.32,31.155
536.87,407.44,-534.52,34.191,-16.42,34.757
591.35,-486.8,391.94,35.276,-11.487,30.585
434.85,-738.71,-64.475,53.742,3.487,27.3
593.63,583.36,218.16,38.188,7.0236,28.144
617.01,377.7,-465.89,31.927,-10.75,32.387
500.99,-554.46,-425.73,40.639,17.201,31.336
498.46,700.34,-26.455,46.995,-1.1795,27.236
27.287,-58.642,-6.0741,854.29,88.397,27.369
795.8,324.99,-45.555,29.408,-0.58982,27.262
96.801,-804.52,-163.14,237.34,47.493,27.77
763.38,-393.11,-60.239,30.625,0.98465,27.29
511.93,-559.08,-406.34,40.343,15.97,30.892
287.89,796.45,134.2,80.401,11.995,27.563
419.25,750.2,12.565,55.894,0.7141,27.226
237.83,-588.95,573.34,73.119,-61.313,36.689
580.03,606.42,-189.85,39.408,-6.4497,27.912
569.64,640.5,-73.639,40.99,-2.634,27.324
164.69,715.35,-427.49,122.95,-69.873,31.509
30.781,-396.68,62.091,752.23,-117.59,27.554
787.95,-336.72,-81.953,29.608,1.1139,27.348
616.17,-553.98,232.04,36.625,-6.8649,28.272
27.413,100.99,-5.5032,853.64,-46.469,27.264
687.61,-455.84,-245.14,32.67,5.3699,28.401
674.53,-347.66,-405.95,30.632,7.517,30.878
435.66,740.29,33.574,53.754,1.8126,27.244
751.17,420.24,-4.929,31.199,-0.087316,27.224
770.66,-372.42,-91.147,30.239,1.4025,27.377
83.902,739.18,-332.26,255.02,-113.32,29.819
503.78,-682.46,141.92,45.882,-6.1823,27.602
143.5,-759.64,-342.84,149.28,65.131,29.783
42.943,513.58,-422.38,421.86,-345.5,35.218
387.93,685.33,343.57,55.367,21.046,29.704
592.74,-615.67,-99.502,39.273,3.2973,27.407
30.796,-368.2,161.83,696.78,-305.77,29.733
616.25,324.59,-505.26,30.775,-10.42,33.641
226.21,818.4,-100.87,102.88,-11.793,27.415
263.86,618.61,-530.72,69.702,-50.678,34.69
637.11,164.88,554.44,28.122,5.9462,35.61
27.902,-75.675,172.78,337.89,-766.47,67.672
197.61,450.67,696.87,68.34,88.905,47.243
369.74,-715.47,-298.7,59.425,19.602,29.037
296.5,767.44,-242.33,75.819,-20.855,28.381
38.418,-32.185,605.98,42.258,-465.45,392.98
31.372,0.28242,-427.58,27.228,-13.52,746.9
167.5,734.22,-393.87,123.96,-63.292,30.726
201.65,675.55,-480.95,95.983,-62.837,32.963
545.91,-575.89,332.18,39.597,-12.044,29.515
503.65,-696.86,20.352,46.52,-0.89335,27.231
840.66,112.91,-147.06,27.468,-0.63458,27.63
599.33,-421.96,-450.64,33.305,11.804,31.963
268.69,-737.89,342.88,79.927,-32.831,29.708
501.21,276.29,-641.96,31.096,-16.877,40.935
311.43,731.76,-322.07,69.745,-26.02,29.373
218.43,793.13,-231.47,103.28,-28.046,28.282
825.68,243.45,-6.0598,28.383,-0.056564,27.224
418.81,-458.23,-594.43,40.399,28.609,37.709
155.3,831.97,-52.799,150.61,-9.2457,27.276
587.43,272.89,566.32,30.023,11.079,36.175
262.22,235.22,-780.88,36.66,-54.592,66.37
775.58,302.86,218.38,29.228,2.7914,28.145
686.2,509.21,102.54,33.91,2.4274,27.419
293.14,534.19,603.46,56.777,49.395,38.334
122.88,791.53,252.71,181.88,56.767,28.548
756.47,-160.6,-377.97,27.831,2.8284,30.305
817.75,-35.184,266.6,27.249,-0.38194,28.633
527.02,-46.377,678.21,27.329,-3.0792,44.297
83.661,-533.21,-609.97,185.5,207.64,41.11
624.75,-322.77,495.94,30.648,-9.9362,33.321
537.49,-515.34,-430.67,37.738,15.126,31.454
336.26,-789.88,-3.6151,69.694,0.2703,27.224
687.04,-128.52,502.14,27.696,-3.6642,33.529
733.07,394.76,-218.19,30.924,-3.8464,28.144
514.98,-37.347,687.88,27.295,-2.6375,45.389
564.81,-586.16,-278.46,39.258,9.6815,28.774
366.48,729.02,268.29,60.746,17.866,28.659
184.78,788.68,263.83,120.59,38.285,28.633
264.65,-705.35,-407.98,77.856,39.527,30.964
385.68,-303.39,705.24,34.67,-30.901,47.713
38.64,515.61,-326.56,512.6,-323.74,32.211
152.32,509.48,-659.86,96.468,-114.99,43.42
336.23,777.59,138.92,68.784,10.364,27.587
592.22,-78.335,619.22,27.461,-3.7405,39.231
32.33,462.24,-40.672,722.12,-63.447,27.328
647.67,-535.06,186.49,35.325,-4.9995,27.887
702.4,-422.95,261.7,31.784,-5.2391,28.578
244.96,813.05,-107.9,94.909,-11.559,27.442
404.41,-758.16,-11.505,57.946,0.68524,27.226
588.4,-199.07,595.33,28.742,-8.8453,37.725
73.231,663.21,-440.7,266.97,-175.56,32.634
276.84,-792.59,172.76,82.916,-16.125,27.794
400.05,365.26,-667.06,36.903,-30.717,43.217
280.35,-771.54,246.96,80.048,-22.659,28.43
437.77,-696.41,249.71,51.224,-13.18,28.451
805.46,66.378,296.37,27.316,0.82363,28.998
416.94,-556.55,505.08,45.467,-26.47,33.655
254,-797.96,179.09,90.224,-18.406,27.84
106.39,825.26,30.877,220.14,8.1106,27.242
181.02,19.107,-831.84,27.378,-13.434,128.74
114.97,605.88,565.68,150.16,135.59,36.958
542.61,-631.54,216.14,41.804,-8.2399,28.127
546.53,-664.14,15.34,42.874,-0.59103,27.228
376.91,-741.84,213.52,60.225,-13.793,28.106
395.38,726.92,231.5,57.08,14.043,28.27
709.74,-142.33,465.58,27.766,-3.5163,32.375
276.08,756.33,-293.92,79.736,-27.375,28.983
635.95,-444.17,372.51,33.216,-9.1448,30.203
35.089,507.02,-193.55,624.05,-237.78,29.136
133.61,450.57,-700.16,97.646,-139.94,48.904
267.79,390.63,714.07,48.318,60.286,49.31
209.49,-754.05,341.85,102.51,-43.195,29.71
400.19,-759.14,44.538,58.484,-2.6877,27.26
413.98,328.01,677.99,34.762,27.785,44.334
853.9,-55.149,94.368,27.28,-0.1941,27.389
433.13,-602.78,-433.57,46.714,22.189,31.533
506.33,692.52,61.293,46.168,2.6654,27.293
272.11,501.33,-639.57,57.291,-56.585,40.926
159.33,-444.85,-704.94,81.804,115.28,48.95
490.9,-411.94,573.49,35.561,-20.494,36.547
678.53,85.091,-522.5,27.437,-2.6126,34.27
167.59,475.09,-684.47,82.815,-106.42,45.97
102.78,660.18,-493.41,183.37,-134.03,33.852
380.23,-757.3,-141.32,60.797,9.0703,27.6
713.32,-356.61,-323.69,30.44,5.5312,29.383
136.81,-622.59,553.33,129.31,-109.83,36.063
207.44,331.67,-758.98,51.661,-85.39,59.534
763.17,319.2,237.9,29.511,3.2784,28.328
141.23,-818.04,-158.7,162.99,30.737,27.717
273.97,751.41,-307.98,79.821,-28.911,29.174
227.47,-817.84,-103.08,102.27,11.977,27.424
319.58,-726.86,-325.59,67.844,25.497,29.426
569.06,67.25,641.72,27.413,3.6111,40.898
721.88,-141.7,446.77,27.744,-3.2499,31.856
143.18,-661.77,506.58,131.02,-95.965,34.01
489.49,638.67,303.42,44.796,13.422,29.096
52.663,596.07,430.97,360.98,259.52,33.561
50.76,619.25,-377.66,394.44,-239.41,31.866
54.459,-415.56,617.25,241.39,-353.99,48.532
136.91,759.83,341.27,156.55,68.189,29.767
697.82,436.17,252.04,32.111,5.2183,28.473
537.29,141.56,-656.68,28.155,-8.498,42.176
27.229,16.445,4.0265,836.04,204.48,28.027
525.02,365.24,-575.16,33.177,-17.07,36.627
415.36,-47.326,750.94,27.4,-5.5958,56.06
27.301,-1.8308,64.742,36.46,-570.52,640.96
311.73,-21.28,-799.11,27.287,4.7895,75.006
67.62,491.73,612.67,217.97,267.35,43.286
427.52,-744.8,36.785,54.768,-2.0366,27.248
191.7,798.95,-227.66,117.81,-31.777,28.25
96.567,658.65,-489.71,195.44,-142.49,33.806
428.69,-726.84,163.68,53.667,-8.9756,27.731
68.988,-318.16,721.43,139.32,-303.85,66.379
419.73,747.69,-59.282,55.703,-3.3615,27.288
55.473,-742.3,96.353,418.97,-54.154,27.451
434.9,739.71,-51.385,53.792,-2.7797,27.272
260.78,-773.58,-259.51,85.641,25.826,28.567
746.66,331.73,270.79,29.792,4.0134,28.681
262.07,789.5,-204.62,86.836,-20.294,28.036
574.88,25.081,-639.59,27.249,-1.3231,40.728
75.612,-666.39,-442.71,258.61,169.9,32.628
768.01,55.04,384.78,27.293,0.9762,30.437
63.251,-719.74,287.3,344.27,-136.57,29.3
94.72,22,-819.25,28.012,-57.933,240.45
264.33,781.55,230.88,85.378,22.658,28.27
780.59,-361.76,27.428,30.008,-0.40266,27.237
156.08,796.48,-246.1,143.69,-42.804,28.449
225.3,149.83,-811.06,32.768,-54.949,86.42
194.78,-829.81,-29.228,120.25,4.0183,27.239
672.28,-408.2,349.36,31.856,-7.3528,29.791
162.85,-808.5,202.35,139.76,-33.651,28.032
718.22,-337.2,333.52,30.078,-5.3796,29.533
467.52,-721.64,1.1772,50.129,-0.057657,27.223
317.38,-770.47,205.05,71.701,-16.331,28.036
698.73,-439.82,-243.02,32.175,5.0505,28.379
425.29,620.61,-415.68,48.226,-22.008,31.107
657.04,517.21,-203.41,34.658,-5.2203,28.018
103.77,-161.59,808.68,51.682,-186.88,118.96
402.73,424.73,-629.19,39.613,-30.967,39.992
606.46,-602.47,97.978,38.392,-3.1044,27.402
309.62,796.94,-71.744,75.428,-5.9059,27.319
28.725,-4.4242,274.51,30.229,-354.41,734.76
649.03,511.33,-240.51,34.669,-6.252,28.354
27.898,-0.54314,-188.09,27.331,74.48,836.74
27.227,0.013056,13.585,27.236,26.117,860.37
265.8,-18.616,814.3,27.291,-5.8887,87.954
85.816,593.54,554.63,200.4,183.81,37.098
130.93,512.74,-655.57,112.34,-135.2,43.376
259.24,810.69,-96.252,89.83,-9.686,27.397
159.25,-746.93,370.05,132.42,-62.833,30.254
296.16,764.28,-252.5,75.622,-21.746,28.487
32.115,402.68,214.81,643.99,342.92,30.848
583.5,-340.83,532.54,31.536,-12.556,34.672
831.02,-192.97,115.02,27.948,-0.8532,27.47
90.162,-276.95,767.76,91.843,-232.24,77.047
332.91,769.91,182.5,68.786,13.751,27.861
632.36,-514.94,274.66,35.121,-7.4773,28.728
845.83,-131.38,-91.652,27.55,0.45322,27.379
73.141,-532.45,591.89,215.25,-235.45,40.525
747.4,-419.39,79.894,31.221,-1.4257,27.342
178.05,734.25,-392.05,116.81,-58.985,30.675
735.94,97.327,-435.62,27.461,-2.1156,31.57
840.34,3.1686,-186.78,27.224,-0.022839,27.888
33.936,193.58,-475.71,261.52,-635.7,71.89
547.53,62.98,660.5,27.403,3.762,42.522
253.5,-817.89,-9.7764,92.445,1.0092,27.225
36.768,-21.546,-577.71,36.117,418.2,480.45
761.91,-392.27,80.735,30.624,-1.322,27.344
735.79,-356.48,269.01,30.254,-4.3451,28.661
167.18,-779.13,295.31,131.44,-47.682,29.035
27.538,0.88515,129.73,27.835,177.34,832.33
493.48,-698.64,-89.356,47.234,4.0345,27.372
632.15,52.1,-581.51,27.316,-2.0608,36.948
39.826,15.273,-627.49,30.752,-273.34,520.94
636.48,186.93,-548.13,28.375,-6.618,35.327
379.76,749.79,177.89,60.374,11.412,27.827
195.69,-769.16,312.43,111.43,-42.56,29.259
629.52,577.39,103.85,36.956,3.04,27.424
219.95,-238.92,-790.6,40.363,72.806,71.866
301.36,20.277,-802.86,27.285,-4.909,77.591
328.3,-784.81,114.19,70.75,-8.7702,27.468
250.24,-793.83,200.73,91.043,-20.963,28.005
40.88,-589.93,-252.01,527.31,224.65,29.597
819.03,-121.78,235.34,27.523,-1.1517,28.303
423.79,647.28,-374.47,49.771,-20.179,30.248
718.15,387.22,274.05,30.934,4.9368,28.72
802.45,-274.33,-147.71,28.772,1.6227,27.634
855,-34.879,94.142,27.246,-0.1223,27.388
698.84,501.56,-28.149,33.518,-0.64017,27.238
45.975,-190.34,666.08,142.48,-480.42,97.395
243.21,662.22,484.64,79.405,51.281,33.036
61.516,-605.47,475.74,300.04,-233.81,34.567
33.096,11.151,-489.07,31.643,-360.6,609.22
67.378,523.81,-584.76,232.96,-256.52,40.646
327.05,778.17,-155.57,70.471,-11.986,27.682
790.61,0.57422,340.46,27.223,0.0085248,29.643
298.84,-728.48,340.18,71.985,-28.807,29.658
561.72,564.01,326.31,38.601,11.225,29.424
176.18,-145.39,819.74,35.471,-82.189,102.09
237.85,697.29,435.16,84.822,47.483,31.623
388.19,-723.78,-252.29,57.708,15.639,28.48
189.23,-464.52,-689.15,72.811,92.92,46.306
506.07,-683.78,-126.71,45.804,5.4897,27.524
40.616,580.59,-264.89,525.08,-238.92,29.916
51.089,662.11,300.7,417.83,188.95,29.888
95.335,-796.52,194.66,238.89,-57.623,28.014
48.683,636.71,319.91,430.33,215.35,30.454
98.727,-277.65,-773.73,84.173,210.03,76.774
281.24,78.277,806.03,28.268,21.111,80.252
449.44,605.62,412.76,45.736,20.127,31.039
341.36,763.38,194.57,66.866,14.218,27.951
155.4,-825.09,-119.13,149.31,20.843,27.496
388.3,-704.9,-300.91,56.529,18.535,29.066
696.06,-503.06,56.109,33.598,-1.2871,27.281
806.42,265.69,141.78,28.664,1.4994,27.601
642.25,-550.77,-157.14,35.876,4.342,27.689
644.4,-567.69,54.892,36.295,-1.5351,27.279
502.57,-400.73,571.41,34.838,-19.342,36.44
29.308,-269.94,-169.36,677.53,424.39,32.13
118.65,61.868,827.61,30.884,92.132,174.11
105.76,363.54,-741.22,100.59,-190.07,59.969
545.09,664.98,25.969,42.975,1.0048,27.236
857.82,-70.843,-14.975,27.316,0.039154,27.227
325.79,192.97,770.26,31.67,33.002,61.837
749.72,421.9,28.257,31.243,0.50379,27.238
547.32,184.11,-637.62,28.726,-10.135,40.58
146.01,817.06,-164.85,157.43,-30.813,27.756
31.132,-416.15,-31.436,750.67,56.63,27.301
488.62,-704.96,-61.905,47.839,2.8405,27.294
679.44,-507.22,-147.5,33.982,3.5401,27.633
373.77,752.56,178.51,61.331,11.682,27.832
423.32,725.62,-181.81,54.108,-10.125,27.854
257.3,764.57,287.74,85.784,29.033,28.905
549.66,-66.567,658.39,27.423,-3.9299,42.327
852.18,-4.5797,121.89,27.224,-0.020947,27.501
304.94,-710.32,372.04,69.244,-30.661,30.216
646.41,-555.17,-120.32,35.899,3.3062,27.494
32.972,273.48,400.94,401.15,585.42,48.236
685.87,-489.82,174.21,33.462,-4.0239,27.799
93.797,753.26,321.28,230.08,96.757,29.564
541.12,650.47,155.07,42.6,6.0083,27.677
39.05,-140.66,600.29,139.47,-572.5,117.15
393.9,-748.75,-150.09,58.581,9.2068,27.649
174.22,-535.76,637.47,89.021,-96.015,41.136
837.32,-115.77,-162.98,27.483,0.72649,27.725
296.76,-744.82,304.62,73.82,-26.086,29.124
34.076,14.248,517.17,33.156,392.13,564.71
620.74,-57.621,593.11,27.341,-2.4088,37.593
406.81,-246.52,-715.73,31.851,24.919,49.239
370.42,-382.16,-674.23,39.169,35.723,43.973
143.16,-820.65,145.23,161.27,-27.727,27.634
554.44,596.35,-277.53,40.007,-9.9977,28.763
793.33,47.636,330.67,27.272,0.68093,29.488
154.22,-782.73,-286.89,142.99,50.51,28.932
323.09,-323.57,-726.3,38.598,43.537,51.162
620.04,-562.02,-200.27,36.759,5.9141,27.993
274.74,746.71,-318.62,79.184,-29.793,29.327
714.01,-480.5,8.9356,32.821,-0.19045,27.225
37.328,15.548,-588.25,31.871,-326.06,536.28
163.51,-503.07,-664.45,89.199,106.84,43.744
649.81,461.04,-325.19,33.389,-7.895,29.406
132.92,-817.75,156.15,173.26,-32.268,27.703
790.16,-294.94,172.15,29.06,-2.0764,27.785
56.138,735.43,153.5,408.7,84.929,27.807
575.42,-31.17,638.83,27.263,-1.6384,40.669
423.06,-748.19,4.3367,55.396,-0.24354,27.224
484.56,1.094,-710.43,27.223,-0.090398,48.366
71.981,-793.73,25.695,325.42,-10.461,27.238
514.32,-424.92,-542.85,35.333,18.342,35.109
215.19,821.27,95.886,108.22,11.835,27.397
524.7,-540.26,-415.53,39.102,15.497,31.097
546.47,195.27,635.03,28.913,10.67,40.38
824.1,181.87,169.79,27.879,1.21,27.769
702.73,-491.83,70.832,33.237,-1.5754,27.316
164.91,-704.24,-445.54,120.98,72.661,31.98
385.57,-605.34,472.3,50.764,-28.217,32.596
732.89,168,418.9,27.93,3.4814,31.168
376.98,43.552,770.7,27.405,6.4205,61.754
30.392,-5.3155,-382.46,29.254,282.09,717.59
795.48,-124.48,-304.47,27.555,1.6128,29.107
468.69,-672.6,259.4,47.671,-12.39,28.555
332.89,-748.32,257.11,67.167,-19.287,28.535
149.14,-828.61,91.193,156.23,-16.672,27.383
126.54,392.43,-733.17,90.633,-154.05,55.629
225.67,-814.52,-129.2,102.66,15.138,27.54
214.53,-709.81,424.34,94.8,-51.999,31.371
827.08,68.694,-228.61,27.317,-0.62349,28.238
123.35,631.53,540.1,145.48,120.06,35.555
53.859,528.95,519.45,311.05,303.12,38.084
161.5,656.86,-513.08,115.58,-85.274,34.179
709.96,270.22,404.6,29.131,5.5263,30.848
823.07,-210.1,139.47,28.097,-1.1422,27.588
760.8,104.46,388.81,27.479,1.8948,30.518
598.71,-582.15,207.29,37.99,-6.5811,28.05
312.83,-798.98,-3.461,74.916,0.28167,27.224
753.61,-192,-368.91,28.094,3.2942,30.134
193.69,-816.17,-153.48,119.02,21.211,27.676
63.046,-94.845,-768.57,52.942,315.57,191.15
704.35,-436.07,-233.43,32.025,4.7553,28.285
137.48,-478.91,681.57,100.5,-132.54,46.174
768.88,50.632,-383.65,27.282,-0.89369,30.415
695.42,-499.53,-87.084,33.528,1.9914,27.364
349.91,-768.46,156.19,65.858,-11.098,27.686
44.162,-661.35,-144.52,518.48,112.99,27.864
133.38,-745.24,371.23,157.74,-76.235,30.324
117.17,821.85,112.61,198.2,26.644,27.473
242.16,-669.74,-474.65,80.513,50.537,32.723
507.12,-594.97,358.53,42.002,-14.678,29.953
219.11,-602.52,565.13,80.207,-66.563,36.304
605.16,-594.34,144.53,38.176,-4.5628,27.616
449.61,-708.32,187.81,50.865,-9.6235,27.898
790.19,0.83883,341.43,27.223,0.012502,29.659
734.39,-369.68,-254.66,30.482,4.2497,28.501
191.86,827.42,-74.131,121.69,-10.357,27.327
215.83,785.59,-257.53,103.53,-31.593,28.553
851.39,115.32,54.181,27.472,0.23276,27.277
673.51,-532.28,60.84,34.709,-1.5268,27.292
601.5,-286.28,544.58,30.155,-10.612,35.174
316.93,795.8,51.388,73.814,4.1181,27.272
127.88,725.13,-407.55,160.32,-87.505,31.12
770.17,-373.24,-91.957,30.255,1.4191,27.38
698.86,-382.33,325.8,31.036,-6.0994,29.415
560.35,93.95,-645.98,27.604,-5.2015,41.247
73.206,795.07,-43.283,319.67,-17.276,27.263
627.19,-217.97,547.34,28.823,-7.8128,35.292
296.37,-538.08,-598.53,56.61,48.408,38.027
28.622,-251.98,84.058,776.79,-258.81,28.696
330.13,429.9,-665.59,44.793,-43.735,43.144
454.91,469.23,-558.64,39.146,-24.067,35.827
385.96,157.09,751.35,29.402,20.071,56.221
27.224,0.0016027,3.0289,27.227,14.388,860.75
53.114,-341.58,653.96,205.7,-386.92,58.395
173.65,-468.06,-688.77,79.126,102.66,46.433
195.9,-242.41,793.98,43.569,-86.99,74.75
826.49,-232.2,63.565,28.278,-0.56691,27.298
567.93,-602.8,-232.9,39.723,8.1394,28.28
589.99,-626.22,-6.1864,39.722,0.20809,27.224
627.65,-75.184,583.84,27.418,-3.0175,37.074
466.72,-638.05,338.22,46.162,-15.96,29.613
319.37,-756.93,248.05,70.247,-19.563,28.438
778.51,-298.59,213.83,29.159,-2.6807,28.105
838.61,-194.33,-6.165,27.945,0.045225,27.224
27.549,-0.21043,-131.9,27.257,42.315,849.65
456.36,-724.93,73.638,51.165,-3.726,27.324
158.57,829.49,-82.534,147.1,-14.135,27.353
29.244,-299.57,94.874,764.05,-241.67,28.554
684.77,-470.39,224.73,33.036,-5.0653,28.203
27.46,-0.052947,-112.66,27.226,12.56,853.37
524.96,523.14,436.58,38.458,16.013,31.601
76.577,-0.78955,-801.45,27.225,3.3624,306.03
660.86,397.43,381.98,31.774,8.1215,30.384
221.14,-694.48,-446.57,90.348,52.822,31.933
735.29,438.59,88.475,31.704,1.6801,27.368
172.97,-770.08,317.09,125.71,-49.336,29.341
34.964,202.59,-500.3,252.84,-617.16,72.17
448.87,730.56,62.604,52.073,3.2427,27.296
326.6,777.43,160.14,70.496,12.356,27.71
306.94,717.96,-355.46,69.484,-29.121,29.915
41.317,-604.86,229.23,530.5,-200.52,29.108
242.75,752.75,-327.07,89.211,-35.152,29.462
40.949,635.72,92.113,566.41,81.881,27.507
128.51,-85.597,-827.5,32.945,101.02,150.7
660.84,64.936,547.42,27.355,2.2091,35.294
56.763,-749.55,-79.585,410.58,43.402,27.376
844.7,-125.83,-108.33,27.524,0.51495,27.442
39.104,567.54,242.96,551.07,235.33,29.607
115.28,787.79,258.1,193.38,62.101,28.62
633.89,-416.39,-406.55,32.58,9.601,30.892
395.42,-411.85,642.16,39.357,-32.004,40.997
135.51,832.79,-5.7519,172.95,-1.1649,27.224
691.81,-330.24,-391.2,30.17,6.641,30.567
440.67,732.05,-94.521,52.859,-5.0148,27.39
27.412,0.04002,100.72,27.225,10.657,854.89
230.08,-747.66,345.74,93.157,-39.4,29.767
402.07,-690.77,315.63,54.21,-18.523,29.271
394.11,-496.34,580.21,43.843,-31.491,36.924
560.24,620.79,-202.13,40.66,-7.3042,28.008
276.06,387.23,713.09,47.049,57.635,49.122
756.54,-407.42,50.598,30.924,-0.86429,27.271
193.09,-406.6,724.23,63.983,-93.335,51.641
248.64,-678.16,459.62,79.507,-47.568,32.274
435.37,691.28,267.48,51.155,14.188,28.647
190.97,816.32,154.76,120.68,21.715,27.684
836.23,-203.36,-20.98,28.018,0.16156,27.231
781.96,-177.29,313.14,27.915,-2.4133,29.228
40.25,631.13,-53.709,580.17,-49.263,27.322
531.01,513.82,-440.37,37.905,-15.73,31.697
214.92,216.02,-798.19,38.757,-72.549,76.596
27.472,-0.33733,115.46,27.337,-77.702,849.54
370.27,-764.96,-124.81,62.622,8.2861,27.516
298.57,200.75,-778.62,32.848,-39.892,65.054
558.71,-268.01,596.74,30.2,-12.603,37.812
241.2,-820.24,37.85,97.068,-4.1268,27.25
421.94,-424.39,616.95,38.652,-28.316,39.12
612.87,-521.27,305.05,35.753,-8.7927,29.117
837.28,-115.82,-163.13,27.483,0.72751,27.726
626.13,555.88,198.51,36.419,5.7386,27.979
134.87,-815.52,168.5,170.26,-34.278,27.784
747.47,415.5,-97.544,31.151,-1.7281,27.4
85.214,617.18,527.3,209.85,176.27,35.679
777.9,-235.36,-283.59,28.444,2.8775,28.835
610.17,605.59,-36.434,38.374,-1.1468,27.248
42.511,300.26,-588.19,251.82,-487.54,59.598
51.926,-124.69,721.04,81.45,-418.4,150.85
200.04,-247.52,791.74,43.557,-84.9,73.224
809.31,-209.32,-205.45,28.12,1.7324,28.034
28.397,244.72,7.3244,824.92,24.663,27.236
618.06,-576.36,-161.92,37.24,4.8714,27.719
362.4,-774.92,-76.437,64.413,5.2187,27.332
687.08,-340.71,390.54,30.391,-6.884,30.554
50.127,-719,-61.501,465.84,39.71,27.322
855.25,-77.772,-60.055,27.336,0.17329,27.29
341.17,652.53,-441.52,58.903,-31.342,31.748
638.44,572.91,68.305,36.592,1.948,27.31
253.48,-817.9,-9.7122,92.453,1.0026,27.225
267.08,298.12,-757.59,40.918,-57.953,58.382
787.37,343.39,-55.608,29.703,-0.76943,27.28
657.62,314.5,457.39,30.181,8.1819,32.145
223.05,823.81,49.001,104.9,5.8193,27.268
116.2,828.03,45.204,201.39,10.794,27.263
452.19,-675.67,279.57,49.008,-14.021,28.79
108.88,577.16,-592.08,151.5,-150.4,38.676
30.041,-363.79,-0.25846,780.13,0.55358,27.223
36.634,-0.63917,-575.54,27.233,16.659,639.52
28.157,2.2796,219.73,28.558,251.37,793.42
180.21,-270.91,-786.81,49.549,100.46,71.452
645.22,-319.46,471.35,30.383,-8.8383,32.545
28.16,-8.8545,219.94,43.136,-644.69,525.23
628.28,426.18,-405.09,32.905,-9.8691,30.861
757.76,406.15,-41.616,30.892,-0.70711,27.255
604.76,514.6,-331.37,35.76,-9.6824,29.501
39.142,460.44,-412.09,446.52,-398.15,36.504
593.49,-481.31,395.48,35.065,-11.445,30.657
484.12,-708.12,60.836,48.288,-2.83,27.292
28.975,11.911,294.4,42.532,620.58,517.7
130.88,819.57,144.77,176.4,30.417,27.635
551.04,-452.25,-481.53,35.235,15.122,32.86
600.17,607.57,-104.78,38.758,-3.3865,27.428
164.21,-825.96,-110.93,141.49,18.3,27.459
124.85,831.26,-5.1016,187.71,-1.1278,27.224
710.37,-440.47,-205.23,32.038,4.1498,28.033
382.98,441.55,-629.65,41.608,-33.934,40.038
278.84,-116.48,802.17,29.524,-30.456,77.499
30.116,16.105,367.58,43.589,606.8,486.01
671.07,-526.56,114.13,34.614,-2.8619,27.466
111.51,-825.8,-57.411,209.67,14.331,27.288
760.64,-384.88,119.19,30.514,-1.9281,27.488
596.63,613.45,-89.571,39.067,-2.9344,27.372
246.4,-385.73,723.4,50.792,-67.89,50.979
589.92,-589.97,210.25,38.522,-6.8718,28.075
178.62,815.19,-167.93,128.63,-25.31,27.77
248.44,196.36,-795.41,34.781,-54.575,73.835
28.598,-262.53,22.973,816.39,-71.357,27.327
380.73,-767.5,63.698,61.386,-4.0927,27.299
261.94,-746.64,-328.28,82.635,32.389,29.476
299.99,-676.22,434.14,67.365,-36.186,31.57
735.51,374.04,-244.86,30.546,-4.1134,28.398
764.59,42.723,-393.05,27.266,-0.78176,30.604
406.82,528.81,-541.65,44.709,-28.816,35.077
436.17,321.28,-667.46,33.835,-24.786,43.232
352.86,-779.42,73.697,66.172,-5.1978,27.324
726.46,195.59,-418.11,28.194,-4.0789,31.15
321.81,712.58,353.86,66.34,27.397,29.885
52.603,666.56,310.3,404.07,187.25,30.016
111.52,425.94,-709.8,110.63,-173.19,51.716
166.33,-752.92,356.99,127.85,-57.869,30.003
577.77,35.182,-636.51,27.274,-1.8269,40.487
524.99,650.93,201.33,43.4,8.1417,28.002
438.15,-721.86,161.06,52.541,-8.5755,27.715
231.05,140.62,-811.42,31.929,-50.308,86.483
817.71,211.95,-165.72,28.124,-1.3858,27.743
741.92,-351.04,259.2,30.121,-4.0727,28.55
86.275,-803.68,-121.3,268.63,40.13,27.529
64.2,701.95,-334.27,329.79,-155.98,30.133
325.26,-757.86,237.72,69.232,-18.358,28.333
771.88,380.65,-15.675,30.357,-0.2448,27.228
144.27,-832.96,-28.821,162.35,5.4595,27.239
728.16,-448.38,-97.74,31.977,1.9183,27.401
445.13,594.11,-433.56,45.456,-21.275,31.532
645.76,558.58,107.3,36.008,2.9634,27.438
523.1,-619.9,-286.24,42.246,11.406,28.871
555.69,-476.38,-452.05,35.876,14.441,32.003
685.72,-412.63,316.55,31.779,-6.4884,29.278
709.18,-75.781,-481.75,27.379,1.9678,32.859
396.18,-750.1,-136.91,58.399,8.3427,27.576
854.69,24.138,100.14,27.234,0.090136,27.41
464.65,-494.15,528.42,39.777,-22.611,34.52
426.68,-688.67,-287.25,51.765,15.62,28.886
809.6,-54.451,-287.38,27.285,0.6492,28.882
299.33,-450.19,-665.92,49.31,50.709,43.226
453.11,-680.93,264.96,49.202,-13.284,28.618
113.83,366.08,743.3,94.184,175.26,59.508
274.24,122.07,-802.77,29.823,-32.702,78.01
858.5,-51.874,37.361,27.273,-0.071529,27.249
236.35,-779.75,261.04,94.426,-28.984,28.588
353.94,767.2,153.61,65.146,10.766,27.67
828.7,-95.094,-212.78,27.402,0.79773,28.096
830.1,-127.75,188.85,27.544,-0.94299,27.904
32.7,475.57,31.074,715.17,46.662,27.281
76.856,748.05,-288.75,284.65,-108.87,29.164
76.671,329.66,-730.66,128.14,-271.18,64.941
27.438,107.43,1.1276,854.09,8.9561,27.225
789.72,180.84,-290.89,27.929,-2.2409,28.927
271.96,-750.78,-311.11,80.289,29.445,29.219
370.7,-714.35,-300.23,59.23,19.635,29.058
502.13,563.95,-411.71,40.972,-16.706,31.012
408.84,249.66,-713.5,31.917,-24.856,48.893
139.24,-803.93,-218.72,162.57,42.988,28.186
27.329,0.089755,75.53,27.242,32.046,856.96
83.24,-29.915,-809.17,29.126,99.543,263.16
277.5,739.96,331.92,77.857,30.654,29.53
167.15,-822.24,-134.79,138.43,21.815,27.573
695.13,488.35,137.96,33.278,3.1099,27.58
453.55,-701.06,-204.91,50.182,10.351,28.032
28.577,-240.07,104.21,752.35,-326.16,29.674
158.56,-722.21,416.27,128.77,-70.907,31.246
74.125,-399.6,-690.44,160.12,268.66,53.756
406.04,-48.503,-755.84,27.418,6.0378,57.309
789.44,-107.05,-326.03,27.473,1.5125,29.417
737,238.17,375.43,28.611,4.2699,30.256
478.81,65.29,-711.29,27.476,-5.4815,48.496
312.75,-771.53,-207.75,72.702,16.832,28.059
337.52,743.16,266.14,66.012,19.62,28.636
681.37,-170.4,497.36,28.063,-4.8285,33.366
205.14,-828.26,-26.399,114.19,3.4327,27.236
336.41,-668.04,-421.36,60.687,30.575,31.251
234.59,-720.12,-397.83,88.432,44.224,30.755
28.319,-4.5275,-237.02,31.474,415.04,715.78
474.54,682.75,-219.28,47.753,-10.352,28.155
407.53,-212.36,726.2,30.712,-22.508,50.975
838.75,-81.118,176.06,27.351,-0.55067,27.812
488.72,653.18,272.15,45.487,12.164,28.7
849.29,120.15,-73.195,27.495,-0.32898,27.322
476.04,-668.47,256.83,46.982,-11.99,28.527
503.99,212.92,663.59,29.56,13.987,42.826
146.38,-318.17,-770.43,66.09,132.88,65.948
616.18,-574.14,-176.32,37.226,5.3184,27.814
241.44,-370.69,-732.62,50.106,69.796,52.739
702.56,173.65,-465.83,28.044,-4.3374,32.382
646.67,432.44,-367.9,32.759,-8.6223,30.117
212.29,-753.43,-341.96,101.16,42.586,29.711
38.982,-536.55,301.68,524.22,-293.95,31.221
498.91,-218.24,-665.66,29.721,14.597,43.027
274.87,-297.05,755.51,40.191,-55.319,57.754
61.481,735.73,226.87,364.36,111.72,28.481
632.39,-170.19,558.21,28.194,-6.2562,35.784
141.91,-745.44,-372.51,148.23,71.576,30.331
469.86,-76.349,-716.08,27.582,6.6764,49.23
31.208,-19.895,-420.17,44.733,594.82,457.02
240.24,648.32,-504.29,78.794,-53.973,33.704
708.21,-90.404,-480.65,27.445,2.343,32.825
613.7,287.17,530.38,30.062,9.9895,34.583
435.78,-733.86,-102.5,53.395,5.5192,27.419
89.968,-813.14,-68.582,259.58,21.653,27.319
423.21,-675.67,321.16,51.361,-17.555,29.352
614.69,516.93,308.77,35.585,8.8153,29.168
27.332,-0.83812,76.703,28.789,-278.74,810.83
851.08,-128.45,-16.275,27.532,0.077771,27.228
518.9,240.37,642.48,30.01,14.204,40.972
502.56,-524.05,-460.96,39.362,18.061,32.253
664.12,280.58,469.92,29.557,7.5081,32.502
858.33,-57.618,32.579,27.285,-0.069277,27.243
646.49,478.21,306.44,33.872,7.6851,29.135
785.5,25.197,-351.16,27.237,-0.39065,29.82
518.22,229.69,-646.92,29.784,-13.806,41.336
27.378,-3.7911,91.165,44.776,-678.7,520.46
533.33,-672.17,60.593,43.833,-2.4272,27.291
365.63,-726.37,-276.49,60.683,18.45,28.756
709.44,-380,305.05,30.888,-5.5344,29.115
503.39,660.29,224.27,44.944,9.6644,28.2
28.334,190.58,143.4,661.14,496.63,34.059
697.82,-400.86,305.09,31.401,-5.9364,29.116
520.55,-682.56,-54.446,44.932,2.2684,27.278
111.47,-753.3,-343.16,191.66,85.546,29.863
28.004,-3.2941,201.71,30.457,-375.02,748.02
569.56,542.06,-349.18,37.602,-11.526,29.79
845.23,-153.61,-55.485,27.67,0.31988,27.28
27.224,-0.0026715,-5.113,27.227,14.207,860.75
548.21,-601.63,278.45,40.446,-10.239,28.774
243.87,-773.22,274.36,91.026,-29.409,28.741
107.2,373.7,-736.83,101.82,-186.42,58.45
231.26,797.73,204.28,98.406,23.271,28.035
448.06,-257.33,687.12,31.408,-20.859,45.336
342.47,-787.01,-22.374,68.408,1.6368,27.233
67.427,2.7663,785.17,27.251,15.523,347.22
312.35,-767.78,-221.75,72.479,17.98,28.182
608.39,-265.83,547.33,29.713,-9.824,35.293
31.605,-2.7833,437,27.629,-126.58,730.64
573.92,-540.87,343.88,37.427,-11.207,29.702
657.45,482.88,-274.17,33.787,-6.7298,28.722
33.361,249.98,429.82,353.96,605.01,54.03
330.96,-750.34,253.58,67.649,-19.16,28.496
27.25,-0.0034609,38.357,27.223,-2.449,860.02
146.13,530.21,-643.16,104.15,-117.71,41.918
723.17,-133.27,447.29,27.682,-3.0558,31.87
721.24,264.19,388.34,28.995,5.0483,30.509
64.778,771.75,105.69,358.46,48.809,27.476
710.48,-368.81,316.17,30.677,-5.5888,29.272
74.761,745.44,-286.9,292.72,-111.69,29.154
612.7,20.091,603.81,27.238,0.88098,38.23
27.361,-0.027371,-86.066,27.225,8.562,856.52
231.04,236.7,-788.77,39.114,-67.202,70.599
57.285,-605.5,-452.3,328.17,243.45,33.938
344.25,-725.36,304.24,63.658,-21.817,29.114
251.93,-810.21,-115.31,92.178,11.974,27.474
281.46,-801.95,112.15,82.551,-10.289,27.46
463.36,-695.79,201.17,49.173,-9.8594,28.001
675.35,-170.14,-505.57,28.075,4.9865,33.649
526.28,-32.772,679.57,27.276,-2.1906,44.445
273.03,705.48,402.79,75.755,37.667,30.846
857.82,66.464,-28.945,27.305,-0.07103,27.239
30.646,-112.96,378.6,220.2,-726.73,94.544
626.06,-296.92,-510.23,30.135,9.5238,33.817
124.2,825.2,-99.332,187.37,-22.078,27.416
43.306,651.4,150.97,527.23,121.86,27.943
545.97,459.51,-480.4,35.6,-15.455,32.825
727.35,437.37,-143.09,31.772,-2.7633,27.608
823.99,-209.57,134.79,28.091,-1.0988,27.564
272.34,-190.13,790.02,33.256,-45.588,70.443
262.41,745.41,330.73,82.38,32.56,29.514
27.439,-82.155,-69.412,652.67,550.48,35.626
692.94,-288.33,421.2,29.489,-6.366,31.222
600.65,-436.07,435.19,33.653,-11.608,31.563
125.39,741.26,-376.47,167.1,-82.616,30.45
130.57,628.84,-545.11,136.79,-113.88,35.72
90.477,-779.77,-241.93,247.53,75.869,28.488
735.95,394.9,-208.01,30.9,-3.6425,28.056
32.747,475.35,51.425,711.52,76.862,27.382
674.52,243.62,-475.72,28.947,-6.5322,32.675
607.02,369.28,-485.3,31.874,-11.332,32.975
524.51,676.53,83.955,44.468,3.4501,27.354
757.08,-263.18,313.77,28.823,-3.7092,29.237
371.99,-596.16,-494.06,51.525,30.781,33.287
335.83,788.31,52.602,69.653,3.9378,27.275
722.12,145.67,-445.11,27.773,-3.3228,31.813
206.15,743.74,-365.07,102.76,-46.899,30.119
151.35,327.62,766.57,65.803,127.61,64.062
132.46,832.28,17.674,176.89,3.6672,27.229
89.583,-612.38,538.87,197.22,-170.24,36.112
843.5,-76.427,154.13,27.335,-0.44934,27.671
62.874,773.26,32.043,372.43,15.35,27.247
835.99,-126.63,161.72,27.534,-0.78948,27.717
813.88,94.781,-263.88,27.408,-1.0221,28.602
426.67,-706.44,-240.26,52.736,13.156,28.355
524.19,-315.95,604.36,31.798,-16.241,38.278
300.4,-799.85,75.88,77.709,-6.4672,27.331
608.68,564.72,-225.76,37.153,-6.878,28.213
30.51,-4.4696,-388.42,28.62,236.89,730.64
444.24,-526.44,514.37,42.258,-24.154,33.985
440.5,-690.23,-261.85,50.672,13.675,28.583
363.43,-776.28,54.778,64.353,-3.7285,27.279
132.69,-741.29,378.87,157.76,-78.231,30.479
525.8,-324.08,598.64,31.991,-16.3,37.93
96.643,-680.71,458.62,201.69,-133.41,32.732
367.63,-747.3,210.19,61.808,-14.012,28.078
661.54,-512.57,-200.6,34.45,5.0629,27.995
429.99,-301.76,-680.39,33.28,24.828,44.584
808.47,-244.04,166.82,28.438,-1.6251,27.75
607.98,533.27,293.84,36.227,8.6894,28.967
38.231,-16.122,603.61,31.757,-315.22,525.51
161.41,-645.6,-527.18,113.77,87.586,34.742
477.24,-713.19,-55.211,49.006,2.6231,27.28
443.89,413.88,-608.88,37.254,-25.539,38.582
439.02,-401,620.86,36.903,-26.042,39.381
94.019,794.03,200.98,241.74,60.411,28.071
38.26,369.73,477.99,375.39,482.76,44.421
813.95,266.02,-87.951,28.642,-0.91479,27.367
739.64,368.77,240.41,30.424,3.9531,28.353
97.962,-631.45,-525.63,184.69,150.4,35.263
613.63,-603.15,7.7575,38.191,-0.24161,27.224
410.55,-267.43,706.06,32.511,-25.65,47.8
841.87,112.17,140.56,27.464,0.60094,27.594
582.12,-485.98,406.43,35.479,-12.202,30.891
371.56,673.19,382.92,56.453,24.644,30.416
819.04,-50.412,260.13,27.275,-0.53177,28.56
119.86,-198.82,-806.06,53.768,162.11,98.994
731.3,297.38,342.91,29.391,4.8147,29.683
810.98,-284.93,-46.266,28.856,0.51535,27.263
283.83,806.69,61.042,82.361,5.5513,27.293
547.79,-518.34,-413.85,37.501,14.163,31.058
189.13,828.21,69.269,123.51,9.8277,27.314
136.25,79.709,-829.06,31.707,-86.67,147.69
438.55,692.57,-258.88,50.956,-13.611,28.55
220.05,-799.57,-206.82,103.33,24.874,28.058
357.45,753.7,-204.27,63.681,-14.105,28.029
411,143.1,741.08,28.833,16.208,53.838
455.88,-707.29,176.4,50.313,-8.8745,27.816
326.47,772.25,183.71,70.121,14.167,27.87
265.08,-180.62,794.45,32.998,-46.353,72.939
464.7,-602.45,-400.52,44.621,18.622,30.769
561.57,550.61,348.67,38.148,11.855,29.782
584.93,-484.78,403.84,35.373,-12.014,30.835
294.11,770.41,235.54,76.617,20.467,28.313
377.23,125.12,-761.6,28.689,-17.389,58.953
29.247,-0.56677,314.45,27.262,-42.404,800.2
39.163,516.7,339.46,500.36,327.76,32.559
93.677,-488.47,657.18,150.83,-196.32,45.154
375.63,-639.51,433.46,53.857,-27.177,31.537
597.49,589.32,189.79,38.257,6.0821,27.912
238.42,767.43,293.95,92.31,32.283,28.989
346.34,-777.13,-115.7,67.049,8.337,27.474
182.82,-445.59,702.46,72.411,-98.018,48.194
112.64,786.15,-260.46,197.69,-64.254,28.652
512.61,687.64,-64.381,45.591,-2.7465,27.3
388.65,90.371,-760.92,27.953,-12.129,58.727
437.41,-706.59,-219.95,51.794,11.668,28.162
215.46,570.21,-598.71,77.561,-71.406,38.177
856.46,-85.567,16.191,27.359,-0.051216,27.228
38.026,422.5,426.68,434.08,436.65,38.652
232.21,-795.9,210.47,97.822,-23.865,28.088
37.282,-327.09,488.18,350.63,-520.16,48.806
57.555,756.16,30.858,406.85,16.529,27.246
589.52,-583.83,-227.77,38.335,7.4133,28.232
711.34,420.66,-240.42,31.633,-4.6895,28.353
218.52,551.36,-615.31,74.388,-71.897,39.249
58.119,392.45,-649.51,209.83,-341.44,52.316
444.7,721.78,142.66,51.969,7.4531,27.606
164.79,549.46,-626.55,95.977,-100.64,40.339
165.88,-824.18,-122.88,139.79,20.052,27.513
825.91,63.441,-234.3,27.304,-0.59214,28.293
716.21,-206.04,-430.55,28.329,4.5306,31.445
166.51,-707.68,439.9,120.4,-71.013,31.825
75.01,-99.886,792.86,47.483,-253.02,179.13
356.28,705.4,-336.15,60.525,-23.007,29.586
651.68,561.97,7.6732,35.961,0.20962,27.224
343.57,735.76,278.94,64.509,20.101,28.786
63.523,771.79,77.735,367.09,36.77,27.36
243.15,-820.49,-15.434,96.37,1.6681,27.228
143.68,-636.01,538.61,125.71,-101.47,35.323
27.63,0.23459,-147.1,27.257,-42.051,847.16
636.6,-517.39,259.9,35.093,-7.0201,28.558
189.63,419.07,-717.64,66.607,-95.009,50.511
740.5,-325.42,294.31,29.739,-4.3586,28.971
202.56,289.48,-776.94,47.776,-86.593,65.927
576.71,-289.41,569.07,30.466,-12.073,36.312
662.88,-489.21,-248.73,33.844,6.0741,28.438
56.095,596.93,-455.89,332.44,-252.19,34.213
123.85,188.83,-809.35,50.509,-153.6,101.99
450.54,-722.11,-121.29,51.497,6.2325,27.499
806.06,203.89,222.95,28.082,1.8485,28.186
73.954,-1.3478,797.47,27.229,-6.1872,316.84
28.573,0.044878,261.29,27.224,4.2398,820.21
249.43,-126.27,-809.24,30.55,40.321,83.725
745.57,-1.8036,430.1,27.223,-0.03804,31.433
544.99,665.52,8.4395,43.001,0.32674,27.225
841.57,-146.64,-106.43,27.634,0.5916,27.434
84.483,802.5,-117.28,274.52,-39.724,27.51
321.35,-648.81,460.78,61.514,-35.131,32.275
284.66,808.68,8.6625,82.325,0.78543,27.225
220.47,358.08,744.12,52.214,79.011,55.422
346.39,510.24,-597.44,48.571,-39.006,37.921
458.51,-323.05,651.65,33.321,-22.35,41.759
510.99,577.31,-381.26,41.107,-15.241,30.374
35.681,-15.984,555.79,33.121,-373.63,539.87
28.369,0.018611,242.09,27.223,1.9251,826.1
167.29,-817.87,-159.15,137.61,25.729,27.714
538.78,-496.67,-450.55,37.048,15.46,31.963
680.03,-448.58,277.47,32.621,-6.1247,28.761
443.58,275.07,683.1,32.05,22.166,44.878
93.146,814.4,81.394,250.37,24.727,27.357
467.91,-583.03,424.83,43.539,-19.322,31.317
334.2,-645.52,456.67,59.368,-33.168,32.156
161.95,-641.75,531.83,112.77,-88.009,34.935
248.58,760.38,304.94,88.089,31.952,29.136
628.24,-536.12,-241.56,35.803,6.8047,28.365
610.28,-501.74,340.87,35.257,-9.6718,29.652
820.79,-24.542,258.35,27.236,-0.25638,28.54
413.94,404.81,635.16,38.118,29.302,40.435
248.16,759.44,-307.58,88.125,-32.285,29.173
493.28,-40.836,703.28,27.317,-3.2119,47.348
762.94,-251.92,-308.82,28.671,3.4592,29.167
519.65,178.65,-661.71,28.791,-11.3,42.643
284.32,743.68,-318.06,76.539,-28.593,29.318
134.65,-84.748,-828.4,32.361,92.459,146.42
642.81,-328.44,468.45,30.577,-9.0411,32.46
208.37,338.14,-755.94,52.216,-85.006,58.638
825.58,-243.19,18.135,28.381,-0.16915,27.229
145.76,-816.77,-166.25,157.64,31.131,27.765
154.32,796.87,-244.9,145.38,-43.114,28.437
403.87,617.01,441.21,49.787,24.958,31.73
43.468,-656,137.61,527.7,-110.4,27.814
30.153,12.269,369.71,37.481,533.62,564.53
28.976,5.6851,-294.61,31.374,-401.75,701.81
751.11,409.34,-95.671,31.008,-1.6612,27.393
27.685,3.696,-156.43,33.771,-500.54,682.39
326.41,531.87,-589.3,52.179,-42.076,37.46
267.43,419.67,697.52,50.845,60.282,46.92
52.854,602.5,423.61,363.06,253.83,33.248
27.589,1.247,139.67,28.259,227.72,818.33
274.48,-808.59,-73.568,85.068,6.9471,27.324
135.31,826.23,-104.33,171.87,-21.158,27.434
623.85,-6.9794,592.62,27.225,-0.28985,37.564
826.56,-208.6,119.7,28.078,-0.96575,27.491
769.32,321.92,-213.16,29.513,-2.9151,28.099
705.72,233.63,-433.74,28.678,-5.2659,31.524
274.07,-811.99,-9.6539,85.506,0.91355,27.225
858.48,26.678,-58.346,27.237,-0.057527,27.286
401.69,507.72,-565.09,43.938,-30.13,36.149
844.19,154.26,67.982,27.675,0.39447,27.309
789.32,224.99,-259.47,28.309,-2.4559,28.553
90.804,807.21,-124.13,255.13,-38.788,27.54
822.29,212.53,140.4,28.119,1.1644,27.593
719.6,-393.53,-260.96,31.033,4.7428,28.57
314.63,768.69,215.48,72.098,17.329,28.126
182.42,-747.21,365.71,116.01,-53.655,30.147
531.33,387.68,-554.35,33.715,-16.778,35.616
181.18,733.74,-392.33,114.79,-57.925,30.677
665.37,-239.5,490.44,28.936,-6.8069,33.138
711.2,483.56,33.763,32.928,0.72757,27.244
272.76,-554.5,593.8,61.926,-53.499,37.772
779.85,-357.65,69.767,29.953,-1.0164,27.313
130.41,119.74,823.54,37.342,120.33,131.02
855.45,-51.39,81.673,27.272,-0.15602,27.347
101.64,65.72,821,32.786,127.19,191.46
52.677,-708.35,-198.46,428.46,119.56,28.268
27.33,-34.515,-67.791,389.83,761.91,59.884
401.91,-0.32379,759.55,27.223,-0.041639,58.311
439.8,-690.87,-261.31,50.764,13.679,28.577
134.79,515.64,-653.89,109.77,-130.63,43.123
638.04,403.56,412.97,32.22,9.4338,31.035
172.22,682.82,476.89,112.65,74.079,32.886
313.42,-786.81,137.69,73.804,-11.159,27.581
95.725,62.423,-817.83,32.924,-136.44,202.43
729.38,393.82,-231.8,30.943,-4.1156,28.269
196.32,829.46,32.514,119.29,4.4325,27.243
795.93,18.395,327.31,27.231,0.25897,29.437
249.41,137.07,-807.48,31.107,-42.901,82.234
115.32,349.69,751.64,89.209,173.89,62.018
197.43,-679.39,476.67,98.423,-63.771,32.833
157.31,818.22,-159.45,146.32,-27.528,27.718
314.39,789.12,-121.42,73.793,-9.8088,27.5
796.02,-325.14,40.367,29.409,-0.52259,27.253
293.95,396.84,-701.14,45.864,-52.483,47.323
91.725,608.13,546.2,190.96,168.03,36.426
519.51,681.75,71.74,44.955,2.9958,27.319
481.75,-16.795,-712.12,27.24,1.4066,48.618
359.31,-776.43,-75.14,64.974,5.184,27.328
426.26,-745.86,28.658,54.95,-1.5931,27.239
472.45,529.47,485.65,40.927,20.93,32.996
756.66,-14.867,-410.04,27.229,0.29017,30.967
787.07,-344.9,-50.326,29.725,0.69943,27.27
339.71,-30.635,787.88,27.335,-5.7071,68.707
52.699,584.88,-446.33,353.92,-268.48,34.207
478.11,-252.03,668.84,30.785,-17.811,43.347
580,83.989,629.89,27.508,4.2464,39.989
729.09,249.9,-383.14,28.78,-4.6447,30.405
423.57,-358.54,656.38,35.698,-27.346,42.195
416.42,709.49,248.8,53.868,14.065,28.442
281.66,-611.51,-530.71,65.325,46.848,34.675
656.04,503.06,-239,34.317,-6.0435,28.339
417.55,304.79,-686.63,33.729,-26.487,45.301
835.59,126.49,163.87,27.534,0.79988,27.731
468.62,-702.07,163.86,49.094,-7.9348,27.732
732.36,-361.04,-272.27,30.356,4.4808,28.699
87.63,-791.65,-189.56,260.17,61.615,27.985
97.781,738.15,360.53,215.69,103.67,30.251
764.2,141.06,-370.15,27.684,-2.3966,30.157
688.12,-144.05,496.42,27.814,-4.0302,33.334
806.05,-214.49,212.79,28.172,-1.8502,28.096
821.39,-137.86,-217.61,27.605,1.1951,28.138
819.65,-171.6,199.39,27.814,-1.3585,27.985
551.92,632.68,-187.47,41.441,-6.9802,27.894
219.51,151.24,-812.03,33.142,-57.883,87.697
824.5,133.42,-208.44,27.578,-1.1006,28.059
656.11,556.83,5.8495,35.719,0.15726,27.224
793.84,-160.69,291.5,27.776,-1.9856,28.935
39.388,598.17,168.72,572.7,161.17,28.283
762.4,-398.93,-22.45,30.729,0.37207,27.233
168.36,833.05,-12.85,139.19,-2.065,27.226
792.14,150.36,-301.46,27.71,-1.9343,29.066
740.31,-429.76,90.041,31.483,-1.6643,27.374
168.87,814.15,-176.75,135.75,-28.285,27.832
364.69,705.61,326.85,59.422,21.748,29.441
695.39,440.86,-250.6,32.24,-5.2598,28.458
694.07,-170.41,479.52,28.033,-4.4915,32.791
548.27,-621.25,-231.25,41.17,8.6245,28.265
297.88,-696.2,402.79,69.451,-34.007,30.839
162.07,-718.91,-421.71,125.49,70.147,31.371
208.77,-654.83,-506.82,90.326,63.56,33.834
211.22,820.6,-107.46,110.07,-13.532,27.442
37.237,-489.53,-323.59,525.25,346.27,32.62
27.245,-0.0054364,34.402,27.224,-4.2907,860.18
503.57,365.92,-593.47,33.669,-18.906,37.63
359.2,-757.14,-187.89,63.662,12.91,27.9
169.26,-605.66,-572.02,102.38,89.859,36.817
497.7,-488.96,-502.84,38.191,19.319,33.566
769.74,-382.89,42.572,30.409,-0.67133,27.257
233.11,-820.75,-61.491,100.28,6.9591,27.294
214.05,-283.26,-777.05,45.39,79.725,65.667
399.04,-269.79,-711.61,32.885,27.298,48.619
641.48,-572.77,-30.884,36.511,0.87415,27.241
249.74,367.64,-731.79,48.646,-66.506,52.516
384.79,189.98,-744.3,30.376,-23.418,54.585
261.32,274.79,-768.12,39.618,-58.453,61.625
194.35,775.62,296.58,113.05,40.723,29.038
548.74,-467.52,-469.4,35.782,15.132,32.493
788.84,-180.14,293.69,27.925,-2.2591,28.963
226.19,-820.88,-78.13,103.18,9.1368,27.338
382.41,737.22,219.94,59.241,13.941,28.163
772.1,-224.01,307.59,28.347,-3.0255,29.15
512.31,661.82,198.21,44.513,8.3449,27.977
301.36,-540.13,594.35,56.049,-47.125,37.773
434.79,432.79,602.16,38.448,26.677,38.165
202.97,829,9.5524,115.46,1.2565,27.225
855.42,28.112,92.537,27.238,0.096826,27.382
796.06,292.94,146.52,29.01,1.7323,27.627
151.71,761.3,339.69,141.5,60.801,29.719
153.35,-573.49,-605.05,106.98,105.55,38.893
308.57,800.47,-11.026,75.944,-0.91163,27.226
785.64,-298.93,185.39,29.13,-2.287,27.878
511.01,-631.58,-282.35,43.318,11.717,28.822
534.81,325.34,-589.97,31.876,-15.643,37.425
228.19,444.24,694.18,59.921,74.308,46.661
327.88,-675.95,415.13,62.552,-31.14,31.108
122.28,-205.37,804.98,54.23,-158.99,96.216
205.5,635.1,-532.22,89.139,-67.733,34.829
194.42,-510.22,655.13,77.117,-86.681,42.553
708.34,100.06,478.54,27.494,2.5762,32.76
135.03,-245.24,795.84,57.351,-144.18,82.384
77.364,122.61,-793.14,53.531,-256.73,154.06
61.201,473.59,-605.95,236.78,-298.96,44.026
387.13,-496.89,584.31,44.364,-32.524,37.149
271.46,-764.17,277.04,81.692,-26.328,28.77
215.96,-782.87,265.62,103.14,-32.555,28.644
114.6,466.37,685.13,117.25,162.97,47.48
438.55,-710.52,204.55,51.904,-10.832,28.029
180.73,253.28,792.6,47.229,98.688,74.747
139.48,557.49,619.17,114.23,119.66,40.042
517.58,591.22,349.82,41.362,13.872,29.802
685.42,-420.22,307.09,31.939,-6.3838,29.144
499.47,-89.583,-694.38,27.659,6.7012,46.183
381.86,-502.65,582.77,45.076,-33.198,37.067
152.01,-740.65,-382.64,137.54,68.276,30.515
828.58,4.2751,233.42,27.224,0.039612,28.284
255.87,156.19,802.25,31.944,44.912,78.058
164.37,544.32,-631.05,95.38,-101.57,40.695
410.29,-747.08,-110.08,56.649,6.4196,27.45
599.2,-556.46,-267.64,37.17,8.2877,28.646
369.56,-761.07,148.4,62.461,-9.8654,27.639
465.86,-234.42,-683.63,30.486,18.012,44.923
780.84,-159.22,325.42,27.784,-2.2694,29.408
196.14,827.57,-64.996,119.14,-8.8683,27.303
424.73,-579.98,-471.21,46.138,24.435,32.558
225.69,820.52,82.954,103.35,9.7239,27.353
586.78,513.01,364.37,36.178,11.146,30.055
322.08,-792.72,66.506,72.546,-5.2292,27.306
794.1,-270.1,193.47,28.757,-2.1382,27.939
27.954,-163.42,107.09,701.39,-458.94,32.541
177.73,736.06,-388.7,117.29,-58.602,30.605
99.523,-767.24,-296.37,219.88,83.636,29.155
699.83,-275.17,-418.63,29.255,5.9675,31.162
622.72,408.68,430.85,32.572,10.351,31.455
808.53,-263.08,134.45,28.63,-1.4022,27.562
63.696,-113.73,-767.78,60.266,323.82,166.2
173.16,459.53,694.54,78.055,103.62,47.204
66.402,780.35,-62.656,351.82,-28.079,27.31
