953
1309
1502
1302
1428
973
427
1062
40
1855
416
1136
195
1572
1109
73
1502
1854
865
1152
1150
275
1781
799
530
1591
11
259
756
998
448
1877
1387
113
1588
1855
1642
1616
1115
1878
1383
308
638
642
1484
505
1439
771
1551
1376
505
537
355
1863
1392
97
1746
433
741
1648
1540
418
1110
377
1167
1001
585
1681
596
561
1649
362
1403
477
467
1096
360
1562
1413
1368
318
926
940
909
471
1692
1310
1623
1035
1363
621
329
149
366
832
775
1475
1723
816
704
1451
374
204
1404
280
714
577
1485
1219
1232
1472
1093
974
173
937
1389
1839
152
612
602
1141
1334
1884
1312
666
739
689
1204
740
451
1453
642
59
879
285
775
1761
1430
1465
244
1257
672
428
371
791
1658
739
1578
922
1859
923
994
1370
1097
1589
666
1826
427
584
1837
191
1596
728
763
1644
1602
1761
1735
1440
1379
1307
932
240
281
877
420
756
519
169
217
576
560
1452
573
958
1495
299
853
1341
78
235
253
989
277
707
156
188
1078
351
1264
1761
710
534
1446
1133
126
333
827
1417
1652
1522
1820
200
1502
1395
508
1700
954
1443
510
1751
52
97
873
345
224
1795
365
1835
1728
1871
999
610
1284
34
570
1065
1115
269
1323
614
1064
248
1681
1207
1768
808
1727
1337
627
173
28
1710
837
1020
889
352
1202
1743
749
1164
1438
200
507
83
1631
738
1066
593
393
340
56
1316
1607
1013
1454
362
324
918
272
459
816
116
1887
251
724
45
674
212
1073
971
25
1325
269
1841
968
1550
56
190
520
1461
994
134
882
433
1674
1490
1409
305
979
395
832
220
1316
750
1848
740
1089
75
167
1687
504
220
606
1264
742
98
667
1831
1106
1188
787
1234
95
714
47
200
817
1629
1305
504
1317
722
1260
1138
783
223
708
1041
579
806
1672
416
1069
431
1227
990
1272
417
1769
163
1697
3
561
718
67
988
594
1833
1127
1701
126
1399
1087
562
904
841
1139
471
635
767
1752
1338
1572
774
737
1495
582
1045
1667
276
1622
1098
1032
1562
958
127
719
686
1689
1666
879
1499
809
544
1746
934
43
1002
611
788
917
747
1681
568
1068
228
638
487
883
1010
1335
1433
1879
1150
1795
553
1682
1373
804
872
517
321
1784
551
530
487
1040
779
1204
1128
0
505
1091
210
567
1298
751
1226
1680
1520
527
890
1312
1338
878
1785
481
156
648
1170
1670
259
1313
561
864
422
1670
295
977
1067
1494
536
1349
1120
93
1833
1324
1735
603
1035
676
1643
198
534
1665
1372
1763
1070
189
1140
1763
199
108
1129
1413
1870
1103
1253
1688
613
413
1124
58
1646
200
1535
624
436
1392
1396
1873
1313
1282
722
372
846
1889
333
1364
1335
1531
364
634
958
73
545
1277
1406
1662
1126
1115
85
865
702
801
189
1344
1302
1453
1203
1353
328
1080
1821
466
280
1129
651
475
1727
852
614
1047
446
10
273
527
599
315
1853
672
703
1726
1601
1157
1632
676
502
1480
1
184
1719
175
1606
1715
1573
1170
1491
1405
597
1315
1378
901
949
700
1094
1623
1454
153
1381
1590
1654
1654
441
1243
714
1124
175
1031
1088
1796
696
1350
1490
1008
1793
1210
887
924
280
1816
1606
936
1776
1057
1807
1498
245
1238
819
376
522
1599
1408
559
550
160
902
334
865
1673
465
1177
1196
642
368
429
1605
519
935
1439
197
1378
1225
829
1523
1162
403
1275
59
769
884
649
214
348
167
92
253
328
1884
576
1572
1404
342
659
1167
645
1092
1666
1173
1820
1076
922
1322
229
428
920
495
601
469
557
1806
1806
813
1337
730
1111
1533
1789
1335
167
37
725
549
985
379
1766
277
968
348
390
1600
1263
813
980
457
1041
579
652
285
1033
1198
1543
884
1326
567
729
1178
262
1200
389
1124
684
1393
111
777
1735
321
10
657
1403
1830
1268
134
1698
1800
859
836
784
63
1320
108
433
999
1615
971
1838
1581
1094
116
1400
1170
165
529
372
1491
1894
18
1147
1022
1354
1766
64
1447
409
829
199
1770
1204
1426
680
629
147
1376
1584
1032
1347
1186
1346
478
1107
685
1797
1878
236
531
197
351
1263
324
127
381
982
1565
921
1618
1476
206
1858
1872
1872
927
568
613
1288
1787
1159
487
1886
1081
1620
967
1205
800
1682
1709
195
899
899
255
686
746
1725
78
1794
128
343
621
1444
219
1888
1039
1836
410
263
48
947
771
863
1258
807
1777
534
166
568
886
525
1774
815
1258
300
959
412
1105
1406
1685
119
1251
1080
818
67
590
624
78
1656
1843
1064
1765
340
539
568
1240
839
678
981
1319
1213
32
422
259
177
181
1492
1743
1605
1554
1136
930
251
1126
822
733
1670
1659
1452
1575
1484
1376
1683
267
1721
328
159
1037
1673
244
117
145
98
926
138
632
191
1529
1070
1808
1126
1395
1391
1736
1365
1231
1341
572
1316
102
271
1281
145
770
225
1461
1147
564
466
292
983
1709
218
509
1151
1826
1318
1535
169
1275
571
1670
0
1707
1372
682
1357
173
1344
1710
1572
35
1583
768
1182
92
83
1535
59
614
461
828
1354
1857
1023
677
574
248
968
1145
265
105
59
1109
1882
789
891
1079
1154
1700
1223
752
830
692
725
36
1803
916
1339
145
37
320
956
