-0.47118,-0.10199,-0.15658
-0.35291,-0.20796,-0.73197
-0.54503,-0.58784,-0.65577
-0.099066,-0.13857,-0.72979
-0.35591,-0.083088,-0.1697
-0.5103,0.15799,-0.33962
-0.43959,-0.40444,-0.3658
-0.45918,-0.32741,-0.41405
-0.55972,-0.44988,-0.47631
-0.12208,-0.56776,-0.40102
-0.47689,-0.58231,-0.71647
0.051464,-0.2512,-0.43092
-0.45271,-0.19609,-0.22891
-0.24104,-0.52676,-0.35713
-0.45167,-0.41537,-0.38663
-0.12523,0.20072,-0.27125
-0.52525,-0.61193,-0.66872
-0.56854,-0.4929,-0.81773
-0.16201,-0.49406,-0.4797
-0.54514,-0.20236,-0.65765
-0.40465,-0.28724,-0.81389
-0.27984,0.1568,-0.24257
-0.69697,-0.04825,-0.92492
-0.49004,-0.18953,-0.21777
-0.2544,-0.47888,-0.18489
-0.15535,-0.56588,-0.34693
-0.34035,-0.28615,-0.15139
-0.026677,-0.44768,-0.48737
-0.2417,-0.34197,-0.20571
-0.77723,-0.50361,-0.5396
-0.41529,-0.48813,-0.35628
-0.7057,-0.59297,-0.73339
-0.072605,-0.59575,-0.45536
-0.32817,0.011079,-0.24088
-0.60197,-0.40558,-1.0887
-0.10953,-0.56282,-0.40063
-0.41267,-0.36182,-0.32971
-0.46728,-0.55789,-0.75391
-0.37033,-0.058649,-0.14824
-0.23247,-0.48942,-0.47553
-0.05838,-0.13516,-0.60416
0.0084909,-0.40739,-0.55729
-0.12092,-0.53512,-0.43249
-0.71569,-0.41825,-0.60583
-0.16279,-0.15862,-0.77473
-0.080082,-0.10063,-0.65374
-0.46674,-0.57079,-0.41218
-0.66958,-0.30794,-1.0888
-0.0251,-0.44331,-0.60042
-0.69468,-0.5162,-0.56361
-0.068215,-0.083724,-0.69214
-0.018511,-0.16758,-0.6515
-0.80801,-0.0054099,-0.92221
-0.58768,-0.051918,-0.54346
-0.57204,-0.26272,-0.53622
-0.68278,-0.38876,-0.85916
-0.20491,-0.23896,-0.76789
-0.17638,-0.3837,-0.16802
-0.53743,-0.44097,-0.43005
-0.0078639,0.038927,-0.21868
-0.37345,-0.45712,-0.29787
-0.26803,-0.24594,-0.11435
-0.15605,-0.33081,-0.31052
-0.56907,-0.0079982,-0.52993
-0.49316,-0.32601,-0.68537
-0.38795,-0.12884,-0.16841
-0.095612,-0.16842,-0.11611
-0.52724,-0.31571,-1.0278
-0.33701,-0.19169,-0.1685
-0.11301,-0.41397,-0.426
-0.13653,-0.11655,-0.057856
-0.6503,-0.090418,-0.81259
-0.11193,-0.40681,-0.21147
0.030603,-0.17876,-0.63415
-0.020334,0.039807,-0.33667
-0.23111,-0.62176,-0.64663
-0.62704,-0.43327,-0.90168
-0.19144,-0.52352,-0.5355
-0.59574,-0.12634,-0.53084
-0.12642,-0.29709,-0.11234
-0.12354,0.1746,-0.24581
-0.63052,-0.27914,-1.2453
-0.8117,-0.56958,-0.73431
-0.12925,0.093185,-0.35349
-0.68966,-0.36651,-1.0008
-0.14574,0.01908,-0.6741
-0.15201,-0.017469,-0.75608
-0.73815,-0.066313,-0.90427
-0.44416,-0.43055,-0.74647
-0.090022,-0.081967,-0.69826
-0.72673,-0.4734,-0.55392
-0.072636,-0.14819,-0.64626
-0.52512,-0.2664,-0.2947
-0.32248,0.12176,-0.56563
-0.20992,-0.39341,-0.65126
-0.56238,-0.33953,-1.092
-0.34631,-0.3038,-0.20557
-0.33565,0.17908,-0.57833
-0.64327,-0.32571,-0.80547
-0.39714,-0.49591,-0.3298
-0.39727,-0.39147,-0.32918
-0.777,-0.55512,-0.5149
0.021211,0.021881,-0.30255
-0.45378,-0.45221,-0.36798
-0.53656,-0.51537,-0.81172
-0.33476,-0.57474,-0.66605
-0.084248,-0.59046,-0.47964
-0.59845,-0.4057,-0.85107
-0.70589,-0.41016,-0.56835
-0.49308,-0.32181,-0.71671
-0.73831,-0.58618,-0.53475
-0.52358,-0.026492,-0.36746
-0.11017,-0.017737,-0.18146
-0.42343,-0.48824,-0.39335
-0.40676,-0.6056,-0.40762
-0.2896,-0.10315,-0.088135
-0.59406,-0.53748,-0.44054
-0.26537,-0.25325,-0.74318
-0.42589,-0.47544,-0.38437
-0.18988,-0.62795,-0.32517
-0.44697,-0.64975,-0.45719
-0.62914,-0.048924,-0.81178
-0.41888,0.14403,-0.33067
-0.76413,-0.0053559,-0.91684
-0.53109,-0.32925,-1.1534
-0.37302,-0.13349,-0.11887
-0.61363,-0.65935,-0.68048
-0.7595,-0.57442,-0.61615
-0.64423,0.021105,-0.42823
-0.22674,0.13749,-0.34931
0.081284,-0.058204,-0.35434
-0.71586,-0.42994,-0.60274
-0.78927,-0.45048,-0.74686
-0.64504,-0.39118,-0.59982
0.012026,-0.18588,-0.57964
-0.57519,-0.33253,-1.1171
-0.30822,0.018128,-0.13486
-0.15765,-0.46509,-0.57205
-0.030758,-0.53572,-0.59592
-0.46513,0.13637,-0.42537
0.072617,-0.25127,-0.57249
-0.47254,-0.6481,-0.58037
-0.61152,-0.46004,-0.87558
-0.19406,-0.58253,-0.31631
-0.39269,-0.2597,-0.21347
-0.57034,-0.1778,-0.44633
-0.38674,-0.12128,-0.12985
0.046933,-0.030232,-0.38836
-0.46602,-0.59726,-0.48458
-0.50079,-0.25382,-0.26035
-0.56132,-0.22771,-0.39169
-0.20795,-0.41716,-0.67378
-0.66921,-0.32559,-0.93652
-0.64047,-0.32712,-0.8927
-0.3225,-0.40314,-0.79867
-0.5617,-0.30778,-1.1486
-0.13341,-0.61647,-0.50892
-0.44319,-0.41346,-0.35875
-0.69764,0.077712,-0.97073
-0.13838,-0.43042,-0.25706
-0.42797,-0.48198,-0.78543
-0.61091,-0.4476,-1.0436
-0.3763,0.12443,-0.58624
-0.42699,-0.43538,-0.37812
-0.22638,-0.032856,-0.1602
-0.22078,0.094501,-0.48102
-0.31382,-0.019298,-0.16705
-0.32622,-0.61774,-0.60837
-0.60817,-0.34009,-0.99487
-0.29967,-0.016086,-0.65124
-0.25257,-0.46622,-0.28235
-0.11533,-0.50772,-0.51973
-0.53236,-0.59821,-0.71685
-0.60232,-0.053981,-0.821
-0.50773,-0.35825,-0.83839
-0.6152,-0.25056,-0.78938
-0.24561,-0.321,-0.22608
-0.22916,-0.41283,-0.72027
-0.56101,0.032585,-0.33812
-0.17184,-0.31895,-0.61669
-0.24361,-0.13191,-0.12373
-0.19668,-0.097906,-0.71731
-0.076767,-0.11874,-0.2098
-0.46426,-0.59348,-0.70269
-0.48449,-0.53908,-0.51039
-0.40892,0.17964,-0.50955
-0.31486,-0.44252,-0.33389
0.017883,0.0097419,-0.47964
-0.51652,-0.38002,-0.41757
-0.67932,-0.61413,-0.67616
-0.65812,-0.26888,-0.89836
-0.24408,-0.083645,-0.68197
-0.70407,-0.24605,-0.77616
-0.71565,-0.0033354,-0.90232
-0.41984,-0.082107,-0.14872
-0.54028,-0.46567,-0.83331
-0.706,-0.4314,-0.92215
-0.10604,-0.30049,-0.49811
-0.49847,-0.41265,-0.79082
-0.11575,-0.47453,-0.5673
-0.31771,-0.016074,-0.20614
-0.19292,0.15474,-0.20829
-0.18017,-0.57159,-0.24806
-0.66837,-0.40263,-1.0154
-0.68424,-0.32538,-1.1045
-0.47419,-0.27622,-0.24924
-0.64612,-0.28171,-0.72024
-0.3778,-0.55167,-0.70303
0.036744,-0.1366,-0.58276
-0.41183,-0.14979,-0.74288
-0.64424,-0.4201,-0.5841
-0.76976,-0.41754,-0.64341
-0.12713,-0.30952,-0.56923
-0.56144,-0.60209,-0.6628
-0.22428,-0.57873,-0.33061
-0.079595,0.05753,-0.53184
-0.12998,-0.56558,-0.38903
-0.59071,-0.28246,-1.0399
-0.046585,-0.14201,-0.59099
-0.56419,-0.55753,-0.52057
-0.64364,-0.33967,-0.6324
0.032875,-0.30948,-0.45387
-0.74605,-0.37297,-0.88059
0.079241,-0.24032,-0.53365
-0.27327,0.023572,-0.69075
-0.32328,-0.61454,-0.70216
-0.61009,-0.33637,-0.71644
0.045309,-0.28637,-0.59785
-0.53958,-0.13554,-0.48601
0.0031202,-0.34909,-0.42832
-0.42166,-0.24112,-0.76556
-0.31703,0.16079,-0.4079
-0.32241,0.19545,-0.54361
-0.29553,-0.57928,-0.66469
-0.38974,-0.19743,-0.14393
-0.30082,0.17702,-0.50469
-0.34932,0.1893,-0.41844
-0.35273,-0.05461,-0.20015
-0.10074,-0.25549,-0.74817
-0.69962,-0.38398,-0.88766
-0.10485,0.18739,-0.27943
-0.38386,-0.2306,-0.78492
-0.25381,-0.36915,-0.13187
-0.5391,-0.32667,-1.028
-0.33502,-0.29348,-0.76412
0.020075,-0.038911,-0.55967
-0.54808,-0.66817,-0.56292
-0.16215,0.15311,-0.33915
-0.19,-0.54145,-0.6569
-0.042457,-0.33326,-0.55011
-0.45352,-0.51963,-0.38313
-0.33971,0.036375,-0.16693
-0.56972,-0.63409,-0.71002
-0.55768,-0.14222,-0.61954
-0.56432,-0.37331,-0.78396
-0.45022,-0.16047,-0.6338
-0.2958,-0.05746,-0.21327
0.018921,-0.22448,-0.39277
-0.66275,0.058556,-0.86775
0.002307,-0.29254,-0.56943
-0.54484,-0.22515,-0.55772
-0.37787,-0.078066,-0.1855
-0.14988,-0.34172,-0.541
-0.51158,-0.41597,-0.42905
-0.62461,-0.25287,-0.74882
-0.17101,-0.010566,-0.6908
-0.49032,0.038828,-0.32563
-0.18705,-0.46704,-0.27153
-0.67817,-0.24972,-1.251
-0.74837,0.054115,-0.92838
-0.33762,-0.45205,-0.40734
-0.60466,-0.27775,-1.1651
-0.067354,-0.54798,-0.32844
-0.20486,0.10212,-0.23958
-0.1244,-0.38987,-0.19644
-0.17383,0.060494,-0.67894
-0.61533,-0.090758,-0.80408
-0.18983,-0.035114,-0.16337
-0.59169,-0.36567,-0.80279
-0.45571,-0.16886,-0.68039
-0.6882,-0.30566,-0.84162
-0.62976,-0.3196,-0.79008
-0.49457,-0.36706,-0.4024
-0.56358,-0.38894,-0.79275
-0.40045,-0.005846,-0.68168
0.0089714,-0.14866,-0.29234
-0.37064,-0.65126,-0.62862
0.018412,-0.015309,-0.48575
-0.60594,-0.24728,-0.6671
-0.77822,-0.34534,-0.61772
-0.51178,-0.60297,-0.69875
-0.27952,-0.62507,-0.57586
-0.23729,0.1299,-0.57591
-0.13463,-0.25245,-0.73621
-0.38147,-0.38183,-0.37091
-0.18233,-0.071666,-0.71466
-0.1204,-0.43407,-0.59155
-0.58557,-0.27659,-1.1466
-0.20037,-0.045777,-0.69478
-0.60002,-0.53733,-0.50247
-0.61957,-0.22275,-0.7554
-0.18397,-0.43208,-0.65569
-0.34251,-0.12513,-0.16279
-0.44478,-0.13539,-0.21712
-0.1672,-0.40334,-0.14771
-0.41873,0.073046,-0.23044
-0.33769,-0.29766,-0.76645
-0.0044799,-0.20635,-0.55343
-0.56091,-0.41359,-0.50259
-0.71973,-0.21691,-0.88289
-0.63538,-0.36834,-1.1614
-0.1794,-0.37278,-0.6784
-0.25782,-0.072449,-0.13297
-0.11185,-0.49301,-0.3656
-0.077063,0.14665,-0.29228
-0.22497,-0.46223,-0.39595
-0.60907,0.019704,-0.42745
-0.2189,0.19927,-0.27317
-0.51608,-0.18315,-0.70423
-0.11204,-0.089733,-0.13285
-0.35225,-0.64374,-0.68206
-0.22763,0.18671,-0.31407
-0.2693,-0.068474,-0.063291
-0.51696,0.045777,-0.56971
-0.11142,-0.46379,-0.52583
-0.27386,-0.52052,-0.48503
-0.58726,-0.20126,-0.6219
-0.52479,0.041624,-0.47707
-0.35379,-0.39215,-0.34996
-0.65491,-0.32416,-1.1938
-0.58705,-0.62495,-0.75455
-0.75985,-0.34543,-0.72682
-0.34746,0.18468,-0.4951
-0.5357,0.11032,-0.54501
-0.34988,-0.58562,-0.65315
-0.029247,-0.33952,-0.57783
-0.1295,-0.30985,-0.56774
-0.046238,-0.18301,-0.36418
-0.53652,-0.21829,-0.69978
-0.7568,-0.40248,-0.8474
-0.2235,0.13902,-0.32145
-0.15935,-0.34218,-0.17878
0.0006676,-0.36284,-0.54155
-0.6268,-0.38253,-0.58128
-0.061621,0.0081513,-0.52166
-0.25448,0.025606,-0.60244
-0.68742,-0.50388,-0.63402
-0.5507,-0.31806,-0.79557
-0.75751,-0.52931,-0.56068
-0.11851,-0.58968,-0.4447
-0.30722,-0.15068,-0.69537
-0.60959,-0.070548,-0.87845
-0.49871,-0.5499,-0.71947
-0.1677,0.17864,-0.16514
-0.43408,-0.030988,-0.21041
-0.53806,-0.31972,-0.60638
-0.69221,-0.31595,-0.74997
-0.72923,-0.51961,-0.65787
-0.64579,-0.24174,-1.0883
-0.58302,-0.20316,-1.2207
-0.55362,-0.63426,-0.61483
-0.061252,-0.18527,-0.11693
-0.16969,-0.4582,-0.21363
-0.00079052,-0.42637,-0.39486
-0.43023,-0.60051,-0.48093
-0.49097,-0.13238,-0.73644
-0.28997,-0.26704,-0.09884
-0.52762,0.085576,-0.5492
-0.18469,-0.53228,-0.35126
-0.71769,-0.55517,-0.81939
-0.096571,-0.258,-0.69077
-0.42967,-0.26194,-0.26986
-0.72563,-0.4151,-0.54647
0.050174,-0.28935,-0.53014
-0.18843,-0.19448,-0.24959
-0.44439,-0.060794,-0.19805
-0.17607,-0.34413,-0.13945
-0.19704,-0.48376,-0.5197
-0.67343,-0.34942,-1.0103
-0.49425,-0.44132,-0.42253
-0.60413,-0.34106,-1.0625
-0.2708,-0.36619,-0.22996
-0.28525,-0.55735,-0.69309
-0.19407,-0.51384,-0.34479
-0.01402,-0.59425,-0.56991
-0.046743,-0.22607,-0.28305
-0.43229,0.17523,-0.49924
-0.45801,-0.15158,-0.32771
-0.66484,0.020481,-0.84962
-0.61069,-0.31234,-0.7776
-0.48396,-0.20716,-0.24086
-0.026883,-0.024971,-0.60188
-0.60926,-0.37436,-0.86653
-0.27763,-0.35264,-0.29552
-0.18883,-0.52227,-0.54235
-0.56724,-0.57279,-0.47279
-0.01166,-0.49928,-0.51567
-0.24797,0.19782,-0.40837
-0.55191,-0.31912,-1.0137
-0.69008,-0.56711,-0.78384
-0.10378,-0.1466,-0.17119
-0.65169,-0.37487,-0.58027
-0.15093,-0.44227,-0.4778
-0.34442,-0.073261,-0.69059
-0.19573,-0.38002,-0.25597
-0.18078,-0.2104,-0.72571
-0.37308,0.021027,-0.17612
-0.51343,-0.25543,-0.35831
-0.14867,0.015163,-0.14178
-0.4941,-0.56682,-0.79521
-0.55736,0.087545,-0.44638
-0.71784,-0.10316,-0.95017
-0.68235,-0.32577,-0.77117
-0.51256,-0.35684,-1.0431
-0.47235,-0.30721,-0.79805
-0.3223,-0.35016,-0.30637
-0.40782,-0.094479,-0.26707
-0.15053,-0.58311,-0.45038
0.017242,-0.13468,-0.50113
-0.67434,-0.14271,-0.78148
0.07717,-0.02895,-0.45918
-0.68393,-0.34006,-0.86277
-0.4479,-0.086273,-0.64093
-0.58128,-0.15933,-0.46336
-0.39816,-0.30148,-0.80078
-0.62765,-0.27569,-0.71127
-0.19889,-0.58551,-0.28803
-0.35319,-0.42606,-0.73763
-0.62223,-0.34656,-0.74463
-0.21256,-0.54743,-0.67383
-0.64927,-0.07702,-0.78411
-0.5378,-0.4867,-0.51792
-0.071834,-0.026232,-0.66753
-0.5327,-0.5678,-0.77776
-0.78174,-0.41196,-0.83274
-0.25472,-0.40627,-0.20107
0.065596,-0.13546,-0.52072
-0.35645,-0.52087,-0.36989
-0.46744,-0.49601,-0.39784
-0.75741,-0.57446,-0.60901
0.019376,-0.032875,-0.47429
-0.32024,-0.06805,-0.082896
-0.04228,-0.09338,-0.68274
-0.57037,-0.34211,-0.5668
-0.73362,-0.2524,-0.87999
-0.51448,-0.11793,-0.25092
-0.5298,-0.094542,-0.49757
-0.69323,-0.10777,-0.8946
-0.44438,-0.2349,-0.23651
-0.74536,-0.23378,-0.80455
-0.38198,-0.64438,-0.66822
-0.52317,-0.13448,-0.31364
-0.47557,-0.27497,-0.35362
-0.78352,0.034357,-0.89382
-0.28527,-0.56264,-0.71595
-0.095656,0.051002,-0.12805
-0.53547,0.046884,-0.51089
-0.16609,-0.31248,-0.65013
-0.56115,-0.47313,-0.82529
-0.72347,-0.14932,-0.74771
-0.092435,-0.059997,-0.67308
-0.31471,-0.34283,-0.73081
-0.025511,-0.44232,-0.46535
-0.02975,-0.067917,-0.65057
-0.042607,-0.44432,-0.41497
-0.20155,0.025726,-0.62847
-0.38738,-0.13313,-0.69348
-0.29868,-0.33013,-0.73831
-0.31994,-0.23148,-0.11702
-0.71428,-0.64273,-0.58267
-0.73246,-0.45595,-0.78258
-0.10888,0.12321,-0.19452
-0.63606,-0.31912,-1.0201
-0.59597,-0.55671,-0.76286
-0.66817,-0.097479,-0.85709
-0.085855,-0.20972,-0.26853
-0.20396,-0.55434,-0.37165
-0.60851,-0.08044,-0.3592
-0.33834,-0.60323,-0.58921
-0.38071,-0.50681,-0.35466
-0.44088,-0.43096,-0.80075
-0.14081,-0.39468,-0.29385
-0.37084,-0.27763,-0.17915
-0.58408,-0.2782,-1.0771
-0.20106,-0.59343,-0.24395
-0.48278,-0.021216,-0.37516
-0.057744,0.082809,-0.39675
-0.63584,-0.37366,-0.82862
-0.045187,-0.1541,-0.64784
-0.095985,-0.28189,-0.62704
-0.22066,0.12744,-0.14525
-0.63002,-0.34521,-0.82867
-0.12789,-0.32203,-0.2185
-0.66524,0.040747,-0.36572
-0.4183,-0.63725,-0.58274
-0.58271,-0.1274,-0.52781
-0.49774,-0.23275,-0.65906
-0.61312,-0.35372,-0.56925
-0.31291,-0.55424,-0.71337
-0.71123,-0.63131,-0.53593
0.030009,-0.32256,-0.56953
-0.57578,-0.39018,-0.9084
-0.39205,-0.12167,-0.19893
-0.085034,-0.16862,-0.67959
0.057368,-0.062087,-0.48467
-0.12829,-0.31634,-0.55747
-0.47191,-0.48098,-0.80454
-0.386,-0.22205,-0.1978
-0.44115,0.014206,-0.20006
-0.55474,-0.27039,-0.54126
-0.25304,-0.32784,-0.8058
-0.12683,-0.28871,-0.59754
-0.02145,-0.090782,-0.62238
0.015692,-0.25196,-0.68753
0.025355,-0.36743,-0.51262
-0.64222,-0.62951,-0.64434
-0.40204,-0.52403,-0.36927
-0.43558,-0.45014,-0.38851
-0.65798,-0.2895,-0.74405
-0.052326,-0.25867,-0.73189
-0.67242,-0.3821,-0.88523
-0.1514,-0.57022,-0.22714
-0.29138,-0.21359,-0.13765
-0.0934,0.070454,-0.16944
-0.50888,-0.55562,-0.50436
-0.1494,0.2195,-0.26911
-0.41419,-0.45103,-0.36422
-0.0036102,-0.13272,-0.35679
-0.080841,0.17021,-0.34077
-0.29807,-0.2059,-0.72761
-0.31767,-0.269,-0.16516
-0.36594,-0.016369,-0.078756
-0.42265,-0.005176,-0.20816
-0.16824,-0.48196,-0.47942
-0.13341,-0.4765,-0.59018
-0.49068,0.1242,-0.2847
-0.092534,-0.28307,-0.65831
-0.6579,-0.48864,-0.79146
-0.12391,-0.1302,-0.71632
0.099969,-0.069931,-0.33417
-0.17683,-0.1968,-0.11977
-0.65394,-0.1948,-1.1925
-0.27939,0.17667,-0.53718
-0.060722,0.13312,-0.43498
-0.65607,0.02087,-1.0253
-0.38296,0.14159,-0.55375
-0.54723,-0.51248,-0.78991
-0.41678,-0.6943,-0.55597
-0.49438,-0.51073,-0.42406
-0.73656,-0.306,-0.79255
-0.15514,0.11864,-0.33623
0.018989,0.061417,-0.32524
-0.098479,0.21432,-0.29789
-0.67621,-0.35118,-1.1501
-0.36786,0.21036,-0.43625
-0.76125,-0.040217,-0.89456
-0.25806,0.080189,-0.26245
-0.52036,-0.12691,-0.3254
-0.75265,-0.3261,-0.78289
-0.22209,-0.51991,-0.74157
-0.29611,-0.64529,-0.68242
-0.47046,-0.62707,-0.60067
-0.61255,-0.56958,-0.47237
-0.033414,-0.34953,-0.43516
-0.1715,-0.24796,-0.67514
-0.37075,0.06277,-0.2545
-0.15153,-0.52484,-0.58068
-0.15479,-0.42462,-0.27627
-0.066092,0.079556,-0.34077
-0.66415,-0.46247,-0.84892
-0.60108,-0.31346,-0.96137
-0.44247,0.030427,-0.62577
-0.57034,-0.34406,-0.8862
-0.44595,0.0056636,-0.68364
-0.21032,-0.40738,-0.23604
-0.0074254,0.0015932,-0.37627
-0.74468,-0.544,-0.70621
-0.097943,-0.07945,-0.62607
-0.042511,0.085523,-0.17042
-0.53166,-0.27849,-0.98719
-0.53752,0.023482,-0.57806
-0.49252,-0.56999,-0.40884
0.061985,-0.35925,-0.51108
-0.71721,-0.6322,-0.63994
-0.1365,-0.21238,-0.10376
-0.19944,-0.2022,-0.75346
-0.53789,-0.53549,-0.41705
-0.73568,-0.074756,-0.92327
-0.18746,0.030472,-0.7019
-0.025385,-0.34656,-0.51946
-0.077769,0.11728,-0.50102
0.006559,0.029388,-0.49402
-0.53961,-0.29245,-1.1105
-0.46372,-0.32526,-1.1107
-0.21306,-0.53053,-0.60536
-0.63971,-0.001094,-0.8589
-0.32982,-0.6189,-0.67377
-0.38599,-0.14934,-0.20758
-0.42125,-0.016108,-0.66125
-0.29572,0.14994,-0.42589
0.024523,-0.42916,-0.48479
-0.6766,-0.52601,-0.49411
-0.63946,-0.41926,-0.97993
-0.36703,-0.42296,-0.29136
-0.35592,-0.28332,-0.76262
-0.182,-0.056002,-0.68194
-0.49671,-0.57107,-0.59422
-0.74773,-0.19009,-0.88017
-0.26821,0.14394,-0.45117
-0.54109,-0.49328,-0.52051
-0.55449,-0.50975,-0.80332
-0.2528,0.12389,-0.58581
-0.26693,-0.4464,-0.23967
-0.59678,-0.35294,-0.50002
-0.83705,-0.52215,-0.69401
0.058684,-0.014324,-0.45318
-0.57996,-0.30107,-0.86248
-0.44778,-0.53001,-0.79205
-0.51086,-0.34838,-0.95316
-0.10679,-0.16993,-0.76007
-0.22036,-0.33813,-0.20368
-0.67055,-0.44265,-0.88487
-0.22102,-0.24119,-0.6723
-0.76422,-0.066141,-0.87502
-0.19068,-0.36725,-0.1972
-0.1147,-0.30534,-0.62686
-0.28902,-0.5091,-0.29048
0.025467,-0.1703,-0.57539
-0.65098,-0.23465,-0.90857
-0.59417,-0.0296,-0.82404
-0.20559,-0.45376,-0.49404
0.097919,-0.24285,-0.50098
-0.50107,0.037469,-0.62411
-0.51346,0.10935,-0.41882
-0.30833,-0.57788,-0.57045
-0.71109,-0.4238,-0.60866
-0.63928,-0.35448,-0.59358
-0.42978,0.05842,-0.21607
-0.28599,-0.40343,-0.78543
-0.22781,-0.42596,-0.7303
-0.079885,-0.33986,-0.50071
-0.46853,-0.58705,-0.37209
-0.58832,-0.28592,-0.77399
0.076392,-0.3403,-0.49119
-0.17691,-0.38458,-0.64953
-0.31436,-0.52382,-0.35122
-0.23708,-0.28568,-0.71048
-0.49119,-0.37247,-0.74401
-0.61809,-0.38108,-0.94542
-0.69661,-0.36058,-0.95711
-0.81112,-0.48321,-0.74272
-0.61066,-0.61301,-0.5866
-0.61706,-0.034086,-0.38263
-0.12747,-0.6506,-0.30916
-0.35594,-0.56322,-0.37083
-0.12413,-0.16895,-0.058891
-0.084358,-0.1061,-0.14926
-0.80226,-0.41928,-0.72683
-0.25061,-0.097505,-0.68994
-0.2824,0.12226,-0.53312
-0.40339,0.12789,-0.37496
-0.24188,-0.13449,-0.097091
-0.19641,-0.51744,-0.34538
-0.4471,-0.46822,-0.39626
-0.19228,-0.52705,-0.50388
-0.57081,0.040687,-0.31741
-0.52676,-0.31604,-0.71844
-0.033697,-0.42054,-0.54773
-0.094046,-0.03881,-0.59629
-0.055195,-0.17112,-0.12974
-0.70519,-0.539,-0.81484
-0.78118,-0.42775,-0.64717
-0.26279,0.0016244,-0.13927
-0.48061,-0.5912,-0.51796
-0.66173,-0.49197,-0.51409
-0.3081,-0.30034,-0.76626
-0.61953,-0.43969,-0.85855
-0.68235,-0.078023,-0.82985
0.027921,-0.089864,-0.57346
-0.28005,-0.1592,-0.12507
-0.17867,-0.32374,-0.2347
0.023023,-0.09182,-0.40015
-0.055715,-0.37787,-0.44692
0.02376,-0.37511,-0.41506
0.025875,-0.17771,-0.39279
-0.17858,-0.5443,-0.64012
-0.33039,-0.59401,-0.47419
-0.66261,-0.49789,-0.53601
-0.17004,0.11061,-0.44145
-0.69072,-0.43603,-0.94592
-0.65664,-0.3733,-0.87411
-0.09668,-0.10524,-0.14603
0.03173,-0.031461,-0.52621
-0.18369,-0.095122,-0.15396
-0.052462,-0.036686,-0.61245
-0.60162,-0.11839,-0.43807
-0.53281,-0.37582,-0.6391
-0.10602,-0.44154,-0.20076
-0.73034,0.0013027,-0.8847
-0.16054,-0.050786,-0.7333
-0.12681,-0.18596,-0.11219
-0.53432,-0.32439,-1.1082
-0.23555,-0.1951,-0.72562
-0.80276,-0.5628,-0.53934
0.0017658,-0.17711,-0.40335
-0.35135,-0.36696,-0.30681
-0.18144,-0.47987,-0.57215
-0.77672,-0.53729,-0.54792
-0.12059,-0.64771,-0.43749
-0.018518,0.058332,-0.36327
-0.005053,-0.17746,-0.577
-0.52427,-0.28979,-0.36854
-0.22217,-0.15789,-0.71639
-0.27218,-0.58717,-0.55023
-0.55434,-0.052436,-0.39355
-0.65625,-0.58629,-0.56219
-0.48598,-0.13485,-0.24911
-0.55124,-0.28878,-0.48413
-0.60651,-0.28077,-1.029
-0.55052,0.085501,-0.48378
0.052197,-0.029059,-0.56421
-0.027533,-0.18454,-0.22441
-0.36567,-0.14359,-0.21231
-0.2826,-0.54616,-0.44826
-0.75991,-0.46147,-0.56462
-0.55879,-0.2688,-0.47858
-0.5734,-0.09014,-0.58553
-0.33137,-0.60347,-0.5912
-0.076959,-0.025919,-0.64778
-0.82629,-0.059056,-0.93222
-0.7308,0.0182,-0.94725
-0.18815,-0.39232,-0.23734
-0.046749,-0.30309,-0.62118
-0.64928,-0.31894,-0.98432
-0.35166,-0.12299,-0.12787
-0.15184,-0.43469,-0.14009
-0.5384,-0.27005,-1.0857
-0.63708,-0.66318,-0.54637
-0.38462,-0.59243,-0.44515
-0.35421,-0.44522,-0.3388
-0.82335,-0.082656,-0.90104
-0.53873,-0.61684,-0.52924
-0.64025,0.013168,-0.38236
-0.13652,-0.39656,-0.11802
-0.3157,0.21332,-0.39137
-0.22832,0.15681,-0.2976
-0.54882,-0.55257,-0.71233
-0.16216,-0.10167,-0.7164
0.084946,-0.12345,-0.49657
-0.54445,-0.52997,-0.41938
-0.49491,-0.39514,-0.36658
-0.14553,0.1966,-0.42918
-0.077379,-0.06638,-0.65168
-0.1554,0.13914,-0.25615
-0.27261,0.052319,-0.61601
-0.65774,-0.63018,-0.62066
-0.041285,0.077502,-0.15024
-0.62529,-0.51195,-0.53132
-0.30525,-0.12863,-0.15623
-0.52197,-0.14107,-0.38839
-0.074868,-0.031438,-0.16763
-0.26941,-0.46167,-0.27538
-0.10438,-0.43665,-0.18379
-0.25238,-0.60035,-0.69388
-0.37322,-0.39794,-0.79316
0.072472,-0.15161,-0.51906
-0.30408,-0.52452,-0.33718
-0.12527,-0.35176,-0.23236
-0.54532,-0.15833,-0.53807
-0.7597,-0.6068,-0.61531
-0.7179,0.031249,-0.92846
-0.11707,-0.042809,-0.63468
-0.82707,-0.43117,-0.71498
-0.31946,-0.31405,-0.23993
-0.71856,-0.49275,-0.55342
-0.33686,-0.22256,-0.12438
-0.29059,-0.38499,-0.3012
-0.52657,-0.37048,-0.98802
-0.31496,-0.3904,-0.34534
-0.77218,-0.44749,-0.6658
-0.0013214,-0.093289,-0.34568
-0.62986,-0.037271,-0.49132
-0.58782,-0.61776,-0.6668
-0.45395,-0.54804,-0.7166
-0.17806,-0.52041,-0.46657
-0.49345,-0.17479,-0.73799
-0.29177,-0.34277,-0.13123
-0.62855,-0.29764,-0.77219
-0.48927,-0.41932,-0.76667
-0.76381,-0.53516,-0.53965
-0.22299,-0.051393,-0.15874
0.014433,-0.49202,-0.51471
-0.485,-0.62696,-0.62297
-0.37106,-0.041786,-0.66018
-0.10968,-0.62391,-0.38789
-0.051482,0.096626,-0.51177
-0.32732,0.18631,-0.35101
-0.442,-0.64786,-0.61908
-0.24556,-0.27975,-0.13815
-0.73868,-0.39907,-0.68623
-0.58098,-0.3222,-0.76266
-0.58616,-0.36298,-0.73812
-0.24531,-0.38242,-0.6967
-0.48575,-0.31933,-0.7791
0.015844,-0.31333,-0.5845
-0.18026,0.031473,-0.15381
-0.21271,-0.55464,-0.5913
-0.29235,0.022395,-0.19956
0.044969,-0.11045,-0.54105
-0.21281,-0.18102,-0.15638
-0.53742,0.0060606,-0.50638
-0.37797,-0.61255,-0.56235
-0.34962,-0.54332,-0.43064
-0.39572,-0.17048,-0.18778
-0.23302,0.045282,-0.15177
-0.35055,-0.42744,-0.80181
-0.074932,-0.27352,-0.67553
-0.45872,-0.20348,-0.19548
-0.69719,-0.33005,-1.0037
-0.70991,-0.34395,-1.0125
-0.65766,-0.1411,-0.82486
-0.53906,-0.3279,-1.0105
-0.55736,-0.23017,-1.2124
-0.073165,-0.57647,-0.4357
-0.67549,-0.58483,-0.68764
-0.7124,-0.33001,-1.0485
-0.54337,-0.23989,-0.49628
-0.35978,-0.47623,-0.33513
-0.72683,-0.4993,-0.56696
-0.21607,-0.38625,-0.21158
-0.76988,-0.056193,-0.9365
-0.26332,0.1342,-0.46739
-0.18185,0.072432,-0.62249
-0.54978,-0.35575,-0.92826
-0.66107,-0.23729,-0.72774
-0.018287,-0.19025,-0.57614
-0.70426,-0.40385,-0.90404
-0.49688,-0.53508,-0.43266
-0.66996,-0.30495,-1.0791
-0.60079,-0.55821,-0.56171
-0.038152,-0.032564,-0.54033
-0.63786,-0.26244,-1.1763
0.042245,-0.16996,-0.45068
-0.1832,-0.59619,-0.25586
-0.073462,-0.38419,-0.35433
-0.45195,-0.31782,-0.74551
-0.63144,-0.5657,-0.43003
-0.36537,0.10187,-0.29543
-0.034264,0.0092307,-0.56728
-0.55949,-0.2339,-0.43213
-0.06907,-0.063917,-0.51735
-0.059507,-0.010315,-0.5635
0.0083084,-0.061068,-0.63469
-0.28963,0.042073,-0.67405
-0.62131,-0.53394,-0.69151
-0.089159,0.1571,-0.3226
-0.045438,-0.5037,-0.40798
-0.42138,0.086004,-0.32343
-0.68232,0.0098827,-0.88801
-0.062105,0.13347,-0.40778
-0.29844,-0.04562,-0.14511
-0.48801,-0.11872,-0.70364
-0.59652,-0.27662,-0.99157
-0.39404,-0.20685,-0.20526
-0.66709,-0.58841,-0.67926
-0.64137,-0.46083,-0.85239
-0.617,-0.34735,-1.0721
-0.39522,-0.23291,-0.74756
-0.53251,-0.07548,-0.32777
-0.32979,-0.48954,-0.33792
-0.55076,-0.0094884,-0.37362
-0.46455,-0.34776,-0.76714
-0.34748,-0.32882,-0.7619
-0.4127,-0.30016,-0.2063
-0.50571,0.040854,-0.28238
-0.2843,-0.34456,-0.10306
-0.56879,0.022106,-0.41904
-0.02173,-0.019621,-0.54197
-0.25807,-0.20066,-0.69962
-0.39328,-0.13149,-0.69775
0.0032855,-0.42649,-0.44781
-0.77547,-0.14385,-0.83893
-0.43252,-0.34221,-0.29918
-0.1142,-0.27224,-0.29025
-0.60426,0.07067,-0.9016
-0.27652,-0.39223,-0.75564
-0.68299,-0.44422,-0.92372
0.062528,-0.25352,-0.36942
-0.11827,0.0098303,-0.60614
-0.39225,-0.024719,-0.66907
-0.29466,-0.24938,-0.18777
-0.053277,-0.31896,-0.3236
-0.17512,-0.41701,-0.646
-0.28241,-0.30105,-0.7824
-0.80872,-0.46173,-0.64594
-0.054231,-0.11385,-0.2352
-0.23492,-0.67068,-0.66114
-0.17062,-0.15089,-0.72389
-0.71236,-0.48723,-0.51736
-0.30341,0.15063,-0.42716
-0.23242,-0.3818,-0.7526
-0.35942,-0.29846,-0.19258
-0.30468,0.080966,-0.491
-0.41143,-0.21225,-0.69886
-0.41553,0.10709,-0.37065
0.10261,-0.22602,-0.48735
-0.44906,0.11796,-0.40544
-0.099024,-0.47189,-0.54269
-0.49955,-0.51019,-0.77846
-0.60649,-0.20391,-0.62114
-0.59841,-0.26977,-1.2367
-0.45472,0.023047,-0.67166
-0.68059,-0.56288,-0.52696
-0.41051,-0.4776,-0.7889
-0.28014,-0.40065,-0.2665
-0.0039876,-0.15059,-0.65487
-0.18757,-0.491,-0.18054
-0.30637,-0.25861,-0.15457
-0.20034,-0.57139,-0.32384
-0.15471,0.14629,-0.48645
-0.31423,0.099086,-0.30505
-0.56603,-0.37121,-0.51494
-0.42887,-0.039972,-0.60658
-0.4734,-0.37673,-0.47133
-0.38243,-0.64418,-0.45869
-0.095909,-0.50369,-0.30925
-0.64136,-0.38264,-0.99176
-0.058401,0.041543,-0.22747
-0.49903,0.10687,-0.40157
-0.52993,-0.51391,-0.77137
-0.33816,0.040169,-0.20229
-0.52558,-0.020403,-0.27049
-0.65664,-0.22872,-0.77404
-0.59615,-0.1585,-0.36281
-0.49865,-0.35073,-0.80569
-0.37641,0.18911,-0.57781
-0.20869,0.16487,-0.23003
-0.70008,-0.30179,-0.97368
-0.078901,-0.2277,-0.68931
-0.68394,-0.57737,-0.56161
-0.15883,-0.50293,-0.43033
-0.58311,-0.6164,-0.47961
-0.1047,-0.5973,-0.48493
-0.69958,-0.50546,-0.50217
-0.46627,-0.47596,-0.7904
-0.58475,0.024989,-0.34151
-0.69995,-0.36601,-0.93568
-0.25548,0.050997,-0.19633
-0.29372,-0.29373,-0.80118
-0.32571,-0.06494,-0.13467
-0.40071,-0.25641,-0.14023
-0.048194,0.097299,-0.37344
-0.0088847,0.1376,-0.1934
-0.4621,-0.63235,-0.56192
-0.46585,-0.51511,-0.33622
-0.62098,-0.50224,-0.77678
-0.53399,-0.70294,-0.70297
-0.22288,-0.5238,-0.3701
-0.14784,-0.48382,-0.22812
-0.32718,-0.63302,-0.64131
-0.75142,-0.5257,-0.50664
-0.018251,-0.26117,-0.55923
-0.77159,-0.41082,-0.72428
-0.5792,-0.24356,-0.75582
-0.46082,-0.4931,-0.81014
-0.84437,-0.447,-0.76731
-0.10689,0.19749,-0.26721
-0.58175,-0.44896,-0.49912
-0.5928,-0.24107,-1.1292
-0.27318,-0.44806,-0.30095
-0.19193,-0.3505,-0.17549
-0.64334,-0.25452,-1.2031
-0.4332,-0.39562,-0.22045
-0.66131,-0.33314,-0.91679
-0.24098,-0.35354,-0.11397
-0.16856,-0.098113,-0.69182
-0.42556,-0.11836,-0.67388
-0.098072,0.059058,-0.54916
-0.23806,-0.55461,-0.22157
-0.7765,-0.48581,-0.7047
-0.47339,-0.42073,-0.37194
-0.62323,-0.22116,-0.89332
-0.67401,-0.28613,-0.9225
-0.68748,0.00062498,-0.93599
-0.45696,-0.26791,-0.28575
-0.19834,0.057792,-0.53798
-0.1634,-0.589,-0.41663
-0.60412,-0.40223,-0.99134
-0.33248,-0.19942,-0.75641
-0.65282,-0.38658,-1.0537
-0.46711,-0.49626,-0.3733
-0.19891,-0.065382,-0.14823
-0.47077,-0.29074,-0.33664
-0.18214,-0.51415,-0.38419
-0.38131,-0.6104,-0.67059
-0.63388,-0.62506,-0.75489
-0.49006,-0.53727,-0.81363
0.045496,-0.0040373,-0.54015
-0.76599,-0.56973,-0.6427
-0.61464,-0.24325,-0.83931
