-0.44466,-0.14905,-0.18392
-0.44651,-0.19619,-0.71216
-0.53944,-0.61387,-0.68427
-0.091861,-0.14198,-0.70234
-0.35358,-0.11865,-0.14211
-0.4846,0.10239,-0.36001
-0.4209,-0.37411,-0.34525
-0.46885,-0.34687,-0.35528
-0.55179,-0.39668,-0.461
-0.098114,-0.58024,-0.40612
-0.4875,-0.58106,-0.71544
-0.0020217,-0.24137,-0.41343
-0.42369,-0.2096,-0.18321
-0.24716,-0.50167,-0.34955
-0.50275,-0.43879,-0.40373
-0.15855,0.18635,-0.3057
-0.57296,-0.61674,-0.6457
-0.56306,-0.49642,-0.83687
-0.18075,-0.48722,-0.47199
-0.54983,-0.21374,-0.59843
-0.42531,-0.29606,-0.77306
-0.27593,0.11236,-0.23956
-0.65467,-0.090423,-0.86115
-0.46978,-0.10194,-0.21663
-0.20941,-0.45261,-0.17528
-0.16193,-0.59275,-0.37506
-0.33024,-0.28815,-0.16063
-0.016926,-0.42309,-0.46729
-0.26537,-0.35099,-0.21772
-0.77958,-0.49901,-0.58862
-0.40245,-0.52683,-0.37978
-0.74466,-0.56965,-0.75297
-0.081111,-0.61203,-0.49758
-0.35356,-0.0059511,-0.17348
-0.63516,-0.35812,-1.0774
-0.15428,-0.57947,-0.3807
-0.39316,-0.39042,-0.33514
-0.44984,-0.52768,-0.76346
-0.35715,-0.05875,-0.15686
-0.18634,-0.49947,-0.49007
-0.055673,-0.12515,-0.65968
0.03539,-0.37933,-0.5329
-0.13465,-0.52178,-0.41912
-0.73465,-0.41546,-0.61134
-0.20047,-0.15008,-0.74459
-0.050175,-0.091719,-0.63225
-0.43219,-0.58391,-0.43142
-0.63609,-0.269,-1.1082
-0.035749,-0.45094,-0.54098
-0.74705,-0.49708,-0.55348
-0.094432,-0.10229,-0.68655
-0.025064,-0.16225,-0.64892
-0.74981,0.021338,-0.94671
-0.56202,-0.011136,-0.53772
-0.58095,-0.3283,-0.54997
-0.64897,-0.4298,-0.89256
-0.23582,-0.22211,-0.71533
-0.16183,-0.38186,-0.16315
-0.52845,-0.47877,-0.44661
-0.030859,0.024961,-0.1905
-0.32361,-0.44437,-0.31789
-0.25792,-0.23308,-0.11317
-0.23451,-0.37201,-0.24987
-0.56938,0.0026274,-0.50634
-0.51174,-0.28632,-0.74478
-0.40201,-0.099095,-0.16693
-0.084037,-0.12808,-0.15549
-0.5462,-0.32593,-1.0121
-0.37874,-0.17698,-0.15118
-0.045282,-0.37285,-0.39248
-0.14955,-0.10166,-0.10718
-0.68254,-0.086565,-0.81047
-0.13696,-0.40088,-0.25195
-0.0044411,-0.18504,-0.62585
-0.011087,0.071497,-0.32734
-0.25826,-0.59528,-0.61711
-0.62343,-0.44055,-0.86781
-0.18545,-0.52788,-0.57464
-0.57563,-0.13582,-0.54586
-0.13914,-0.25552,-0.12789
-0.058902,0.1739,-0.27027
-0.62542,-0.24745,-1.2264
-0.78913,-0.52052,-0.69412
-0.13866,0.13494,-0.33881
-0.66302,-0.37053,-1.0579
-0.17148,0.030097,-0.64011
-0.15589,-0.058099,-0.70221
-0.74592,-0.071684,-0.91099
-0.40433,-0.44623,-0.784
-0.075809,-0.058528,-0.6387
-0.72418,-0.44736,-0.58843
-0.059673,-0.12841,-0.66681
-0.47465,-0.31334,-0.31092
-0.33852,0.13354,-0.56222
-0.18328,-0.36117,-0.66603
-0.52712,-0.31847,-1.0996
-0.32248,-0.32734,-0.20221
-0.38003,0.12145,-0.57268
-0.71168,-0.35782,-0.8079
-0.3624,-0.48814,-0.36199
-0.39317,-0.36935,-0.33542
-0.73262,-0.53148,-0.52428
-0.021002,0.099936,-0.32664
-0.45886,-0.49238,-0.39007
-0.52201,-0.5206,-0.81929
-0.30004,-0.6211,-0.63139
-0.1129,-0.5824,-0.47666
-0.58942,-0.34966,-0.88357
-0.68602,-0.43452,-0.56498
-0.5448,-0.32374,-0.77253
-0.73305,-0.5966,-0.54751
-0.54628,-0.0013155,-0.36302
-0.16877,-0.016483,-0.14259
-0.41501,-0.4919,-0.36719
-0.42754,-0.58235,-0.42789
-0.29095,-0.047959,-0.14983
-0.5994,-0.50084,-0.50913
-0.21168,-0.16557,-0.74448
-0.42344,-0.51884,-0.38336
-0.18008,-0.62975,-0.31717
-0.42515,-0.62092,-0.47897
-0.64764,-0.019042,-0.84962
-0.41854,0.10268,-0.28611
-0.7603,-0.00088851,-0.91542
-0.52854,-0.32019,-1.0976
-0.36159,-0.13946,-0.14317
-0.59336,-0.62949,-0.68445
-0.744,-0.59707,-0.61301
-0.55809,0.023208,-0.40425
-0.25795,0.1645,-0.34697
0.037495,-0.046948,-0.35131
-0.76478,-0.41679,-0.61865
-0.76699,-0.45214,-0.76873
-0.70085,-0.38684,-0.61491
0.035315,-0.20495,-0.56732
-0.5566,-0.32574,-1.0877
-0.29793,0.025897,-0.17489
-0.12967,-0.4234,-0.59466
-0.027152,-0.54927,-0.54405
-0.4778,0.12106,-0.42875
0.06241,-0.32874,-0.55297
-0.45482,-0.62795,-0.5303
-0.61179,-0.47062,-0.85513
-0.16725,-0.61762,-0.34885
-0.42546,-0.24886,-0.19305
-0.58224,-0.16952,-0.43825
-0.40347,-0.097211,-0.1682
0.067393,-0.067402,-0.40311
-0.48574,-0.59951,-0.49405
-0.48828,-0.27036,-0.2503
-0.53866,-0.21071,-0.37133
-0.18438,-0.3894,-0.67281
-0.66926,-0.32896,-0.93923
-0.60068,-0.34023,-0.88977
-0.32879,-0.4163,-0.77633
-0.53621,-0.30573,-1.1201
-0.11065,-0.58806,-0.47294
-0.43386,-0.47968,-0.36927
-0.72588,0.041887,-0.95069
-0.14525,-0.41309,-0.23399
-0.41408,-0.51301,-0.77
-0.66344,-0.37076,-1.0565
-0.37839,0.13937,-0.54752
-0.4247,-0.46474,-0.36355
-0.24379,-0.027318,-0.13931
-0.15992,0.13283,-0.49603
-0.29004,-0.0099407,-0.16002
-0.31843,-0.62853,-0.6136
-0.61247,-0.30994,-0.9414
-0.27714,-0.02317,-0.65765
-0.28968,-0.44742,-0.30481
-0.11424,-0.54268,-0.50259
-0.58261,-0.62867,-0.69545
-0.66169,-0.076293,-0.78543
-0.54674,-0.40186,-0.83517
-0.65004,-0.2768,-0.82736
-0.24064,-0.31535,-0.16432
-0.18756,-0.42238,-0.69365
-0.5429,0.010854,-0.35923
-0.15554,-0.30059,-0.63329
-0.26224,-0.1178,-0.11718
-0.19351,-0.062845,-0.71194
-0.044015,-0.13211,-0.23222
-0.47083,-0.59271,-0.7011
-0.54611,-0.53372,-0.50694
-0.37832,0.14874,-0.53163
-0.27536,-0.46887,-0.30625
0.027879,-0.0099569,-0.45565
-0.49052,-0.38004,-0.39341
-0.64625,-0.62169,-0.67236
-0.68,-0.20643,-0.86655
-0.27936,-0.065136,-0.67967
-0.66658,-0.23919,-0.75528
-0.69092,0.029643,-0.89869
-0.3972,-0.063555,-0.16936
-0.57223,-0.50693,-0.83424
-0.69427,-0.36336,-0.92633
-0.075148,-0.32529,-0.53981
-0.4923,-0.45223,-0.81309
-0.10114,-0.43797,-0.56623
-0.34247,-0.050351,-0.15642
-0.21945,0.16888,-0.22053
-0.20452,-0.52277,-0.24534
-0.69426,-0.37814,-0.94469
-0.67989,-0.34734,-1.0569
-0.45872,-0.31271,-0.24108
-0.61964,-0.30118,-0.73954
-0.333,-0.60162,-0.69762
0.015062,-0.13071,-0.5813
-0.42053,-0.12392,-0.69661
-0.59364,-0.40694,-0.52944
-0.77182,-0.37283,-0.69566
-0.1322,-0.30594,-0.60516
-0.54995,-0.61171,-0.73609
-0.23015,-0.50889,-0.34386
-0.041944,0.024548,-0.5373
-0.13875,-0.53642,-0.39335
-0.59265,-0.28701,-1.0045
-0.051154,-0.059118,-0.61195
-0.54099,-0.57027,-0.53643
-0.64264,-0.35074,-0.59856
0.012807,-0.3141,-0.48466
-0.67257,-0.43717,-0.87809
0.072738,-0.23562,-0.53964
-0.31637,0.0011679,-0.66018
-0.33078,-0.61388,-0.67897
-0.61937,-0.31238,-0.68217
0.057449,-0.34755,-0.59904
-0.57985,-0.1157,-0.53731
-0.040791,-0.35533,-0.40195
-0.40394,-0.21303,-0.73648
-0.33029,0.17535,-0.46115
-0.30275,0.14807,-0.54336
-0.29206,-0.59978,-0.66713
-0.37637,-0.22492,-0.15626
-0.32623,0.17682,-0.45865
-0.32671,0.17649,-0.40337
-0.38443,-0.05187,-0.16832
-0.15692,-0.26856,-0.68254
-0.70004,-0.4195,-0.86933
-0.099114,0.19525,-0.28955
-0.39247,-0.23612,-0.749
-0.23588,-0.38751,-0.15594
-0.54593,-0.35127,-1.0197
-0.3121,-0.29621,-0.75535
-0.021612,-0.0061451,-0.53799
-0.47463,-0.63394,-0.59527
-0.17387,0.17228,-0.3048
-0.19964,-0.54306,-0.60435
-0.025301,-0.33358,-0.56561
-0.45473,-0.49868,-0.39058
-0.36031,-0.0012775,-0.17994
-0.58513,-0.62884,-0.67485
-0.53754,-0.14763,-0.61429
-0.56624,-0.34045,-0.80258
-0.46623,-0.16173,-0.68853
-0.28975,-0.093815,-0.13593
-0.0043187,-0.19528,-0.38323
-0.65219,0.019413,-0.85757
-0.0089238,-0.24099,-0.60833
-0.56911,-0.2247,-0.51781
-0.38172,-0.016381,-0.1807
-0.12119,-0.36229,-0.58785
-0.50581,-0.44571,-0.40834
-0.63875,-0.27171,-0.75255
-0.19089,-0.028252,-0.69249
-0.42637,0.1264,-0.32434
-0.21439,-0.45655,-0.26168
-0.65641,-0.26395,-1.2155
-0.76829,-0.0056866,-0.9152
-0.32691,-0.47933,-0.35402
-0.58662,-0.27433,-1.1684
-0.13358,-0.5251,-0.41859
-0.2224,0.14572,-0.19747
-0.15378,-0.39298,-0.20012
-0.16374,0.020054,-0.6441
-0.64222,-0.11125,-0.80947
-0.24884,-0.045626,-0.13592
-0.61022,-0.3347,-0.81091
-0.51152,-0.19298,-0.65437
-0.72528,-0.29707,-0.8199
-0.61305,-0.30246,-0.74787
-0.47485,-0.35637,-0.36164
-0.54172,-0.40844,-0.83452
-0.35797,-0.014532,-0.67793
0.0052593,-0.14424,-0.33291
-0.36784,-0.63527,-0.63961
-0.016354,-0.0071362,-0.53565
-0.68441,-0.31661,-0.71401
-0.72873,-0.39103,-0.62643
-0.59538,-0.62882,-0.70011
-0.24251,-0.58501,-0.60344
-0.23485,0.13136,-0.54583
-0.20656,-0.27886,-0.68871
-0.40582,-0.35726,-0.33539
-0.18419,-0.074652,-0.71896
-0.11895,-0.39847,-0.59319
-0.60634,-0.25401,-1.1043
-0.17753,-0.0091867,-0.67123
-0.60049,-0.50693,-0.5063
-0.65447,-0.2465,-0.75236
-0.15763,-0.37966,-0.63661
-0.3203,-0.11467,-0.13363
-0.45263,-0.15109,-0.18894
-0.15559,-0.41124,-0.19614
-0.42556,0.054434,-0.24237
-0.35683,-0.27798,-0.76057
0.031976,-0.25538,-0.57469
-0.57579,-0.41068,-0.51582
-0.72801,-0.2575,-0.84756
-0.65357,-0.33557,-1.163
-0.21253,-0.34566,-0.70515
-0.2175,-0.087352,-0.12238
-0.1586,-0.506,-0.39772
-0.13328,0.1354,-0.33516
-0.18963,-0.48246,-0.42785
-0.56374,0.029171,-0.43351
-0.18954,0.19391,-0.27686
-0.47582,-0.22743,-0.72299
-0.073592,-0.081474,-0.15681
-0.33044,-0.6174,-0.66234
-0.19223,0.14713,-0.30625
-0.27229,-0.077065,-0.1291
-0.49304,0.026043,-0.61129
-0.12298,-0.49432,-0.53008
-0.24412,-0.5287,-0.43814
-0.5495,-0.20725,-0.59738
-0.55185,0.042336,-0.47815
-0.35443,-0.41495,-0.3235
-0.65549,-0.32984,-1.1726
-0.56845,-0.62167,-0.71962
-0.74181,-0.33355,-0.71146
-0.34385,0.17466,-0.45444
-0.48785,0.073682,-0.57033
-0.33622,-0.62728,-0.64121
-0.041349,-0.39248,-0.5472
-0.12186,-0.31898,-0.58241
-0.024708,-0.20091,-0.32741
-0.55917,-0.26268,-0.64628
-0.74061,-0.40403,-0.79262
-0.21088,0.16448,-0.26572
-0.15435,-0.36828,-0.20665
-0.014474,-0.31397,-0.57693
-0.6051,-0.36179,-0.56158
-0.046877,0.056638,-0.48503
-0.20384,0.040397,-0.63106
-0.71278,-0.39356,-0.6211
-0.56849,-0.36361,-0.82715
-0.74124,-0.48081,-0.56167
-0.10015,-0.59456,-0.43142
-0.32717,-0.13132,-0.71498
-0.66078,-0.09068,-0.87133
-0.4705,-0.54658,-0.75506
-0.15958,0.18725,-0.18814
-0.42756,0.016679,-0.21734
-0.58183,-0.3178,-0.6069
-0.71102,-0.30781,-0.74358
-0.76504,-0.57398,-0.65046
-0.6588,-0.28997,-1.1149
-0.61399,-0.20875,-1.2163
-0.56715,-0.61094,-0.63969
-0.11141,-0.17011,-0.12813
-0.14364,-0.42381,-0.23374
-0.038337,-0.36875,-0.40978
-0.43405,-0.59009,-0.43933
-0.47403,-0.13695,-0.67571
-0.26493,-0.21214,-0.11331
-0.52239,0.070219,-0.50659
-0.13814,-0.53253,-0.39449
-0.66361,-0.56994,-0.76659
-0.116,-0.25678,-0.6808
-0.46198,-0.25424,-0.21943
-0.68179,-0.39025,-0.59292
0.038898,-0.30021,-0.50785
-0.11231,-0.19744,-0.18708
-0.46163,-0.033839,-0.2305
-0.19325,-0.35397,-0.12665
-0.1935,-0.53348,-0.54227
-0.68972,-0.34239,-0.96322
-0.5195,-0.42471,-0.42596
-0.52656,-0.331,-1.0729
-0.30671,-0.34271,-0.24301
-0.2743,-0.55518,-0.71358
-0.23664,-0.50516,-0.36838
-0.060624,-0.58026,-0.53023
-0.06008,-0.21749,-0.26562
-0.45869,0.12733,-0.48614
-0.50476,-0.17587,-0.31087
-0.65268,-0.012253,-0.82306
-0.57944,-0.33301,-0.8011
-0.47975,-0.23995,-0.22968
-0.046764,-0.019577,-0.57929
-0.57393,-0.33184,-0.79549
-0.2632,-0.3831,-0.29157
-0.19688,-0.5159,-0.48851
-0.55914,-0.57405,-0.54462
-0.001468,-0.47289,-0.52224
-0.23258,0.1711,-0.40007
-0.55846,-0.30268,-1.0193
-0.64111,-0.57775,-0.76737
-0.10209,-0.18996,-0.19876
-0.67283,-0.37277,-0.60236
-0.17036,-0.48641,-0.46269
-0.39726,-0.091707,-0.69665
-0.23217,-0.39902,-0.24483
-0.18642,-0.22809,-0.72541
-0.3571,0.0051488,-0.18111
-0.50779,-0.29789,-0.36805
-0.16001,0.024052,-0.14151
-0.46482,-0.51682,-0.77472
-0.54973,0.047461,-0.41147
-0.71237,-0.05207,-0.91708
-0.66664,-0.2956,-0.73268
-0.52379,-0.30911,-1.086
-0.46403,-0.37185,-0.78468
-0.36348,-0.37886,-0.32286
-0.49156,-0.061244,-0.25552
-0.1261,-0.54319,-0.4597
0.013414,-0.066526,-0.54746
-0.66149,-0.13675,-0.77423
0.07488,-0.06229,-0.44081
-0.68427,-0.36672,-0.85443
-0.45042,-0.068101,-0.67635
-0.58167,-0.16846,-0.50113
-0.44119,-0.35995,-0.7853
-0.65598,-0.30396,-0.72796
-0.20105,-0.6145,-0.28095
-0.33139,-0.44925,-0.77309
-0.5923,-0.34384,-0.82168
-0.22478,-0.5495,-0.67018
-0.676,-0.066617,-0.8032
-0.54685,-0.50533,-0.48147
-0.076272,-0.098001,-0.66372
-0.52909,-0.53237,-0.81985
-0.73327,-0.39985,-0.80209
-0.22817,-0.42078,-0.23618
0.048232,-0.12426,-0.5056
-0.36573,-0.55458,-0.39826
-0.4525,-0.49682,-0.38736
-0.74972,-0.59013,-0.5877
0.033965,-0.03506,-0.48864
-0.31711,-0.098079,-0.13677
-0.10163,-0.096216,-0.68793
-0.5833,-0.32541,-0.59871
-0.7437,-0.19068,-0.87253
-0.49734,-0.11233,-0.28089
-0.5774,-0.050611,-0.52485
-0.69935,-0.1316,-0.89457
-0.4549,-0.25692,-0.21405
-0.75493,-0.19436,-0.81956
-0.39464,-0.61971,-0.68719
-0.54135,-0.12883,-0.34576
-0.49483,-0.27264,-0.32549
-0.67302,0.041908,-0.89851
-0.24264,-0.50586,-0.72926
-0.096663,0.041444,-0.13837
-0.5192,0.076995,-0.49644
-0.16526,-0.33152,-0.64475
-0.53202,-0.48679,-0.8314
-0.67748,-0.13787,-0.77001
-0.073683,-0.057965,-0.63614
-0.33547,-0.38097,-0.77595
-0.020037,-0.43195,-0.46073
-0.027425,-0.11974,-0.63045
-0.046057,-0.43805,-0.41805
-0.17067,0.06406,-0.59941
-0.39034,-0.13701,-0.71225
-0.25587,-0.34067,-0.73882
-0.34153,-0.23794,-0.1446
-0.6975,-0.62917,-0.60073
-0.77135,-0.41131,-0.73929
-0.095073,0.12317,-0.15497
-0.68306,-0.32764,-1.0258
-0.6265,-0.56012,-0.79561
-0.64698,-0.065429,-0.80345
-0.070249,-0.21862,-0.26214
-0.19047,-0.5515,-0.36402
-0.58523,-0.087093,-0.42089
-0.35829,-0.64495,-0.59426
-0.43004,-0.45253,-0.36405
-0.47617,-0.44101,-0.80274
-0.12762,-0.42775,-0.26034
-0.3464,-0.27619,-0.16769
-0.56524,-0.25987,-1.1021
-0.22662,-0.54886,-0.27075
-0.52274,-0.018704,-0.32626
-0.03962,0.065638,-0.44115
-0.58878,-0.36145,-0.83819
-0.016984,-0.15199,-0.63251
-0.087335,-0.25666,-0.65959
-0.21113,0.1324,-0.17605
-0.62138,-0.34711,-0.83441
-0.12999,-0.32966,-0.22746
-0.55391,0.032292,-0.39404
-0.37885,-0.63979,-0.54166
-0.58863,-0.099122,-0.51596
-0.4895,-0.20804,-0.68829
-0.60424,-0.39582,-0.53418
-0.3154,-0.58991,-0.70719
-0.63216,-0.64278,-0.55666
0.064037,-0.31593,-0.54826
-0.58323,-0.38268,-0.90415
-0.37696,-0.064367,-0.16085
-0.090759,-0.15496,-0.70627
0.026108,-0.016079,-0.47568
-0.15616,-0.31741,-0.62793
-0.48774,-0.48613,-0.80842
-0.41021,-0.265,-0.19131
-0.35693,0.0091038,-0.18304
-0.568,-0.25647,-0.54163
-0.26249,-0.38172,-0.75315
-0.099053,-0.29029,-0.60537
-0.022199,-0.14903,-0.63766
-0.044543,-0.24818,-0.63572
-0.017544,-0.42444,-0.47012
-0.63273,-0.64486,-0.62437
-0.39172,-0.51825,-0.37485
-0.45087,-0.44983,-0.37458
-0.64273,-0.31116,-0.70535
-0.078508,-0.23443,-0.67544
-0.67348,-0.43759,-0.87718
-0.15059,-0.51851,-0.2673
-0.31562,-0.23388,-0.13358
-0.10897,0.079091,-0.13616
-0.53392,-0.5705,-0.52206
-0.16842,0.20575,-0.2803
-0.4643,-0.42115,-0.38474
0.017839,-0.13021,-0.35628
-0.11881,0.12862,-0.34213
-0.34035,-0.22867,-0.74143
-0.33979,-0.27506,-0.16013
-0.33024,-0.046449,-0.15779
-0.3994,0.02641,-0.20585
-0.16168,-0.49565,-0.50224
-0.106,-0.47085,-0.55162
-0.47408,0.071909,-0.30512
-0.11852,-0.2896,-0.61983
-0.68277,-0.52686,-0.82123
-0.10308,-0.11523,-0.69823
0.055825,-0.082425,-0.39042
-0.16291,-0.19705,-0.10777
-0.60866,-0.22608,-1.2261
-0.25966,0.16996,-0.47157
-0.052964,0.067607,-0.47206
-0.70993,0.03102,-0.94975
-0.38424,0.14803,-0.52989
-0.52699,-0.51386,-0.8233
-0.42924,-0.64507,-0.57284
-0.50574,-0.52507,-0.43874
-0.6949,-0.30642,-0.8318
-0.14073,0.13654,-0.37014
0.0072074,0.012744,-0.33039
-0.12522,0.18876,-0.31297
-0.66202,-0.33245,-1.1467
-0.37095,0.1691,-0.42066
-0.77348,-0.067466,-0.87544
-0.2625,0.096577,-0.22175
-0.5555,-0.11701,-0.3593
-0.72832,-0.30867,-0.78487
-0.25216,-0.49148,-0.74108
-0.26982,-0.58564,-0.6749
-0.42909,-0.64566,-0.57553
-0.64195,-0.54013,-0.47533
-0.041586,-0.35645,-0.40075
-0.19534,-0.27441,-0.683
-0.46747,0.058233,-0.28697
-0.16919,-0.49321,-0.59359
-0.13515,-0.4244,-0.25533
-0.054982,0.087478,-0.35275
-0.6472,-0.47212,-0.8572
-0.62888,-0.30901,-0.9371
-0.44623,0.046356,-0.62734
-0.61564,-0.32104,-0.91579
-0.43164,0.024621,-0.64659
-0.2172,-0.44214,-0.23824
-0.017294,0.038845,-0.36689
-0.76879,-0.55925,-0.6955
-0.072942,-0.12838,-0.68255
-0.05584,0.13252,-0.19908
-0.56017,-0.35861,-0.98175
-0.52325,0.01236,-0.58795
-0.48098,-0.54943,-0.42407
0.040526,-0.34839,-0.52532
-0.65035,-0.63695,-0.63659
-0.16168,-0.18593,-0.10515
-0.21206,-0.22708,-0.71954
-0.54029,-0.49593,-0.46486
-0.77171,-0.10936,-0.87211
-0.16556,0.018968,-0.64647
0.020553,-0.37547,-0.51128
-0.071091,0.099518,-0.41222
0.02088,0.0037179,-0.47019
-0.61048,-0.32586,-1.1033
-0.53861,-0.29607,-1.0679
-0.22353,-0.56144,-0.62335
-0.66589,-0.0075633,-0.83189
-0.35495,-0.60935,-0.69502
-0.39039,-0.13038,-0.15494
-0.40503,0.047447,-0.64293
-0.28073,0.17768,-0.43508
0.011526,-0.43955,-0.54065
-0.68013,-0.51161,-0.48576
-0.64201,-0.39187,-0.99473
-0.34653,-0.41888,-0.3201
-0.40327,-0.28183,-0.76547
-0.24176,-0.053287,-0.69015
-0.50628,-0.61309,-0.6147
-0.74576,-0.20948,-0.85854
-0.2831,0.16911,-0.4887
-0.57456,-0.50501,-0.52093
-0.53188,-0.51979,-0.82423
-0.2379,0.14186,-0.52773
-0.2331,-0.41726,-0.20849
-0.5591,-0.38957,-0.48218
-0.79573,-0.49885,-0.67423
-0.0069218,0.041215,-0.45606
-0.64295,-0.34863,-0.84989
-0.47272,-0.47674,-0.79939
-0.55652,-0.30639,-1.0168
-0.11469,-0.1863,-0.7288
-0.27737,-0.34914,-0.22779
-0.65302,-0.47756,-0.85382
-0.2052,-0.2309,-0.72028
-0.77445,-0.023411,-0.90994
-0.2373,-0.3526,-0.17656
-0.11708,-0.2701,-0.65682
-0.29851,-0.47354,-0.33579
0.020083,-0.17809,-0.59062
-0.6819,-0.19966,-0.86963
-0.64678,-0.051694,-0.80924
-0.19021,-0.52421,-0.52827
0.07367,-0.23246,-0.53602
-0.49017,0.038103,-0.60517
-0.49712,0.10633,-0.43967
-0.24367,-0.58619,-0.53268
-0.73209,-0.45624,-0.58095
-0.59902,-0.31642,-0.62272
-0.40383,0.013985,-0.20612
-0.26651,-0.39373,-0.75489
-0.22659,-0.45848,-0.72931
-0.07652,-0.36802,-0.54667
-0.47366,-0.5372,-0.41082
-0.62844,-0.28278,-0.764
0.015927,-0.31909,-0.49394
-0.15506,-0.40002,-0.6273
-0.25399,-0.50049,-0.36529
-0.22233,-0.27073,-0.70702
-0.4931,-0.35563,-0.7781
-0.68615,-0.37822,-0.9893
-0.69507,-0.36775,-0.91901
-0.7866,-0.48534,-0.7229
-0.56488,-0.59043,-0.58285
-0.57006,-0.0068969,-0.40235
-0.16459,-0.63004,-0.30924
-0.33947,-0.54441,-0.39406
-0.12382,-0.18854,-0.11595
-0.12202,-0.13387,-0.098188
-0.77064,-0.40342,-0.7357
-0.24947,-0.096378,-0.7024
-0.32818,0.16251,-0.51456
-0.42357,0.13581,-0.34616
-0.24976,-0.11287,-0.11429
-0.22724,-0.52452,-0.30542
-0.43792,-0.48385,-0.37153
-0.16982,-0.49224,-0.54467
-0.54707,0.0086753,-0.36474
-0.52086,-0.31249,-0.75713
-0.071151,-0.45965,-0.54569
-0.067156,-0.015924,-0.59971
-0.10877,-0.18485,-0.15588
-0.74107,-0.53407,-0.80535
-0.78714,-0.42399,-0.63999
-0.2868,0.0061954,-0.16243
-0.46565,-0.61871,-0.51048
-0.63086,-0.49245,-0.49859
-0.28706,-0.33791,-0.75713
-0.62513,-0.42767,-0.88308
-0.64718,-0.086585,-0.84502
0.0016363,-0.061955,-0.55666
-0.28365,-0.17445,-0.11838
-0.15123,-0.34077,-0.19895
0.012841,-0.1437,-0.3716
-0.012958,-0.34165,-0.45013
-0.020607,-0.33567,-0.43141
0.023513,-0.14769,-0.40937
-0.20073,-0.52057,-0.64565
-0.32964,-0.60447,-0.46459
-0.65933,-0.48262,-0.50597
-0.15101,0.13126,-0.46093
-0.68995,-0.39087,-0.94182
-0.6775,-0.36104,-0.87069
-0.10259,-0.098646,-0.12695
0.0048649,-0.057077,-0.55299
-0.09548,-0.14807,-0.14524
-0.089437,-0.026487,-0.6328
-0.59123,-0.11732,-0.48527
-0.60532,-0.33089,-0.60257
-0.14883,-0.42483,-0.21598
-0.76236,-0.041839,-0.88705
-0.22655,-0.070351,-0.70836
-0.15796,-0.1877,-0.10294
-0.54014,-0.3061,-1.0541
-0.21322,-0.15979,-0.74354
-0.75658,-0.57999,-0.58292
0.040758,-0.15553,-0.42863
-0.32811,-0.36157,-0.30909
-0.16634,-0.4652,-0.61261
-0.77558,-0.51928,-0.57658
-0.078288,-0.61792,-0.46588
-0.03256,0.056346,-0.37118
0.021016,-0.17042,-0.58773
-0.52308,-0.26346,-0.37166
-0.28749,-0.15534,-0.71496
-0.30418,-0.62276,-0.62749
-0.58234,-0.12084,-0.41387
-0.63992,-0.65107,-0.5778
-0.48435,-0.14283,-0.22429
-0.55938,-0.28203,-0.47591
-0.61363,-0.34157,-1.071
-0.48677,0.10915,-0.48383
-0.0025692,-0.062541,-0.55979
-0.089495,-0.1487,-0.16066
-0.40798,-0.15379,-0.1656
-0.26799,-0.53317,-0.4238
-0.6929,-0.42157,-0.58156
-0.57748,-0.28663,-0.53172
-0.55895,-0.040562,-0.56118
-0.29419,-0.61832,-0.62098
-0.06256,-0.064935,-0.62727
-0.77241,-0.013478,-0.91557
-0.69819,-0.016359,-0.92185
-0.23061,-0.38628,-0.26193
-0.041333,-0.29568,-0.57693
-0.62123,-0.30514,-0.94856
-0.31322,-0.14815,-0.12747
-0.17999,-0.45948,-0.17702
-0.5293,-0.26369,-1.1371
-0.63406,-0.6478,-0.56986
-0.38818,-0.60343,-0.44363
-0.3616,-0.46535,-0.34628
-0.77116,-0.095871,-0.8832
-0.58168,-0.60483,-0.55789
-0.57282,-0.0044474,-0.41366
-0.15413,-0.3952,-0.191
-0.32178,0.178,-0.40965
-0.27399,0.14837,-0.30536
-0.52925,-0.60856,-0.68755
-0.1315,-0.10427,-0.71626
0.054325,-0.063397,-0.47298
-0.50961,-0.53401,-0.45287
-0.44373,-0.40776,-0.37091
-0.11287,0.10487,-0.48453
-0.050373,-0.088007,-0.63044
-0.16376,0.16074,-0.31683
-0.32108,0.080513,-0.6074
-0.67418,-0.64391,-0.58284
-0.066255,0.11129,-0.17451
-0.57345,-0.48558,-0.5171
-0.34745,-0.14783,-0.13718
-0.56215,-0.11789,-0.36886
-0.059105,-0.018949,-0.16297
-0.23576,-0.45624,-0.28251
-0.15705,-0.4205,-0.19702
-0.27359,-0.58089,-0.68613
-0.38589,-0.38322,-0.78887
0.073601,-0.16053,-0.47265
-0.27339,-0.47609,-0.31429
-0.12319,-0.35658,-0.25272
-0.57512,-0.13572,-0.54707
-0.74985,-0.59154,-0.63527
-0.68677,0.042683,-0.91143
-0.077749,-0.061507,-0.64237
-0.78766,-0.4309,-0.70252
-0.30988,-0.2978,-0.16288
-0.7049,-0.49104,-0.52594
-0.29927,-0.26207,-0.14213
-0.27207,-0.42855,-0.29076
-0.54986,-0.35974,-1.0167
-0.31158,-0.35457,-0.29293
-0.79477,-0.46493,-0.65316
0.021942,-0.068908,-0.32087
-0.57572,-0.051644,-0.52977
-0.58602,-0.62824,-0.66892
-0.46463,-0.54328,-0.75178
-0.18685,-0.47969,-0.4382
-0.44908,-0.18796,-0.70748
-0.24061,-0.36601,-0.18049
-0.61793,-0.2941,-0.77426
-0.44321,-0.4004,-0.78771
-0.70114,-0.52262,-0.49871
-0.25314,-0.043066,-0.13717
0.0046476,-0.40215,-0.49201
-0.44378,-0.64115,-0.62845
-0.42276,-0.052885,-0.67933
-0.12996,-0.58342,-0.34642
-0.053745,0.068226,-0.47215
-0.33194,0.16907,-0.37006
-0.40083,-0.6471,-0.6203
-0.21478,-0.22413,-0.11865
-0.78062,-0.41968,-0.63297
-0.55449,-0.32087,-0.77262
-0.61678,-0.29775,-0.76157
-0.24884,-0.34643,-0.73583
-0.51622,-0.29386,-0.74911
-0.034021,-0.30864,-0.55945
-0.18612,0.014942,-0.15345
-0.18483,-0.5262,-0.57261
-0.28268,0.06302,-0.19353
0.043494,-0.1194,-0.52049
-0.1766,-0.20216,-0.11736
-0.55266,0.0023894,-0.54785
-0.44819,-0.64342,-0.59094
-0.35878,-0.52217,-0.37748
-0.40619,-0.14092,-0.16551
-0.26587,0.069601,-0.19621
-0.34391,-0.4473,-0.77635
-0.055859,-0.24234,-0.64802
-0.38746,-0.18359,-0.15856
-0.67991,-0.32556,-0.97462
-0.67386,-0.30929,-1.042
-0.65986,-0.19584,-0.76535
-0.56532,-0.37235,-1.0011
-0.57242,-0.21368,-1.1931
-0.086311,-0.5897,-0.43419
-0.66759,-0.58059,-0.73953
-0.6802,-0.33542,-1.0713
-0.57019,-0.23926,-0.49325
-0.35676,-0.48016,-0.35883
-0.72677,-0.48835,-0.54887
-0.2349,-0.39964,-0.23214
-0.77323,-0.025356,-0.91352
-0.21349,0.15409,-0.50163
-0.17973,0.061585,-0.60534
-0.56242,-0.36639,-0.98202
-0.67275,-0.29857,-0.73183
-0.0042175,-0.14794,-0.61358
-0.69778,-0.38264,-0.87085
-0.49434,-0.52441,-0.42024
-0.66929,-0.30341,-1.071
-0.54755,-0.56697,-0.53686
-0.052429,-0.044687,-0.60225
-0.6258,-0.29734,-1.1675
0.082209,-0.12587,-0.46848
-0.15411,-0.53771,-0.27323
-0.079817,-0.39666,-0.33008
-0.51742,-0.33232,-0.7702
-0.65135,-0.50744,-0.48272
-0.38303,0.12755,-0.29301
-0.010662,-0.0062462,-0.53179
-0.56725,-0.24031,-0.47909
-0.035235,-0.050186,-0.59379
-0.060857,0.023049,-0.56118
-0.067614,-0.062031,-0.63189
-0.26778,0.061927,-0.62278
-0.67266,-0.57463,-0.7636
-0.11707,0.12779,-0.34299
-0.051848,-0.47438,-0.42728
-0.44933,0.08902,-0.29856
-0.72275,-0.010036,-0.89352
-0.061879,0.13151,-0.33773
-0.28797,-0.069747,-0.14061
-0.47512,-0.1406,-0.67625
-0.64852,-0.29274,-1.0113
-0.42277,-0.2076,-0.18238
-0.67375,-0.59479,-0.7079
-0.67659,-0.46855,-0.86043
-0.58885,-0.3651,-1.0175
-0.40088,-0.23456,-0.7481
-0.52986,-0.015481,-0.33864
-0.32115,-0.48227,-0.35749
-0.53807,-0.008628,-0.351
-0.43435,-0.36423,-0.78638
-0.29437,-0.30215,-0.74842
-0.44437,-0.29527,-0.22284
-0.50858,0.017699,-0.31395
-0.22935,-0.34393,-0.15903
-0.57539,0.0020339,-0.43013
0.0020994,-0.040499,-0.54591
-0.32716,-0.21301,-0.73836
-0.43005,-0.13298,-0.69537
-0.012086,-0.40551,-0.47849
-0.76182,-0.17385,-0.84124
-0.43352,-0.34341,-0.32085
-0.068151,-0.28576,-0.31074
-0.67325,0.042445,-0.89962
-0.26924,-0.3512,-0.74934
-0.66895,-0.45611,-0.8657
-0.0026841,-0.24456,-0.41394
-0.1258,0.043304,-0.58907
-0.42333,-0.019517,-0.66242
-0.34312,-0.22085,-0.1403
-0.045971,-0.34808,-0.38681
-0.20539,-0.4243,-0.71205
-0.31248,-0.29406,-0.75474
-0.79548,-0.48729,-0.64335
-0.029013,-0.14352,-0.26775
-0.32631,-0.63207,-0.59119
-0.14342,-0.1364,-0.73688
-0.69994,-0.49097,-0.52001
-0.274,0.16995,-0.47783
-0.22034,-0.3668,-0.72087
-0.31642,-0.30085,-0.16779
-0.36438,0.15599,-0.52338
-0.45733,-0.19168,-0.7051
-0.39765,0.15428,-0.37798
0.060637,-0.25087,-0.50332
-0.43337,0.14423,-0.4543
-0.095224,-0.46284,-0.55147
-0.47077,-0.51384,-0.78203
-0.54102,-0.2164,-0.62255
-0.61487,-0.23084,-1.1705
-0.43396,0.037172,-0.63893
-0.70293,-0.5238,-0.49983
-0.39547,-0.45948,-0.78217
-0.28928,-0.39609,-0.29837
-0.022065,-0.17592,-0.64888
-0.20589,-0.45818,-0.18902
-0.34173,-0.2154,-0.13802
-0.1953,-0.61915,-0.32082
-0.22778,0.15824,-0.49527
-0.30503,0.10493,-0.23711
-0.56997,-0.40862,-0.51186
-0.50247,0.025017,-0.6042
-0.5135,-0.36036,-0.41059
-0.35396,-0.62885,-0.50891
-0.11008,-0.52271,-0.34659
-0.63617,-0.37704,-1.0209
-0.033624,0.062618,-0.19306
-0.50866,0.097795,-0.43046
-0.46954,-0.50946,-0.78307
-0.32163,0.062544,-0.20236
-0.50845,-0.05876,-0.28794
-0.6641,-0.25468,-0.74927
-0.57847,-0.13865,-0.41096
-0.50648,-0.37917,-0.80378
-0.35802,0.12248,-0.57404
-0.22599,0.13644,-0.26883
-0.6827,-0.33044,-0.97001
-0.10788,-0.24433,-0.69187
-0.70863,-0.59519,-0.52862
-0.12831,-0.52376,-0.47393
-0.63055,-0.60101,-0.51664
-0.10485,-0.58282,-0.5005
-0.69477,-0.52364,-0.49266
-0.4703,-0.50417,-0.78638
-0.55025,0.010912,-0.36914
-0.6924,-0.34982,-0.96693
-0.25863,0.076931,-0.20191
-0.25152,-0.23949,-0.71948
-0.30376,-0.090747,-0.13788
-0.38709,-0.22882,-0.15753
-0.078579,0.10545,-0.34855
-0.055397,0.15019,-0.21571
-0.47704,-0.6332,-0.60208
-0.42076,-0.51772,-0.38083
-0.62624,-0.54238,-0.81173
-0.54539,-0.61712,-0.7218
-0.20074,-0.50755,-0.38727
-0.18998,-0.49045,-0.23562
-0.31967,-0.62859,-0.60024
-0.71063,-0.50676,-0.51541
0.017842,-0.26994,-0.46873
-0.7807,-0.39168,-0.68774
-0.56496,-0.30601,-0.74598
-0.46749,-0.49846,-0.78662
-0.783,-0.47636,-0.73427
-0.17679,0.17012,-0.30411
-0.57335,-0.50077,-0.51879
-0.60704,-0.24705,-1.1211
-0.28618,-0.43878,-0.29753
-0.15883,-0.39756,-0.18188
-0.65261,-0.24777,-1.2196
-0.39617,-0.32847,-0.23025
-0.64571,-0.3391,-0.88386
-0.22008,-0.3337,-0.15026
-0.12142,-0.073756,-0.69115
-0.42421,-0.14021,-0.70024
-0.072885,0.044544,-0.54878
-0.22219,-0.55033,-0.26266
-0.7905,-0.44221,-0.69391
-0.51133,-0.44529,-0.41704
-0.65027,-0.22749,-0.83976
-0.64589,-0.29525,-0.99071
-0.69598,-0.013324,-0.92238
-0.47314,-0.28478,-0.2409
-0.20967,0.074955,-0.5972
-0.12606,-0.58376,-0.38613
-0.56806,-0.37427,-0.98724
-0.29591,-0.19269,-0.72863
-0.61918,-0.34769,-1.062
-0.47418,-0.49801,-0.4014
-0.15957,-0.048752,-0.13138
-0.46986,-0.31828,-0.30869
-0.20747,-0.50803,-0.38156
-0.38403,-0.59752,-0.71457
-0.62089,-0.62173,-0.71302
-0.54067,-0.54574,-0.81191
0.01635,-0.025875,-0.51485
-0.78744,-0.53201,-0.67783
-0.63918,-0.22182,-0.82543
