0.27548,-0.3304,-0.051091
-0.016335,0.17398,0.078284
-0.36219,-0.084514,0.10258
0.076711,0.32093,-0.11922
0.30097,-0.25536,-0.1379
0.44639,-0.13452,0.13611
-0.076484,-0.22031,-0.06702
-0.024576,-0.1713,-0.0074519
-0.17151,-0.20357,0.072259
-0.20554,-0.069385,-0.36584
-0.37136,0.0016863,0.073547
0.096221,0.12549,-0.41263
0.16433,-0.28578,-0.06013
-0.16487,-0.15618,-0.27326
-0.09542,-0.21231,-0.050383
0.55294,0.019219,-0.21
-0.38699,-0.069867,0.084977
-0.33495,0.060019,0.2216
-0.16988,-0.0068356,-0.27621
-0.0056225,0.015453,0.20965
-0.12492,0.194,0.13728
0.5055,-0.095237,-0.10366
0.024515,0.19497,0.50137
0.1703,-0.31247,-0.031631
-0.060116,-0.29166,-0.32625
-0.18803,-0.1303,-0.36141
0.12107,-0.31418,-0.21526
-0.11475,0.081117,-0.37495
0.060687,-0.23311,-0.28998
-0.26798,-0.2778,0.27072
-0.14795,-0.23694,-0.11498
-0.4125,-0.10528,0.27259
-0.24554,-0.0065846,-0.39111
0.36574,-0.15879,-0.10349
-0.355,0.28658,0.39599
-0.19943,-0.061964,-0.37531
-0.02106,-0.22504,-0.094399
-0.36112,0.043497,0.088963
0.32974,-0.27411,-0.12858
-0.17184,-0.045427,-0.21696
0.12946,0.24008,-0.2094
-0.098643,0.16673,-0.36225
-0.18646,-0.034724,-0.34367
-0.20588,-0.17009,0.27176
0.034969,0.31966,-0.050383
0.14127,0.27824,-0.15914
-0.2503,-0.2389,-0.068876
-0.27199,0.27674,0.48038
-0.15112,0.17547,-0.32419
-0.27917,-0.21879,0.20794
0.14445,0.32007,-0.14728
0.086801,0.29108,-0.23088
0.052967,0.1464,0.60627
0.17013,-0.061431,0.23581
-0.020915,-0.11313,0.16123
-0.26589,0.061546,0.36596
-0.041665,0.2718,-0.039799
0.042746,-0.24088,-0.37392
-0.14418,-0.22761,0.03496
0.43479,-0.0045312,-0.3779
-0.093624,-0.25518,-0.16828
0.1796,-0.29687,-0.2823
0.042823,-0.10037,-0.31248
0.21774,-0.051666,0.22601
-0.12445,0.033344,0.14393
0.25551,-0.28464,-0.12386
0.26979,-0.18664,-0.40662
-0.24161,0.29835,0.32986
0.20284,-0.27433,-0.18439
-0.070974,-0.0049893,-0.31995
0.33428,-0.24213,-0.38381
0.030909,0.11645,0.39955
0.012818,-0.178,-0.41547
0.08808,0.29938,-0.28349
0.39186,0.085728,-0.31395
-0.35578,0.06135,-0.17753
-0.31627,0.11371,0.3255
-0.22046,0.016066,-0.23421
0.1048,-0.094919,0.21648
0.14851,-0.23849,-0.41758
0.53805,-0.0073859,-0.23007
-0.29721,0.43225,0.52559
-0.40283,-0.15325,0.36949
0.4233,0.056912,-0.19917
-0.2969,0.17952,0.44171
0.23767,0.29158,-0.061235
0.17367,0.34603,-0.029073
0.010654,0.15223,0.52209
-0.23788,0.081876,0.10104
0.14148,0.31427,-0.12551
-0.23956,-0.23231,0.24258
0.1007,0.26381,-0.18192
0.067566,-0.28732,0.011634
0.35233,0.13792,0.068337
-0.14348,0.13441,-0.13058
-0.29061,0.32658,0.38204
0.084596,-0.27747,-0.19067
0.39944,0.15616,0.10102
-0.18383,0.054146,0.3256
-0.14365,-0.25121,-0.14446
-0.046657,-0.2251,-0.11588
-0.30682,-0.31104,0.24522
0.39207,0.074692,-0.36954
-0.1231,-0.23806,-0.067139
-0.3501,0.065874,0.18554
-0.33059,0.035749,-0.067797
-0.25064,0.0086172,-0.36883
-0.2694,0.094122,0.28603
-0.18384,-0.19361,0.24879
-0.1318,0.060088,0.15913
-0.33848,-0.28278,0.21274
0.26395,-0.16575,0.10914
0.38437,-0.10223,-0.32335
-0.16226,-0.21086,-0.091419
-0.27432,-0.22057,-0.13146
0.31897,-0.29295,-0.23647
-0.24362,-0.27292,0.061214
-0.052698,0.21675,-0.0035051
-0.14745,-0.2162,-0.089842
-0.24155,-0.18176,-0.35896
-0.33746,-0.21207,-0.087153
0.071986,0.13731,0.39264
0.44673,-0.09823,0.05058
0.059774,0.16467,0.56659
-0.29968,0.39557,0.38593
0.27064,-0.31862,-0.16012
-0.44489,-0.11798,0.15229
-0.35914,-0.22416,0.27062
0.27296,-0.16616,0.25208
0.45513,0.014501,-0.10603
0.30587,0.12757,-0.4193
-0.21562,-0.17569,0.2673
-0.29449,-0.101,0.38888
-0.17085,-0.13163,0.2165
0.09901,0.24342,-0.2942
-0.29455,0.34231,0.40616
0.41254,-0.23338,-0.16622
-0.17571,0.078315,-0.23036
-0.23577,0.14527,-0.34685
0.40053,-0.046631,0.13039
0.047648,0.25214,-0.36689
-0.38298,-0.12415,-0.0095249
-0.33,0.093531,0.2932
-0.19673,-0.17956,-0.3469
0.11753,-0.28367,-0.13557
0.090251,-0.16405,0.1427
0.27649,-0.3136,-0.14016
0.31579,0.14481,-0.36711
-0.30074,-0.18611,-0.044186
0.094242,-0.29963,-0.021027
0.064606,-0.21682,0.096703
-0.17336,0.14777,-0.12865
-0.23362,0.14794,0.40665
-0.21615,0.12655,0.3621
-0.21783,0.19434,0.02874
-0.28144,0.38135,0.4157
-0.29067,0.00053348,-0.32105
-0.0827,-0.23024,-0.069621
0.12473,0.26426,0.55725
-0.028352,-0.16042,-0.37898
-0.29775,0.10895,0.090663
-0.37874,0.23439,0.37174
0.34148,0.12769,0.12407
-0.10819,-0.21165,-0.080694
0.3652,-0.18345,-0.23837
0.36865,0.11427,-0.063645
0.36568,-0.2195,-0.15728
-0.34879,-0.017987,-0.11285
-0.2613,0.22343,0.37707
0.19634,0.18447,0.049547
-0.08318,-0.20781,-0.28045
-0.19177,0.046487,-0.3016
-0.39234,-0.030687,0.11646
0.066941,0.15739,0.37262
-0.21088,0.14269,0.21632
-0.10531,0.07467,0.3152
0.072381,-0.21312,-0.27171
-0.18838,0.17594,-0.088509
0.32512,-0.19396,0.14398
-0.057868,0.14482,-0.15798
0.2846,-0.24746,-0.26743
0.10813,0.27074,-0.03073
0.28426,-0.08763,-0.36678
-0.37537,-0.0059068,0.053541
-0.25813,-0.15967,-0.00085601
0.41659,0.062254,0.13246
-0.086578,-0.19176,-0.19782
0.31686,0.21465,-0.29033
-0.080905,-0.21145,0.028358
-0.40867,-0.14386,0.2186
-0.16615,0.13694,0.39567
0.12882,0.22103,-0.0024464
-0.10617,0.019158,0.38598
0.0722,0.17833,0.51943
0.30238,-0.30526,-0.092766
-0.3122,0.094301,0.21211
-0.33058,0.090169,0.40231
0.0090703,0.086544,-0.26217
-0.24319,0.094685,0.17206
-0.17815,0.093641,-0.27069
0.3542,-0.18873,-0.13549
0.52547,-0.07894,-0.1935
-0.16055,-0.2254,-0.3864
-0.33326,0.19316,0.42023
-0.29539,0.27753,0.49507
0.080398,-0.30071,-0.054789
-0.11275,-0.0057636,0.30176
-0.32723,0.049662,-0.0082356
0.14629,0.27131,-0.30023
0.027175,0.16736,0.14926
-0.19192,-0.15146,0.20078
-0.22466,-0.16709,0.3348
-0.027165,0.13151,-0.21473
-0.37972,-0.090876,0.11577
-0.20167,-0.1825,-0.31374
0.33168,0.21923,-0.17088
-0.20008,-0.082707,-0.36393
-0.22213,0.28396,0.39837
0.12914,0.23365,-0.22723
-0.28766,-0.19719,0.06634
-0.13465,-0.091108,0.24416
0.031921,0.11977,-0.40256
-0.26592,0.050446,0.43371
0.072474,0.22659,-0.38699
0.22182,0.24054,0.055822
-0.37918,0.061025,-0.072248
-0.15808,-0.0042443,0.25439
0.0029994,0.24981,-0.34194
0.11856,-0.10495,0.14607
0.0011087,0.073404,-0.39969
-0.066693,0.15749,0.14268
0.44574,0.021758,0.00345
0.42854,0.13878,0.078651
-0.32999,0.053726,-0.10298
0.20054,-0.3231,-0.15224
0.42781,0.1134,0.037719
0.46482,0.020994,0.04347
0.31678,-0.22155,-0.11905
-0.038439,0.30521,-0.14172
-0.27355,0.077377,0.39441
0.53988,0.033011,-0.22729
-0.059734,0.19551,0.12217
0.060683,-0.30668,-0.32041
-0.25316,0.28961,0.33702
-0.10517,0.18765,0.05401
0.24328,0.26879,-0.26957
-0.40363,-0.18252,0.041264
0.48037,0.04352,-0.16117
-0.28052,0.11149,-0.18571
-0.032972,0.15351,-0.30179
-0.191,-0.24276,-0.079099
0.41447,-0.21874,-0.12001
-0.42725,-0.064715,0.13524
0.062421,-0.0068127,0.21971
-0.21152,0.065141,0.23574
0.052222,0.055639,0.12982
0.3157,-0.18217,-0.16229
0.1311,0.084334,-0.39481
0.1478,0.19318,0.47597
0.0027571,0.2028,-0.31991
0.0091749,-0.07192,0.15815
0.29754,-0.25249,-0.11075
-0.049372,0.088452,-0.21697
-0.1178,-0.2087,0.019429
-0.093919,0.036069,0.30429
0.20142,0.28462,-0.040414
0.34317,-0.1661,0.080039
-0.072839,-0.18305,-0.34121
-0.27723,0.41979,0.57671
0.11248,0.19743,0.57478
-0.1243,-0.14589,-0.14804
-0.26427,0.38034,0.46788
-0.15512,-0.09543,-0.43955
0.46416,-0.072953,-0.18376
0.032546,-0.1924,-0.40698
0.27123,0.29162,-0.023796
0.037501,0.12745,0.36592
0.36599,-0.16257,-0.26861
-0.21422,0.068365,0.26957
0.027111,0.088752,0.15315
-0.18317,0.065633,0.38555
-0.17114,0.050093,0.30887
-0.061029,-0.20922,0.0064544
-0.22909,0.068718,0.23477
0.18381,0.15996,0.15167
0.23634,0.016464,-0.41069
-0.39202,-0.032913,-0.075236
0.29151,0.21352,-0.29493
-0.057339,-0.019684,0.25319
-0.14946,-0.17401,0.3503
-0.38799,-0.036079,0.089518
-0.33877,-0.022341,-0.16917
0.36556,0.19237,0.0028342
-0.035056,0.27872,-0.11747
-0.050964,-0.18036,-0.10787
0.13498,0.28268,-0.036886
-0.14986,0.12141,-0.24469
-0.25445,0.37538,0.44367
0.16412,0.26373,-0.02338
-0.26638,-0.22532,0.094189
-0.067811,0.051744,0.31127
-0.17805,0.14154,-0.16127
0.26597,-0.26483,-0.16397
0.22569,-0.27582,-0.055461
0.032841,-0.25777,-0.39627
0.41695,-0.19823,-0.014202
-0.11018,0.1871,0.056177
0.087637,0.20824,-0.29762
-0.14744,-0.17342,0.095096
-0.11921,0.10578,0.45535
-0.35027,0.33831,0.46737
-0.13074,0.17762,-0.1386
0.33482,-0.23205,-0.23482
-0.12241,-0.073975,-0.36989
0.50058,0.047453,-0.25633
-0.11724,-0.099671,-0.25167
0.27581,-0.14902,0.22148
0.54058,-0.027921,-0.12996
-0.0013481,0.073434,0.21123
0.3349,-0.16133,-0.36347
-0.40221,0.022185,-0.064728
0.5133,-0.0021991,-0.10759
0.36227,-0.29392,-0.25535
0.25903,0.021485,0.21445
-0.15282,0.064711,-0.29008
-0.20863,-0.066965,-0.18608
0.003602,-0.035239,0.22964
0.28759,-0.059354,0.17826
-0.049957,-0.18585,-0.14365
-0.3231,0.36599,0.5107
-0.43668,-0.034918,0.17253
-0.18669,-0.075357,0.38378
0.43322,0.083446,0.075131
0.32566,0.0081144,0.23703
-0.33771,0.014618,-0.063753
-0.047278,0.18138,-0.30226
-0.02719,0.12898,-0.21347
0.17263,0.037923,-0.34091
-0.034563,0.05027,0.21692
-0.28253,0.010225,0.41977
0.4669,-0.006223,-0.12091
0.079235,-0.21269,-0.37211
-0.052563,0.1612,-0.35042
-0.15417,-0.13516,0.19504
0.29155,0.20757,-0.20432
0.25748,0.17855,0.00066799
-0.29225,-0.15433,0.23686
-0.16298,0.095775,0.24461
-0.29719,-0.25695,0.25638
-0.24114,-0.037437,-0.35524
0.054928,0.18227,0.038765
0.030158,0.19638,0.40008
-0.34481,0.0011656,0.10236
0.5659,-0.095092,-0.22777
0.32604,-0.24911,-0.038827
-0.095194,-0.052798,0.14826
-0.16024,-0.013994,0.34487
-0.31999,-0.16043,0.27878
-0.20786,0.30555,0.47818
-0.21272,0.45602,0.49507
-0.39145,-0.13427,0.078672
0.25767,-0.17254,-0.44008
-0.041944,-0.21917,-0.37958
-0.058927,0.02429,-0.43271
-0.29851,-0.17145,-0.07712
0.036911,0.1257,0.21838
0.1632,-0.32626,-0.27645
0.30211,0.0093839,0.22523
-0.16168,-0.13332,-0.32529
-0.40968,-0.031502,0.33189
-0.019693,0.2598,-0.17179
0.091128,-0.25723,-0.079402
-0.18273,-0.22295,0.25436
0.025095,0.1962,-0.37738
0.18749,-0.13207,-0.27487
0.30172,-0.27215,-0.043836
0.089705,-0.25397,-0.37615
-0.17856,0.010413,-0.22561
-0.28269,0.20003,0.43691
-0.13706,-0.21156,-0.0052026
-0.28604,0.28055,0.40382
0.026332,-0.23449,-0.26101
-0.31873,0.087853,-0.092892
-0.1433,-0.13873,-0.31515
-0.27883,0.11769,-0.3889
0.16179,-0.039663,-0.38886
0.41363,0.040635,0.14645
0.16951,-0.19637,0.0011031
0.11879,0.16755,0.45911
-0.15783,0.051589,0.28906
0.14634,-0.29496,-0.03125
0.23587,0.28263,-0.20684
-0.2471,0.10919,0.3108
0.014597,-0.18096,-0.22197
-0.22147,0.023335,-0.23299
-0.28498,-0.24173,0.043221
-0.17108,0.098821,-0.38917
0.4875,0.067239,-0.044808
-0.24243,0.27322,0.34353
-0.40493,-0.049368,0.28916
0.26934,-0.14025,-0.36888
-0.14944,-0.14687,0.21784
-0.11998,0.010549,-0.27222
0.1243,0.17894,0.089531
0.012441,-0.17802,-0.31688
0.0026028,0.25707,-0.071418
0.39327,-0.23237,-0.091755
0.056183,-0.22648,0.033359
0.42487,-0.14614,-0.29945
-0.38718,0.061141,0.12788
0.33758,-0.089519,0.20475
-0.037741,0.19082,0.51534
-0.17586,0.0059206,0.34333
-0.28362,0.30792,0.31296
-0.1452,0.14101,0.18216
0.008077,-0.19451,-0.17846
0.24974,-0.20545,-0.053104
-0.24062,-0.047636,-0.32367
0.17522,0.195,-0.31988
-0.0090305,0.065252,0.39157
0.29488,0.21864,-0.36056
-0.22217,0.07634,0.38198
0.11868,0.081621,0.15149
0.10005,-0.15106,0.16474
-0.1327,0.18299,0.12195
-0.10192,-0.0020283,0.2837
-0.18987,-0.20594,-0.35634
-0.22053,0.12274,0.021018
-0.17899,0.0099352,0.27459
-0.29461,0.11215,-0.16058
0.053667,0.097119,0.38955
-0.21816,-0.16765,0.062233
0.20618,0.31278,-0.13945
-0.38607,0.026704,0.15254
-0.2888,-0.017049,0.43174
0.0013299,-0.26005,-0.29871
0.17279,0.23577,-0.35235
-0.1767,-0.20381,-0.16786
-0.17592,-0.23189,-0.054147
-0.35638,-0.22892,0.26562
0.27945,0.20016,-0.30574
0.35001,-0.30408,-0.20313
0.14174,0.32331,-0.1762
-0.10529,-0.10755,0.15171
-0.15259,0.087172,0.45607
0.22206,-0.27969,0.02377
0.15348,-0.079966,0.15425
-0.019348,0.15691,0.46815
0.12655,-0.28518,-0.074472
-0.10953,0.024198,0.43721
-0.40111,-0.004633,-0.045884
0.18324,-0.23712,0.054825
0.043925,-0.21577,-0.0062901
0.10271,0.14599,0.58364
-0.33184,0.10518,-0.084039
0.46886,-0.12084,-0.3408
0.27914,-0.035873,0.204
-0.063244,0.17678,-0.14603
-0.31852,0.075069,0.22417
-0.0084377,0.010603,0.41628
0.17062,0.29806,-0.12875
-0.13671,0.15829,0.0081791
-0.10174,0.065091,-0.38437
0.17826,0.30998,-0.19431
-0.087391,0.014561,-0.39308
0.25408,0.22717,-0.032542
0.063042,0.14384,0.11083
-0.12587,0.17594,0.0014352
0.18633,-0.31777,-0.23302
-0.40544,-0.24564,0.19834
-0.30613,-0.043868,0.35519
0.51045,-0.054878,-0.27977
-0.254,0.23502,0.4179
-0.37741,-0.01529,0.20263
0.0064185,0.14181,0.43282
0.17786,-0.067542,-0.35767
-0.19157,-0.13222,-0.30581
0.20757,-0.23011,0.16271
-0.32979,-0.036196,-0.10719
-0.16087,-0.22519,-0.15023
-0.25739,0.12785,0.12258
-0.0087051,-0.12245,-0.35052
0.11564,-0.30503,-0.17452
-0.23081,0.31889,0.41066
-0.18162,-0.24512,-0.37652
0.27057,-0.13705,0.079393
0.40602,0.12652,-0.24329
-0.23576,0.064659,0.3165
0.097678,0.27776,-0.20615
-0.01888,0.20189,-0.20755
0.51976,-0.15176,-0.20582
-0.20877,0.074969,0.31941
0.087107,-0.15883,-0.37541
0.3113,-0.2231,0.24719
-0.3678,-0.091443,-0.051547
0.10634,-0.090938,0.20376
-0.029072,0.0333,0.16166
-0.12164,-0.13058,0.18593
-0.32618,0.090953,-0.05941
-0.37775,-0.27937,0.17785
-0.022047,0.20951,-0.35166
-0.27311,0.15665,0.29685
0.25074,-0.25996,-0.10466
0.068425,0.27945,-0.16201
0.25283,0.22079,-0.34139
-0.029383,0.11955,-0.22091
-0.30852,0.10215,0.13687
0.15878,-0.28342,-0.13794
0.37086,-0.24967,-0.025039
-0.027931,-0.10204,0.14669
-0.14295,0.25525,-0.0063222
-0.018011,0.16012,-0.1965
0.16811,0.28538,-0.22034
-0.00056934,0.31663,-0.26695
-0.043712,0.14912,-0.38568
-0.40741,-0.15466,0.16853
-0.18442,-0.22865,-0.13028
-0.12655,-0.21135,-0.072785
-0.12983,0.005593,0.32041
-0.030213,0.31608,-0.19104
-0.26794,0.089902,0.37073
-0.1486,-0.2273,-0.41988
0.19864,-0.2816,-0.24307
0.47227,-0.080877,-0.31873
-0.27398,-0.18141,0.012593
0.56845,0.00979,-0.18526
-0.11629,-0.2204,-0.10213
0.22658,0.066726,-0.3666
0.50458,0.091163,-0.22481
-0.0068268,0.19925,0.030306
0.13451,-0.28683,-0.22361
0.39436,-0.31784,-0.15194
0.35202,-0.23845,-0.042441
-0.15926,-0.0071928,-0.26771
-0.19013,0.10273,-0.24593
0.43695,-0.17793,0.085422
-0.030827,0.22894,-0.19673
-0.3314,-0.006483,0.28686
0.086568,0.29923,-0.10188
0.3043,0.11773,-0.44748
0.23324,-0.23281,-0.3438
-0.20267,0.39854,0.54494
0.41818,0.15093,0.034043
0.43859,0.1691,-0.2097
0.057035,0.3158,0.53084
0.36832,0.10207,0.11983
-0.34076,0.043269,0.18559
-0.4109,-0.12712,-0.080598
-0.20194,-0.22811,-0.023513
-0.17119,0.00047213,0.40445
0.45023,0.035935,-0.17794
0.42032,0.10219,-0.34655
0.55892,0.058274,-0.21698
-0.3348,0.31238,0.50169
0.4759,0.031361,0.073033
0.035787,0.13903,0.54452
0.42977,-0.087318,-0.13431
0.18635,-0.22413,0.059817
-0.18812,-0.020868,0.40823
-0.29449,0.16965,-0.11442
-0.3976,0.051058,-0.11268
-0.37055,-0.1011,0.0036323
-0.28685,-0.26464,0.082408
-0.0057815,0.060034,-0.3657
-0.013023,0.21091,-0.11241
0.40407,-0.15642,-0.046959
-0.23351,0.073263,-0.24813
-0.031674,-0.15169,-0.3548
0.42219,0.075616,-0.26229
-0.32847,0.043952,0.32523
-0.22381,0.20651,0.3633
0.23287,0.10184,0.17219
-0.22179,0.15309,0.29494
0.18876,0.14103,0.19438
-0.0073689,-0.20884,-0.32099
0.34365,0.115,-0.31761
-0.36165,-0.13511,0.30695
0.16887,0.25181,-0.15059
0.49149,-0.049962,-0.35736
-0.19303,0.27237,0.32559
0.23311,0.012008,0.22953
-0.25119,-0.25473,-0.048259
-0.031543,0.16885,-0.41524
-0.41658,-0.19764,0.2295
0.22899,-0.22906,-0.38956
-0.0018194,0.27222,-0.040822
-0.22716,-0.26262,0.0034734
-0.0037213,0.16688,0.52622
0.23366,0.29569,-0.010148
-0.032419,0.13386,-0.33375
0.39832,0.21025,-0.16985
0.32866,0.22559,-0.26883
-0.25111,0.36549,0.38399
-0.27325,0.39647,0.3106
-0.25442,0.060236,-0.18632
0.098231,0.1826,0.43599
-0.37374,0.033328,-0.080675
0.22266,-0.25684,-0.11353
0.17934,0.12991,0.15732
0.43157,0.044687,-0.0095373
-0.09102,0.11017,-0.4145
-0.26132,-0.26879,0.1586
-0.33275,0.17485,0.37513
-0.058922,-0.24845,-0.16726
-0.097512,0.17823,0.073884
0.16128,0.2601,-0.047583
-0.31923,-0.10562,0.038452
-0.096461,0.095958,0.4853
0.41996,0.078023,-0.023183
-0.22554,-0.16891,0.064381
-0.34384,0.051187,0.19853
0.35473,0.19093,0.018823
-0.051063,-0.24505,-0.28201
-0.094257,-0.17854,0.14111
-0.34719,-0.18716,0.38594
0.30855,0.20793,-0.34353
-0.17449,0.13972,0.30426
-0.34682,0.091868,0.097246
-0.24329,0.23743,0.27336
0.035917,0.33369,-0.10767
0.067325,-0.22278,-0.30797
-0.32372,0.075107,0.35231
-0.011179,0.18477,-0.069758
0.018449,0.1149,0.53111
0.045929,-0.2202,-0.34411
-0.042616,0.1861,-0.19819
-0.12985,-0.23093,-0.25764
0.11645,0.25085,-0.30325
-0.13731,0.15772,0.40363
0.089343,0.17031,0.37378
-0.14248,-0.0073083,-0.22164
0.083918,0.20888,-0.41826
0.23355,0.072041,0.22316
0.37252,-0.083824,0.16106
-0.29626,-0.029566,-0.13415
-0.21152,-0.16682,0.2676
-0.13396,-0.12438,0.21889
0.40734,-0.21942,-0.015311
-0.20932,0.20228,-0.0083216
-0.204,0.18148,-0.08876
-0.025469,0.092109,-0.29406
-0.25117,-0.27676,-0.089879
-0.12959,0.06693,0.2757
-0.0052521,0.16487,-0.43121
-0.13104,0.15229,-0.15696
-0.1681,-0.1981,-0.21283
-0.067895,0.19634,-0.051179
-0.18835,0.070437,0.15587
-0.28263,0.16741,0.35196
-0.27647,0.14169,0.42957
-0.32574,-0.12401,0.39656
-0.36791,-0.18136,0.12026
0.24118,-0.20353,0.19328
-0.24992,-0.16844,-0.42542
-0.21623,-0.2136,-0.17952
0.28671,-0.24827,-0.4083
0.31689,-0.13781,-0.3841
-0.2598,-0.1161,0.39948
0.11239,0.22063,0.0028728
0.36888,0.13216,0.019798
0.41757,-0.058147,0.052927
0.29197,-0.269,-0.2816
-0.1471,-0.14038,-0.31388
-0.14736,-0.21558,-0.064492
-0.21247,-0.01112,-0.2487
0.33898,-0.21388,0.14522
-0.13078,0.045596,0.19011
-0.11205,0.13378,-0.33434
0.21765,0.23986,-0.15611
0.26685,-0.15533,-0.43556
-0.39168,-0.024638,0.32368
-0.23673,-0.17251,0.34339
0.40067,-0.21054,-0.20737
-0.30872,-0.16479,-0.015098
-0.23531,-0.23608,0.16433
-0.10933,0.20154,0.030216
-0.30591,0.08068,0.29794
0.032671,0.11718,0.43796
0.19197,0.27109,-0.28405
0.25482,-0.27214,-0.24338
0.074117,-0.17223,-0.32545
0.25185,0.12637,-0.35844
-0.038724,0.050898,-0.34927
-0.01597,0.066573,-0.43036
0.1752,0.099882,-0.38783
-0.27587,0.10293,-0.20375
-0.27907,-0.12377,-0.16318
-0.24877,-0.22012,0.17331
0.40337,0.11222,-0.12012
-0.34172,0.11631,0.39875
-0.25405,0.091204,0.35474
0.31748,-0.14659,-0.37485
0.26348,0.24935,-0.29248
0.31444,-0.18243,-0.29459
0.2184,0.27507,-0.18358
0.14483,-0.17177,0.1819
-0.15836,-0.037669,0.14307
-0.014878,-0.19258,-0.43487
0.081208,0.15753,0.52526
0.15003,0.3145,-0.041255
0.25151,-0.21043,-0.38671
-0.27931,0.35821,0.36968
0.010785,0.23264,-0.020729
-0.32555,-0.30631,0.276
0.16931,0.096227,-0.36243
-0.010848,-0.21343,-0.15821
-0.19206,0.062346,-0.21418
-0.30212,-0.27934,0.26476
-0.29256,-0.05923,-0.3727
0.39968,0.11314,-0.29842
0.10588,0.23459,-0.27856
0.019468,-0.23248,0.037712
0.050059,0.2415,-0.026
-0.29363,-0.029818,-0.17651
0.22715,-0.16692,0.13987
-0.3394,-0.21802,0.15536
0.21017,-0.27078,-0.0059122
-0.024073,-0.15164,0.11294
-0.2184,0.26736,0.40737
0.32301,-0.055936,0.21522
0.25431,0.29159,-0.2921
0.22346,-0.067086,-0.42014
0.22852,-0.24101,-0.12708
-0.22015,-0.10809,-0.20227
-0.236,-0.23764,0.27888
-0.0043938,-0.15498,0.12235
0.12117,-0.029431,0.2321
-0.32997,-0.031032,-0.11228
0.21299,0.29406,-0.1439
-0.0023607,0.13145,0.61153
0.074358,0.21275,0.55845
0.0085622,-0.19249,-0.3351
-0.031007,0.2171,-0.25785
-0.24244,0.199,0.41307
0.27949,-0.29755,-0.17132
0.0082191,-0.26408,-0.42138
-0.22134,0.35161,0.37799
-0.40287,-0.24071,0.11079
-0.27315,-0.1751,-0.12975
-0.095177,-0.20875,-0.16292
-0.01271,0.10144,0.5885
-0.34294,-0.19211,0.032291
0.28251,-0.20364,0.22586
0.053164,-0.26447,-0.43383
0.50051,0.022345,0.0093377
0.49143,-0.023665,-0.12265
-0.35023,-0.031212,0.14098
0.10877,0.28684,-0.061496
0.19472,0.22908,-0.37635
-0.2236,-0.26269,0.011619
-0.074234,-0.24585,-0.017113
0.49017,0.13681,-0.12279
0.17405,0.2867,-0.15293
0.49796,-0.024432,-0.20812
0.27537,0.18711,0.029536
-0.40123,-0.18221,0.17086
0.49143,-0.067875,-0.3697
-0.256,-0.20829,0.13563
0.26918,-0.25186,-0.19953
0.15042,-0.17707,0.085648
0.38053,-0.098817,-0.36334
-0.078317,-0.22104,-0.26804
-0.0040669,-0.20435,-0.44256
-0.35525,0.094479,-0.1323
-0.21661,0.16499,0.070774
0.15918,0.23384,-0.36338
-0.16257,-0.20446,-0.22807
0.054866,-0.15375,-0.37958
0.078109,-0.071164,0.1681
-0.38886,-0.23322,0.2615
0.094617,0.20738,0.54264
0.19763,0.25834,-0.12037
-0.2693,-0.14163,0.41195
0.065713,-0.23814,-0.20083
-0.25641,-0.23345,0.23009
0.19008,-0.31821,-0.21288
-0.018851,-0.19127,-0.21731
-0.27802,0.25217,0.29631
-0.0424,-0.16913,-0.17823
-0.26072,-0.15768,0.33869
0.26737,0.068902,-0.36269
0.19778,-0.12209,0.2522
-0.39859,-0.10522,0.13566
-0.33712,0.022387,0.063559
-0.19135,-0.032589,-0.27575
-0.0032295,0.11484,0.20951
0.081178,-0.32005,-0.2812
-0.14423,0.041702,0.30583
-0.23969,0.077984,0.15154
-0.29575,-0.2789,0.25065
0.34892,-0.18763,-0.24701
-0.16114,0.11336,-0.40977
-0.38006,-0.090346,0.02605
0.16145,0.14838,0.10714
-0.25149,-0.08807,-0.39774
0.37821,0.22732,-0.19303
0.48869,-0.023544,-0.0063943
-0.3933,-0.07667,-0.017973
0.14219,-0.27445,-0.29998
-0.2195,-0.11132,0.33276
-0.15834,0.052192,0.25438
-0.18789,0.019038,0.2365
-0.15351,0.1561,-0.07703
-0.1511,0.11551,0.18168
-0.020437,0.2168,-0.33035
0.43219,-0.14844,-0.26271
-0.27168,0.042761,-0.19958
0.39501,-0.1712,-0.1494
0.1864,0.24814,-0.31879
0.23075,-0.21742,-0.29241
0.24271,-0.050997,0.19239
-0.33315,-0.080992,-0.088181
-0.21857,-0.15635,-0.15249
0.20911,-0.28345,-0.12
0.43991,-0.1738,-0.21501
-0.24456,0.17623,0.047284
-0.026226,0.25454,-0.2013
0.16882,-0.3181,-0.072109
-0.26496,0.18726,0.45942
-0.28243,0.1844,0.47039
-0.02128,0.10974,0.39738
-0.248,0.27496,0.32875
-0.23195,0.45559,0.46211
-0.22067,-0.01802,-0.39418
-0.38521,-0.12501,0.22857
-0.28271,0.2161,0.49255
0.017743,-0.12515,0.12518
-0.12321,-0.22254,-0.16838
-0.26826,-0.22832,0.24142
0.020362,-0.2264,-0.3213
0.0049674,0.16479,0.56633
0.40565,0.091309,-0.022713
0.30168,0.24438,-0.039108
-0.24546,0.19511,0.29319
-0.075921,0.0040038,0.33007
0.092879,0.22379,-0.27123
-0.29836,0.08329,0.40026
-0.22787,-0.22859,-0.024227
-0.26577,0.26936,0.47714
-0.30709,-0.18262,0.11577
0.24969,0.22455,-0.22706
-0.25776,0.37628,0.50535
0.1634,0.15764,-0.37354
-0.18648,-0.22688,-0.38709
-0.01328,-0.035574,-0.37761
-0.13391,0.10587,0.13826
-0.27012,-0.308,0.080458
0.4262,-0.11019,-0.02234
0.27918,0.25927,-0.20673
0.04455,-0.1844,0.11165
0.22548,0.1818,-0.21978
0.25964,0.23815,-0.19237
0.19451,0.31838,-0.2319
0.24316,0.22316,0.067294
-0.33347,-0.080886,0.19831
0.49804,0.068666,-0.22953
-0.14022,-0.0077818,-0.41017
0.39527,-0.12026,0.033476
0.093257,0.18721,0.48832
0.44853,0.14623,-0.22067
0.35086,-0.23623,-0.18747
0.061677,0.1039,0.20486
-0.20001,0.24296,0.38317
0.1693,-0.27758,-0.12358
-0.3846,-0.12845,0.21669
-0.32569,0.058971,0.3079
-0.29675,0.28018,0.41736
-0.049719,0.15852,0.11437
0.23182,-0.21532,0.085369
-0.13325,-0.20819,-0.19627
0.27451,-0.17039,0.13968
-0.17082,0.1094,0.15046
-0.1385,0.17037,0.053869
0.080401,-0.3102,-0.13295
0.35888,-0.20888,0.074203
0.090457,-0.33968,-0.30071
0.28549,-0.13449,0.18414
0.2629,0.23767,-0.23671
0.012492,0.19834,-0.014833
0.062383,0.14471,0.11823
-0.077608,0.069648,-0.41237
-0.041846,0.059734,0.50302
0.005893,-0.25524,-0.085877
0.10899,-0.080386,-0.34103
0.15331,0.25413,0.44487
-0.1872,0.18568,-0.02669
-0.34049,0.10005,0.37994
0.11738,0.080329,-0.45035
0.25653,0.24783,-0.11771
0.17175,0.14907,0.13383
0.14711,-0.25146,-0.22757
0.060432,-0.033616,-0.39063
-0.15963,0.14204,-0.16899
-0.11296,0.22781,0.015465
-0.27081,-0.19641,0.35687
0.28216,-0.053983,-0.37314
-0.40675,0.058755,-0.18123
0.059529,0.27603,-0.064489
-0.23766,-0.25832,0.21012
0.43091,0.041933,-0.0022484
-0.17159,0.20862,-0.06264
0.092768,-0.29349,-0.18392
0.34328,0.075672,0.0083907
-0.014859,0.11561,0.1119
0.3985,-0.07325,0.055563
0.10492,0.20445,-0.42374
0.39239,-0.059333,0.1027
-0.16502,0.082823,-0.29526
-0.32928,0.0591,0.14056
-0.00069752,-0.046459,0.2449
-0.28189,0.44414,0.49701
0.20821,0.13115,0.20122
-0.30772,-0.2534,0.16663
-0.29301,0.12191,0.078593
-0.019755,-0.21824,-0.24612
0.10293,0.30567,-0.23702
-0.062429,-0.26383,-0.38833
0.14919,-0.287,-0.23511
-0.1898,-0.1738,-0.3351
0.42196,0.16604,-0.10307
0.4258,-0.076653,-0.062218
-0.11316,-0.15514,0.11667
0.17602,0.075183,0.13261
-0.092422,-0.14441,0.016838
-0.32573,-0.17611,-0.13976
-0.11032,-0.11455,-0.41174
-0.30327,0.1929,0.39216
0.42849,-0.022755,-0.33029
0.378,-0.091117,0.14035
-0.33352,0.036674,0.16215
0.40546,-0.18806,-0.10437
0.3042,-0.2445,0.068859
-0.084117,0.046326,0.34951
0.13529,-0.24073,0.13234
-0.19117,0.12257,0.19595
0.40444,0.13726,0.13818
0.52532,-0.066719,-0.16752
-0.22832,0.16846,0.45616
0.010863,0.27547,-0.17911
-0.33396,-0.23051,0.18107
-0.16002,-0.04783,-0.30358
-0.32959,-0.25548,0.047762
-0.26113,0.00064313,-0.35096
-0.2477,-0.2688,0.18741
-0.29817,0.094782,0.12709
0.31425,-0.20537,0.16359
-0.27417,0.12105,0.42126
0.42674,-0.1475,-0.1743
-0.11416,0.2392,0.035542
0.3337,-0.26378,-0.17432
0.14599,-0.34685,-0.16083
0.42887,0.1161,-0.25791
0.5352,-0.00051176,-0.36124
-0.36061,-0.12982,-0.022363
-0.17132,-0.28632,-0.088495
-0.33467,-0.0029119,0.24514
-0.48459,-0.069627,0.08276
-0.16478,-0.13545,-0.28203
-0.068487,-0.20259,-0.39867
-0.37488,0.0045518,-0.10142
-0.27377,-0.29707,0.22788
0.033233,0.19187,-0.2984
-0.24768,-0.10019,0.37461
-0.082809,0.067601,0.27144
-0.32054,0.10935,0.12662
-0.30467,-0.11182,0.44584
0.55341,0.024552,-0.22828
-0.18127,-0.19606,0.10149
-0.21608,0.36648,0.45175
-0.075293,-0.1986,-0.24958
0.069114,-0.23432,-0.34821
-0.26063,0.39736,0.52423
-0.015414,-0.33359,-0.13545
-0.23267,0.13395,0.38898
0.082991,-0.3107,-0.33507
0.12018,0.26436,-0.066141
0.079564,0.11188,0.13851
0.32484,0.22425,-0.14696
-0.14167,-0.27259,-0.34448
-0.31068,-0.1379,0.34932
-0.097508,-0.2369,-0.040026
-0.11627,0.16302,0.3769
-0.19255,0.14407,0.41529
0.06688,0.22141,0.51175
0.076883,-0.25985,-0.050703
0.31664,0.16305,-0.067173
-0.23537,-0.083375,-0.32956
-0.31718,0.20676,0.35494
-0.014947,0.20668,0.074281
-0.33044,0.23663,0.4287
-0.16731,-0.25184,-0.065546
0.34238,-0.18737,-0.27605
0.035929,-0.2312,-0.022356
-0.15642,-0.10045,-0.30763
-0.37039,0.0063262,-0.036028
-0.44206,-0.058838,0.21243
-0.36595,0.08584,0.14088
0.2854,0.27485,-0.29034
-0.36504,-0.2046,0.28937
-0.1164,0.11766,0.33921
