0.22496,-0.30638,-0.074269
-0.0086167,0.11249,0.15211
-0.39593,-0.064974,0.1035
0.084193,0.30133,-0.13864
0.27818,-0.2858,-0.16209
0.39036,-0.11879,0.10816
-0.038933,-0.21972,-0.083787
-0.022571,-0.22931,-0.031045
-0.11583,-0.1984,0.073284
-0.21629,-0.056037,-0.38733
-0.37099,-0.0043116,0.082445
0.10572,0.0861,-0.37237
0.17141,-0.31161,-0.10908
-0.13957,-0.15914,-0.26456
-0.12889,-0.23067,-0.0057551
0.52358,0.026514,-0.17014
-0.38843,-0.11454,0.11382
-0.34448,0.077602,0.22459
-0.16284,-0.021069,-0.26188
0.0045812,-0.038296,0.18385
-0.12071,0.14771,0.13402
0.46583,-0.10704,-0.12057
0.012986,0.15389,0.42512
0.25412,-0.28057,-0.025237
-0.027369,-0.2696,-0.36157
-0.22375,-0.11757,-0.35055
0.11701,-0.30192,-0.22024
-0.083678,0.076015,-0.3855
0.045416,-0.23782,-0.26695
-0.28157,-0.23776,0.29605
-0.19084,-0.22099,-0.12597
-0.40222,-0.10342,0.32092
-0.27673,0.019386,-0.36936
0.37137,-0.23135,-0.11695
-0.31061,0.27235,0.43217
-0.21263,-0.10561,-0.35085
-0.047362,-0.21784,-0.1164
-0.33463,0.068026,0.086761
0.32801,-0.26028,-0.13593
-0.18129,-0.012302,-0.25236
0.11909,0.28943,-0.18395
-0.060915,0.16784,-0.38835
-0.1708,-0.049328,-0.33435
-0.20735,-0.17465,0.29112
0.049557,0.27775,-0.029596
0.16054,0.27838,-0.19176
-0.26556,-0.20869,-0.093178
-0.2392,0.31987,0.47139
-0.13802,0.11943,-0.34401
-0.26358,-0.2492,0.25313
0.12637,0.29724,-0.13263
0.091948,0.28694,-0.22501
0.075367,0.2033,0.57522
0.21281,-0.042464,0.22266
-0.087614,-0.12324,0.15692
-0.31219,0.095812,0.34097
-0.010585,0.21719,-0.03257
0.047796,-0.23688,-0.38797
-0.18417,-0.21909,0.024374
0.42943,-0.043005,-0.3749
-0.083516,-0.20983,-0.1981
0.19305,-0.28933,-0.28788
0.017785,-0.20097,-0.28448
0.23603,-0.068398,0.21857
-0.11105,0.082469,0.19739
0.28206,-0.2855,-0.1044
0.29431,-0.13816,-0.38762
-0.24755,0.27312,0.3361
0.21809,-0.30627,-0.15269
-0.01337,0.013055,-0.38125
0.32894,-0.20472,-0.34645
0.031694,0.09906,0.42704
0.0010221,-0.15631,-0.37435
0.08138,0.27291,-0.25918
0.4256,0.090963,-0.31728
-0.32363,0.029971,-0.16047
-0.31046,0.086013,0.30518
-0.2379,0.050037,-0.22287
0.092832,-0.074681,0.20356
0.18004,-0.22172,-0.38833
0.53574,0.045793,-0.27416
-0.26049,0.42749,0.52147
-0.34045,-0.16194,0.34573
0.46624,0.050715,-0.18629
-0.31818,0.23888,0.44366
0.25725,0.25333,-0.051643
0.15493,0.28961,-0.061215
0.0024114,0.15234,0.53022
-0.2615,0.12911,0.079779
0.18616,0.2789,-0.15794
-0.22753,-0.19614,0.26313
0.11308,0.29236,-0.17824
0.023797,-0.26,-0.036855
0.3627,0.12987,0.083675
-0.11597,0.16847,-0.13768
-0.26994,0.35639,0.36132
0.06661,-0.27393,-0.21891
0.34317,0.11391,0.12031
-0.22199,0.012626,0.37595
-0.14418,-0.20498,-0.15735
-0.027939,-0.21223,-0.11047
-0.28339,-0.27442,0.21826
0.45112,0.092541,-0.30134
-0.16882,-0.23288,-0.063934
-0.35606,0.078235,0.17515
-0.35729,0.013491,-0.12566
-0.24526,-0.0065469,-0.34362
-0.22813,0.13967,0.30841
-0.20301,-0.19233,0.22369
-0.15933,0.078535,0.22766
-0.35213,-0.27229,0.21116
0.28638,-0.17466,0.13335
0.39304,-0.16393,-0.29072
-0.15533,-0.22884,-0.11135
-0.26234,-0.20878,-0.098291
0.34782,-0.2291,-0.19234
-0.23489,-0.21023,0.10671
0.034006,0.26793,-0.024384
-0.18703,-0.22685,-0.10433
-0.23926,-0.1837,-0.37138
-0.31616,-0.17564,-0.087939
0.084055,0.16634,0.43361
0.42445,-0.14504,0.018854
0.064848,0.16663,0.56393
-0.27096,0.35356,0.36114
0.25763,-0.29439,-0.16053
-0.41641,-0.096648,0.14508
-0.3773,-0.22451,0.2498
0.293,-0.14078,0.1687
0.47757,0.0033743,-0.073137
0.31257,0.10537,-0.38037
-0.21453,-0.18457,0.31963
-0.30143,-0.072044,0.37934
-0.17839,-0.14698,0.27189
0.088329,0.24049,-0.32478
-0.27567,0.32962,0.37902
0.4065,-0.19335,-0.15481
-0.14211,0.12189,-0.23247
-0.22931,0.10126,-0.377
0.38373,-0.054316,0.13846
-0.018265,0.21111,-0.38834
-0.34438,-0.15079,-0.041571
-0.33249,0.073975,0.28131
-0.23798,-0.14809,-0.36468
0.1313,-0.31451,-0.11395
0.099516,-0.17468,0.15145
0.28319,-0.28473,-0.10206
0.2783,0.15793,-0.38808
-0.3084,-0.18911,-0.023793
0.083898,-0.30561,-0.040735
0.090174,-0.21743,0.072968
-0.14469,0.16624,-0.14146
-0.23773,0.14926,0.40699
-0.22286,0.14134,0.32337
-0.22269,0.16947,0.020403
-0.26651,0.37174,0.38179
-0.24891,-0.0098731,-0.34876
-0.14682,-0.23375,-0.091037
0.095614,0.22415,0.56235
-0.0047607,-0.17839,-0.37876
-0.31944,0.095575,0.063375
-0.31793,0.23744,0.44331
0.36899,0.098765,0.11253
-0.12992,-0.22987,-0.097279
0.37592,-0.20809,-0.23146
0.40548,0.16774,-0.098034
0.37949,-0.21059,-0.17807
-0.35981,-0.012441,-0.12009
-0.21463,0.18521,0.36496
0.18996,0.19953,0.031346
-0.07791,-0.2038,-0.23365
-0.2179,0.024102,-0.31987
-0.41842,-0.081895,0.14113
0.0525,0.091973,0.40089
-0.25444,0.10879,0.236
-0.1471,0.081047,0.35466
0.10034,-0.25961,-0.30218
-0.18309,0.1732,-0.13846
0.29939,-0.1729,0.13212
-0.045014,0.1715,-0.1593
0.29797,-0.25882,-0.25066
0.1429,0.27694,-0.026181
0.26743,-0.055811,-0.38819
-0.37481,-0.010409,0.058619
-0.25871,-0.19292,0.051409
0.3834,0.0882,0.10789
-0.096732,-0.20071,-0.25107
0.30832,0.19517,-0.31505
-0.069393,-0.21779,-0.0046082
-0.41067,-0.13183,0.18671
-0.099257,0.1156,0.41713
0.14291,0.20566,0.031588
-0.088185,0.023182,0.34662
0.10679,0.19655,0.50587
0.31465,-0.27195,-0.097594
-0.35429,0.06803,0.2283
-0.26773,0.11702,0.41295
-0.025489,0.13025,-0.27647
-0.2872,0.10597,0.16595
-0.14227,0.10964,-0.27352
0.33756,-0.25092,-0.14628
0.53127,-0.079013,-0.16156
-0.11701,-0.22772,-0.3535
-0.28802,0.12826,0.41714
-0.29818,0.23526,0.46391
0.051219,-0.30872,-0.081655
-0.13482,0.018709,0.2826
-0.36664,0.055602,-0.062482
0.14988,0.26043,-0.28085
0.06681,0.13165,0.14294
-0.15452,-0.16667,0.13681
-0.20221,-0.11401,0.37238
-0.037301,0.15917,-0.19326
-0.41369,-0.027484,0.13634
-0.14235,-0.15685,-0.28356
0.30329,0.2347,-0.20948
-0.17557,-0.076252,-0.3465
-0.21385,0.25287,0.38284
0.19793,0.26961,-0.19109
-0.3026,-0.17551,0.050265
-0.13265,-0.12109,0.22503
0.014366,0.13341,-0.37293
-0.31643,0.069924,0.35248
0.07396,0.22933,-0.37748
0.20728,0.18757,0.072508
-0.37107,0.038373,-0.076135
-0.12456,-0.030922,0.25346
-0.052791,0.24141,-0.36857
0.11409,-0.078709,0.20883
-3.4708e-05,0.027591,-0.37598
-0.028272,0.15004,0.12226
0.43865,0.062169,0.042692
0.38688,0.13663,0.048794
-0.34949,0.052275,-0.11047
0.1721,-0.31314,-0.16561
0.44136,0.06259,0.038525
0.46085,0.017066,0.013953
0.32726,-0.26322,-0.1057
-0.033165,0.21923,-0.12713
-0.29993,0.053099,0.37674
0.54417,0.046259,-0.22544
-0.052905,0.16029,0.1118
0.037002,-0.28244,-0.32987
-0.27374,0.27301,0.33232
-0.10203,0.19161,0.029846
0.27684,0.23792,-0.23489
-0.37544,-0.10943,0.0028509
0.50917,0.014277,-0.16141
-0.26419,0.06313,-0.20163
-0.036943,0.17495,-0.30948
-0.17438,-0.23194,-0.06895
0.37263,-0.22835,-0.10703
-0.41145,-0.10008,0.13395
0.061507,-0.0020969,0.19875
-0.18797,0.087771,0.2548
0.02963,0.091797,0.16771
0.31044,-0.25156,-0.21225
0.15902,0.071998,-0.37132
0.11634,0.1803,0.45165
0.035324,0.24197,-0.27867
0.021254,-0.11696,0.16092
0.35601,-0.24264,-0.092651
-0.0821,0.13631,-0.22592
-0.13729,-0.23025,-0.002984
-0.11428,0.027004,0.3128
0.18223,0.27123,-0.027638
0.43184,-0.11177,0.049244
-0.062591,-0.20253,-0.31953
-0.27529,0.39841,0.53835
0.059599,0.1611,0.5693
-0.12925,-0.19093,-0.18865
-0.2603,0.39322,0.45498
-0.17357,-0.050058,-0.33641
0.51776,-0.1053,-0.17581
0.025104,-0.20535,-0.38122
0.24737,0.25802,-0.059184
0.013615,0.11275,0.38554
0.35961,-0.21815,-0.23374
-0.19047,0.073352,0.29749
0.0079551,0.032516,0.18221
-0.17149,0.030941,0.40964
-0.13826,0.02859,0.28039
-0.034313,-0.22963,-0.025704
-0.25975,0.10917,0.22963
0.18178,0.17661,0.11151
0.22546,0.048838,-0.38806
-0.38084,-0.018399,-0.068265
0.27734,0.23847,-0.24068
-0.14708,-0.039531,0.32187
-0.18948,-0.15302,0.29961
-0.42163,-0.084714,0.15403
-0.30747,0.029542,-0.17717
0.37798,0.16941,-0.012376
-0.050394,0.19603,-0.085031
-0.018112,-0.2157,-0.096405
0.13046,0.28447,-0.034189
-0.1173,0.13259,-0.23538
-0.22063,0.33587,0.4485
0.20901,0.26561,-0.043306
-0.23964,-0.21466,0.10469
-0.092577,0.025183,0.33301
-0.11972,0.15293,-0.1778
0.28858,-0.27454,-0.19308
0.2204,-0.30692,-0.065802
0.0094129,-0.2142,-0.3865
0.39466,-0.19676,-0.0081573
-0.091933,0.17745,0.075211
0.038569,0.2319,-0.33252
-0.15113,-0.16954,0.11449
-0.14505,0.062248,0.4353
-0.32249,0.33863,0.49258
-0.11886,0.18932,-0.090942
0.32926,-0.22371,-0.27795
-0.15113,-0.075157,-0.31929
0.46856,0.050628,-0.19237
-0.14355,-0.060516,-0.2729
0.2874,-0.11825,0.18831
0.53753,-0.011127,-0.15471
-0.044687,0.09824,0.17328
0.33818,-0.11979,-0.38307
-0.36832,0.024047,-0.084882
0.48333,-0.00043364,-0.15208
0.33034,-0.24386,-0.22554
0.22845,0.062777,0.20742
-0.18392,0.054424,-0.28675
-0.1961,-0.092041,-0.23471
0.011016,-0.037328,0.18488
0.28488,-0.072251,0.20192
-0.061656,-0.21363,-0.16129
-0.32085,0.34696,0.50011
-0.41905,-0.053042,0.1419
-0.16818,-0.075567,0.36482
0.43893,0.049507,0.051002
0.28787,0.044145,0.19769
-0.37052,0.0012662,-0.092208
-0.086688,0.13656,-0.32035
-0.040081,0.14258,-0.21588
0.17161,0.014403,-0.38068
-0.05898,-0.016501,0.19985
-0.26251,-0.026602,0.38093
0.5119,-0.038767,-0.14971
0.045586,-0.19399,-0.371
-0.021646,0.19479,-0.30818
-0.12548,-0.13477,0.17345
0.35126,0.19762,-0.21999
0.26649,0.23186,-0.02539
-0.18816,-0.14979,0.28297
-0.2185,0.10078,0.26139
-0.25081,-0.23536,0.25637
-0.23887,-0.040068,-0.37816
0.063629,0.19296,0.069871
0.0084203,0.159,0.43482
-0.3514,0.045671,0.095333
0.56651,-0.069898,-0.22194
0.36844,-0.2279,-0.028118
-0.098424,-0.074477,0.18619
-0.15247,-0.026841,0.36021
-0.37166,-0.19885,0.2909
-0.26353,0.30826,0.48793
-0.21974,0.43504,0.51787
-0.38026,-0.11498,0.10777
0.26217,-0.1854,-0.38826
-0.01443,-0.18051,-0.38319
-0.01502,0.031833,-0.37824
-0.27433,-0.20477,-0.089736
0.056348,0.083621,0.17539
0.21164,-0.28747,-0.2761
0.30375,-0.026681,0.19738
-0.1723,-0.074009,-0.34543
-0.39845,-0.050531,0.25812
-0.01712,0.24194,-0.15944
0.11282,-0.31316,-0.072531
-0.17155,-0.156,0.24486
0.021786,0.16938,-0.38082
0.21558,-0.14465,-0.36849
0.31314,-0.24762,-0.0071634
0.083297,-0.27582,-0.37003
-0.23235,0.017989,-0.23214
-0.26105,0.15489,0.43147
-0.12567,-0.21755,0.022366
-0.27192,0.3317,0.3454
0.039455,-0.23636,-0.21817
-0.32287,0.11081,-0.092372
-0.14841,-0.1392,-0.26598
-0.25675,0.064774,-0.36332
0.17454,-0.058601,-0.38301
0.37104,0.0040645,0.14979
0.14791,-0.24046,0.026544
0.099329,0.14375,0.42781
-0.18199,0.081647,0.26739
0.12043,-0.31031,-0.048895
0.24679,0.25527,-0.19863
-0.17828,0.080206,0.26051
-0.010626,-0.18452,-0.24439
-0.19713,-0.023212,-0.24863
-0.31105,-0.17914,0.068329
-0.14786,0.1162,-0.3876
0.46741,0.061575,-0.068971
-0.22994,0.27864,0.35616
-0.40349,-0.040277,0.23722
0.21944,-0.12791,-0.36985
-0.15776,-0.13918,0.24632
-0.1576,-0.023105,-0.27466
0.099209,0.15191,0.13206
-0.0051811,-0.21079,-0.29617
-0.014304,0.24939,-0.071636
0.37852,-0.2241,-0.10746
0.013954,-0.22645,0.021267
0.43196,-0.14994,-0.28749
-0.33025,0.072277,0.10754
0.31381,-0.12437,0.17152
0.022095,0.17964,0.50987
-0.13235,-0.0097358,0.32097
-0.25601,0.34936,0.35493
-0.19939,0.11786,0.15127
-0.028976,-0.20961,-0.14395
0.27547,-0.24962,0.021976
-0.20427,-0.017207,-0.32924
0.22134,0.24831,-0.27701
0.00051041,0.067474,0.37903
0.27032,0.19392,-0.37606
-0.24393,0.062536,0.37116
0.12252,0.11392,0.17458
0.077978,-0.12271,0.17957
-0.18607,0.1332,0.13543
-0.13723,-0.010226,0.30749
-0.21443,-0.22025,-0.36567
-0.25235,0.15706,0.012073
-0.20084,0.08907,0.2846
-0.29658,0.10234,-0.15241
0.053511,0.10159,0.42371
-0.22333,-0.20688,0.048383
0.14054,0.28904,-0.15715
-0.36794,0.072036,0.17818
-0.26123,-0.014007,0.38011
-0.021802,-0.22136,-0.30946
0.18669,0.21731,-0.34132
-0.21915,-0.19402,-0.15649
-0.17126,-0.23295,-0.071786
-0.3624,-0.24638,0.24518
0.27388,0.21887,-0.31228
0.30318,-0.26609,-0.1898
0.13071,0.2962,-0.12422
-0.1027,-0.083869,0.18166
-0.093813,0.091637,0.47827
0.21837,-0.24491,0.024242
0.17915,-0.071006,0.21906
-0.042094,0.14764,0.46678
0.11304,-0.3146,-0.081713
-0.079447,0.041596,0.46294
-0.38646,0.010644,-0.019796
0.17494,-0.2188,0.086282
0.054067,-0.24811,-0.0019537
0.12019,0.20877,0.49397
-0.27931,0.15257,-0.098625
0.45618,-0.11537,-0.33793
0.31403,-0.031602,0.19197
-0.078861,0.16794,-0.1544
-0.33018,0.091605,0.19842
-0.00077194,0.055487,0.3904
0.18783,0.27805,-0.16075
-0.19055,0.17474,0.035629
-0.089876,0.066781,-0.38825
0.13771,0.28149,-0.21961
-0.083067,0.016905,-0.38704
0.30343,0.22915,-0.061293
0.052384,0.15667,0.12074
-0.1311,0.19576,-0.037604
0.16805,-0.30801,-0.20405
-0.39751,-0.21876,0.19594
-0.25349,-0.087927,0.38103
0.52613,-0.0801,-0.30931
-0.26912,0.21327,0.45806
-0.39569,-0.0051514,0.24237
0.057715,0.11707,0.3995
0.17362,-0.066989,-0.37625
-0.18471,-0.13078,-0.31992
0.18181,-0.16936,0.16887
-0.37247,-0.053025,-0.099455
-0.11937,-0.22911,-0.089158
-0.27131,0.1087,0.15068
-0.025864,-0.15149,-0.38592
0.12378,-0.30142,-0.20004
-0.22074,0.35377,0.41099
-0.15275,-0.22502,-0.33047
0.28606,-0.197,0.092018
0.37616,0.16779,-0.24342
-0.2227,0.099891,0.2842
0.10824,0.28032,-0.23643
-0.0062382,0.23942,-0.1933
0.51435,-0.1204,-0.19869
-0.21164,0.083631,0.31413
0.076587,-0.15454,-0.37169
0.30555,-0.14465,0.16305
-0.35106,-0.10531,-0.10424
0.13615,-0.096464,0.21124
-0.015762,0.067762,0.17463
-0.14708,-0.16542,0.15101
-0.35729,0.075499,-0.069901
-0.38711,-0.22454,0.11685
-0.0045263,0.21138,-0.38832
-0.26545,0.15125,0.30333
0.31919,-0.26867,-0.11884
0.070874,0.30179,-0.14138
0.29526,0.20907,-0.30621
-0.058752,0.1625,-0.16582
-0.31644,0.09584,0.15063
0.11864,-0.31219,-0.13213
0.38151,-0.22143,-0.10564
-0.016624,-0.10503,0.16195
-0.17502,0.19357,-0.036828
-0.019225,0.18045,-0.21701
0.10856,0.2826,-0.22887
0.014908,0.24415,-0.23806
-0.086015,0.077667,-0.38407
-0.41341,-0.17001,0.14725
-0.17994,-0.21729,-0.13495
-0.12294,-0.23056,-0.06598
-0.13433,-0.023715,0.28407
0.0096434,0.26261,-0.18755
-0.31659,0.068598,0.35273
-0.11501,-0.18084,-0.38825
0.17863,-0.30261,-0.2299
0.49051,-0.11391,-0.3181
-0.29688,-0.18367,0.037725
0.54959,0.0056088,-0.16785
-0.10149,-0.22185,-0.042101
0.23145,0.078023,-0.38436
0.46136,0.062061,-0.20339
-0.037546,0.18291,0.066171
0.12827,-0.30391,-0.20875
0.34203,-0.24249,-0.15497
0.38468,-0.22027,-0.054534
-0.17941,0.011352,-0.26678
-0.16803,0.086792,-0.28502
0.38298,-0.16603,0.066119
-0.025918,0.1824,-0.19377
-0.38026,-0.0047413,0.31086
0.10923,0.29901,-0.12359
0.26766,0.13774,-0.3881
0.23884,-0.2355,-0.36109
-0.23872,0.44134,0.51297
0.43769,0.10576,-0.014095
0.36541,0.18668,-0.21763
0.087636,0.22884,0.54539
0.38271,0.08354,0.11194
-0.3518,0.08067,0.18304
-0.3727,-0.10718,-0.048866
-0.22175,-0.22564,-0.011207
-0.18109,0.053958,0.38661
0.45624,0.075673,-0.16998
0.37206,0.087895,-0.34762
0.52687,0.050271,-0.19451
-0.31466,0.32169,0.49325
0.44292,0.0064824,0.057284
0.016052,0.11012,0.5388
0.45908,-0.1187,-0.14434
0.17948,-0.21202,0.10765
-0.16999,-0.0022325,0.39325
-0.27127,0.16099,-0.081258
-0.33672,0.07371,-0.12197
-0.3742,-0.10505,-0.047938
-0.26385,-0.26986,0.11682
-0.00073762,0.025915,-0.37615
-0.042984,0.19829,-0.095907
0.37756,-0.18095,0.048564
-0.21078,0.082785,-0.2186
-0.02179,-0.15862,-0.38084
0.42645,0.093173,-0.26415
-0.33852,0.057006,0.31191
-0.21403,0.17346,0.37723
0.24666,0.10525,0.18048
-0.21607,0.15979,0.35307
0.22121,0.12296,0.17076
-0.041132,-0.21947,-0.32373
0.38045,0.11175,-0.3032
-0.3746,-0.1602,0.31841
0.10599,0.29839,-0.15987
0.52328,-0.021405,-0.3202
-0.26847,0.23275,0.3253
0.22082,0.024617,0.2188
-0.23634,-0.23107,-0.045544
-0.028956,0.17219,-0.38761
-0.41241,-0.16709,0.16989
0.25023,-0.23416,-0.36026
-0.014085,0.23162,-0.052225
-0.20793,-0.21467,0.03792
-0.021381,0.09762,0.52426
0.24531,0.25873,-0.056868
-0.051212,0.14349,-0.38442
0.41448,0.13656,-0.22039
0.315,0.20694,-0.29879
-0.28731,0.31455,0.43178
-0.23905,0.33025,0.36297
-0.29069,0.061641,-0.17784
0.099053,0.14535,0.44429
-0.37529,0.040179,-0.047128
0.25865,-0.2973,-0.12827
0.24661,0.13953,0.15279
0.45563,0.067022,-0.010505
-0.12214,0.14647,-0.38117
-0.24537,-0.27375,0.1618
-0.31296,0.19263,0.3915
-0.063204,-0.21334,-0.17061
-0.10237,0.15651,0.1158
0.15427,0.23667,0.0076259
-0.36657,-0.10454,0.044224
-0.10644,0.074336,0.46854
0.42817,0.10745,0.013291
-0.24025,-0.18883,0.089769
-0.35816,0.077382,0.18598
0.39388,0.15572,-0.015035
-0.009141,-0.24564,-0.31676
-0.11765,-0.18304,0.090982
-0.31395,-0.17606,0.34835
0.35177,0.19062,-0.27121
-0.22098,0.084769,0.33901
-0.30283,0.098605,0.1364
-0.23227,0.27665,0.35237
0.031104,0.29986,-0.11953
0.042188,-0.2353,-0.25172
-0.34299,0.049854,0.31383
-0.017134,0.2348,-0.058768
0.044386,0.14909,0.56728
0.061795,-0.25739,-0.30977
-0.020968,0.21837,-0.17298
-0.11421,-0.1897,-0.21939
0.10317,0.25853,-0.29396
-0.094299,0.11886,0.42199
0.068389,0.12542,0.40572
-0.21837,0.010618,-0.23869
0.078289,0.22766,-0.37903
0.24213,0.062343,0.20555
0.36403,-0.059119,0.15574
-0.28328,-0.029205,-0.20836
-0.23396,-0.20859,0.26403
-0.10472,-0.070054,0.2083
0.37259,-0.22551,-0.05407
-0.18722,0.18985,-0.035938
-0.23365,0.17299,-0.099192
-0.067704,0.12423,-0.28398
-0.21943,-0.23501,-0.054365
-0.12752,0.038865,0.30615
0.006758,0.14133,-0.37277
-0.13496,0.14145,-0.18978
-0.14488,-0.14949,-0.25134
-0.051169,0.20493,-0.061151
-0.18519,0.10162,0.17747
-0.30322,0.1689,0.43032
-0.26926,0.1095,0.40913
-0.3179,-0.12811,0.36622
-0.34059,-0.15504,0.08591
0.26447,-0.1562,0.16972
-0.23497,-0.18227,-0.38819
-0.20533,-0.1813,-0.17788
0.2481,-0.20647,-0.38827
0.30535,-0.20609,-0.38274
-0.24482,-0.088486,0.38098
0.10909,0.23169,0.0078284
0.40781,0.10364,0.061404
0.43303,-0.090086,0.05928
0.30496,-0.25349,-0.26121
-0.14271,-0.19077,-0.30764
-0.15195,-0.23506,-0.087719
-0.19239,0.042715,-0.23983
0.29493,-0.17111,0.13755
-0.14073,0.081178,0.20349
-0.15168,0.10279,-0.31421
0.2406,0.26238,-0.17111
0.23884,-0.16511,-0.38207
-0.38766,-0.049652,0.35125
-0.23132,-0.1805,0.34625
0.39394,-0.20283,-0.17529
-0.32989,-0.17022,-0.038748
-0.2268,-0.23294,0.131
-0.13855,0.19533,-0.0021071
-0.30419,0.10091,0.31705
0.023162,0.14555,0.41256
0.22097,0.25092,-0.2616
0.24268,-0.28336,-0.24754
0.07419,-0.19165,-0.36954
0.2129,0.084523,-0.37693
-0.0015954,0.084844,-0.37417
0.0098226,0.067114,-0.37445
0.19681,0.11989,-0.37009
-0.2583,0.10208,-0.17592
-0.28524,-0.1339,-0.17102
-0.22346,-0.23908,0.16121
0.4176,0.14324,-0.12184
-0.29831,0.12489,0.40869
-0.24376,0.080774,0.3743
0.3298,-0.16355,-0.37661
0.22716,0.25083,-0.26466
0.27821,-0.15755,-0.38802
0.21647,0.27523,-0.1402
0.13002,-0.12755,0.19462
-0.11158,-0.093479,0.20059
-0.0095657,-0.19796,-0.38706
0.036858,0.1319,0.54163
0.13359,0.25504,-0.0017972
0.24979,-0.23451,-0.3649
-0.24357,0.31563,0.3553
0.039537,0.26784,-0.0219
-0.35205,-0.25124,0.25166
0.18453,0.14253,-0.37823
-0.0041093,-0.1982,-0.17544
-0.19133,0.10696,-0.20475
-0.29559,-0.25072,0.28165
-0.27049,-0.0065785,-0.38765
0.39345,0.11186,-0.28348
0.11142,0.25862,-0.29394
0.042883,-0.22259,0.045357
0.045739,0.20728,0.029547
-0.35788,0.0077385,-0.12435
0.15337,-0.18224,0.15396
-0.40324,-0.21338,0.13067
0.21186,-0.29227,-0.020664
-0.015763,-0.16084,0.11801
-0.29063,0.28251,0.4156
0.35192,-0.016952,0.16759
0.21884,0.25116,-0.25678
0.27274,-0.14202,-0.38634
0.23119,-0.30365,-0.11498
-0.19772,-0.11723,-0.22212
-0.19772,-0.17902,0.24057
-0.042063,-0.12573,0.15724
0.17745,-0.029216,0.22251
-0.35032,0.0087043,-0.13454
0.18579,0.27476,-0.17611
0.051792,0.15728,0.57082
0.05504,0.19998,0.5098
0.00066058,-0.19274,-0.28629
-0.0076537,0.18561,-0.28033
-0.21372,0.18776,0.37694
0.26054,-0.28447,-0.21108
-0.031124,-0.25475,-0.38766
-0.23287,0.3999,0.39512
-0.39671,-0.21601,0.12303
-0.28319,-0.18099,-0.13044
-0.11734,-0.21158,-0.15883
-0.012808,0.11041,0.5325
-0.34682,-0.18779,0.08498
0.26237,-0.14776,0.17783
0.026286,-0.21355,-0.38564
0.46054,0.025132,0.013009
0.47579,-0.043044,-0.082686
-0.39106,-0.055682,0.097785
0.10978,0.30189,-0.088316
0.25548,0.20933,-0.34443
-0.23554,-0.21836,-0.0040159
-0.081849,-0.21912,-0.062112
0.38888,0.17547,-0.15088
0.16461,0.27774,-0.19139
0.49527,0.026384,-0.16776
0.29925,0.16226,0.074597
-0.40219,-0.22511,0.16402
0.51129,-0.052288,-0.32826
-0.22075,-0.18642,0.092456
0.25359,-0.29412,-0.17755
0.1745,-0.20786,0.11737
0.39551,-0.091302,-0.37538
-0.072132,-0.19645,-0.29192
0.00035052,-0.2166,-0.38742
-0.33676,0.082169,-0.11241
-0.20283,0.15871,0.083655
0.1677,0.19419,-0.38769
-0.10609,-0.19496,-0.25111
0.043311,-0.13725,-0.37351
0.09255,-0.073407,0.2037
-0.38081,-0.20792,0.26632
0.11476,0.21244,0.51168
0.18187,0.28015,-0.15546
-0.26024,-0.13141,0.37294
0.1095,-0.29203,-0.23918
-0.24345,-0.24843,0.2066
0.15123,-0.29439,-0.2477
-0.053434,-0.20137,-0.24974
-0.28091,0.26631,0.33194
0.01,-0.20109,-0.19483
-0.27484,-0.18413,0.34739
0.30143,0.066849,-0.38691
0.17662,-0.06638,0.21956
-0.40886,-0.10524,0.1322
-0.34652,0.04686,0.089779
-0.1444,-0.049914,-0.26984
0.00040571,0.10944,0.15446
0.047589,-0.25932,-0.30888
-0.14053,0.049785,0.29872
-0.22464,0.12378,0.12709
-0.26253,-0.27682,0.18244
0.36106,-0.21869,-0.22881
-0.070772,0.11271,-0.38693
-0.39064,-0.068219,-0.010404
0.1386,0.13451,0.15662
-0.20131,-0.1221,-0.38803
0.36587,0.18651,-0.21676
0.46536,-0.014768,0.0013628
-0.3885,-0.05423,-0.052189
0.20413,-0.2603,-0.31959
-0.2241,-0.18177,0.33874
-0.15777,0.074346,0.23672
-0.13923,0.039066,0.29102
-0.13459,0.19547,-0.046507
-0.12008,0.081772,0.20107
-0.012585,0.17178,-0.29798
0.41636,-0.15598,-0.26245
-0.23554,0.049131,-0.22385
0.43589,-0.16076,-0.14914
0.18533,0.22827,-0.32926
0.22916,-0.23604,-0.34656
0.22274,-0.025896,0.22299
-0.37976,-0.10174,-0.024163
-0.18089,-0.19914,-0.16281
0.24335,-0.29951,-0.113
0.44288,-0.14821,-0.16041
-0.2531,0.15376,0.024721
0.014657,0.24986,-0.2213
0.20836,-0.30642,-0.14378
-0.24846,0.17357,0.4329
-0.25692,0.23596,0.46259
-0.050882,0.045963,0.35738
-0.28873,0.24241,0.33461
-0.2114,0.43624,0.47074
-0.23384,-0.02942,-0.38733
-0.39904,-0.077431,0.24639
-0.29236,0.24997,0.47396
0.016453,-0.14131,0.14677
-0.13503,-0.20261,-0.16136
-0.2516,-0.24028,0.23623
-0.0015008,-0.22273,-0.29974
0.041429,0.15215,0.56732
0.41727,0.1501,-0.044151
0.29801,0.22869,-0.051614
-0.27602,0.22982,0.32519
-0.13548,-0.014341,0.32496
0.12019,0.27247,-0.25468
-0.26606,0.064926,0.38565
-0.21325,-0.23471,-0.029036
-0.26136,0.26348,0.47335
-0.30042,-0.1777,0.056939
0.21465,0.2647,-0.1904
-0.28561,0.3664,0.48153
0.20228,0.20408,-0.38734
-0.13532,-0.18272,-0.38788
-0.016831,-0.061863,-0.38656
-0.16343,0.088565,0.201
-0.23724,-0.26032,0.13713
0.44892,-0.11473,-0.0013543
0.28018,0.23847,-0.24701
0.020892,-0.15164,0.13761
0.21449,0.26525,-0.21033
0.29125,0.24408,-0.18308
0.18626,0.27667,-0.16893
0.28238,0.19759,0.031119
-0.40272,-0.058841,0.26317
0.46048,0.063449,-0.20471
-0.12069,0.012186,-0.38796
0.40392,-0.15425,0.046851
0.068369,0.16576,0.51966
0.4719,0.08858,-0.25293
0.33127,-0.24067,-0.20503
0.052652,0.082567,0.17555
-0.22776,0.22816,0.43179
0.17366,-0.3113,-0.10967
-0.40152,-0.11009,0.23348
-0.33961,0.045394,0.33931
-0.29047,0.24549,0.36395
-0.052062,0.15562,0.11896
0.28382,-0.18974,0.10453
-0.13259,-0.18587,-0.1928
0.28482,-0.18212,0.11895
-0.18967,0.13652,0.12893
-0.10309,0.19358,0.010026
0.07551,-0.31177,-0.097256
0.32577,-0.19047,0.084474
0.076993,-0.26541,-0.32203
0.26218,-0.13396,0.18921
0.24477,0.24785,-0.26093
-0.020476,0.19121,0.057891
0.057801,0.12341,0.14798
-0.070872,0.092159,-0.37973
-0.068982,0.061002,0.4842
-0.0031115,-0.23834,-0.075601
0.094177,-0.043319,-0.37464
0.12027,0.2097,0.4948
-0.14611,0.19476,-0.024409
-0.32913,0.056825,0.33861
0.10251,0.085358,-0.37246
0.29285,0.23854,-0.10978
0.17553,0.12892,0.15868
0.18527,-0.30799,-0.19993
0.011549,0.014391,-0.3764
-0.19344,0.17855,-0.11556
-0.099858,0.19147,0.030479
-0.29211,-0.19822,0.33742
0.24575,-0.021934,-0.38808
-0.35591,-0.035734,-0.12446
0.071283,0.30439,-0.077759
-0.24072,-0.25071,0.19973
0.43385,0.10347,0.00089512
-0.14497,0.19274,-0.083061
0.10419,-0.29217,-0.23225
0.39461,0.090502,0.094333
-0.0030937,0.10229,0.15937
0.44158,-0.045977,0.056669
0.071538,0.1895,-0.38774
0.40093,-0.0045846,0.11861
-0.15936,0.094279,-0.29204
-0.33077,0.075944,0.11671
-0.0055712,-0.014706,0.18649
-0.22384,0.39144,0.49189
0.23534,0.11871,0.17274
-0.26423,-0.27713,0.18415
-0.27215,0.1288,0.067775
-0.027981,-0.19574,-0.22276
0.079623,0.28497,-0.23134
-0.037074,-0.25797,-0.35991
0.19129,-0.30774,-0.20063
-0.23243,-0.18587,-0.35389
0.42183,0.13859,-0.033731
0.45662,-0.12596,-0.09901
-0.14716,-0.16925,0.10833
0.229,0.051859,0.21195
-0.059854,-0.21058,0.028061
-0.32642,-0.11646,-0.13712
-0.14291,-0.096187,-0.38812
-0.30799,0.22086,0.40242
0.46311,-0.032714,-0.36103
0.35816,-0.07479,0.15904
-0.32694,0.078544,0.11734
0.42799,-0.17376,-0.11221
0.26427,-0.23119,0.0516
-0.10011,0.015597,0.33754
0.13834,-0.18716,0.14446
-0.2177,0.1097,0.19392
0.34607,0.12664,0.10251
0.48314,-0.051183,-0.14319
-0.25163,0.16711,0.43185
-0.0086634,0.25835,-0.15792
-0.34135,-0.27477,0.18229
-0.19162,-0.0017545,-0.31561
-0.33385,-0.24576,0.10897
-0.25331,0.016991,-0.33984
-0.2606,-0.27874,0.17403
-0.32332,0.082208,0.12093
0.29508,-0.16858,0.14284
-0.26956,0.15464,0.43337
0.44842,-0.13794,-0.16197
-0.029904,0.20804,-0.022145
0.31105,-0.25642,-0.19863
0.16685,-0.31863,-0.15701
0.44202,0.08215,-0.24105
0.53374,-0.0030636,-0.30823
-0.37746,-0.10491,0.008173
-0.18479,-0.22725,-0.10743
-0.38501,0.0127,0.25429
-0.41308,-0.038194,0.12455
-0.15346,-0.10584,-0.28863
-0.081968,-0.2199,-0.36133
-0.3552,-0.02402,-0.12507
-0.25488,-0.26401,0.20239
0.061573,0.13427,-0.37221
-0.21782,-0.12988,0.37118
-0.13558,0.05095,0.23772
-0.3178,0.085315,0.12023
-0.31326,-0.11466,0.37075
0.5071,0.011658,-0.15983
-0.23542,-0.18888,0.088949
-0.22028,0.351,0.45856
-0.066905,-0.20573,-0.23752
0.026849,-0.22404,-0.38641
-0.26133,0.40782,0.54141
0.047384,-0.28932,-0.144
-0.22466,0.11356,0.35926
0.090645,-0.26518,-0.33103
0.14819,0.29436,-0.099778
0.050004,0.12855,0.14322
0.3143,0.23323,-0.17252
-0.15071,-0.22972,-0.33828
-0.26794,-0.14281,0.36836
-0.14064,-0.22588,0.0057359
-0.10588,0.10366,0.37402
-0.2224,0.21202,0.41959
0.057904,0.20233,0.50901
0.075578,-0.30917,-0.061791
0.31003,0.21,-0.026168
-0.21545,-0.087709,-0.37356
-0.28582,0.22916,0.33016
0.0052952,0.20457,0.032567
-0.29365,0.27066,0.41453
-0.17979,-0.23296,-0.047376
0.36818,-0.17659,-0.31248
0.020546,-0.26062,-0.043289
-0.15259,-0.1141,-0.28562
-0.37455,0.044172,-0.010373
-0.42251,-0.085517,0.18346
-0.37876,0.056147,0.18076
0.27104,0.23355,-0.28299
-0.34506,-0.17732,0.3338
-0.094257,0.099115,0.35971
