8325,-3236.2,-1561.2,7370,936.32,6516.5
9729,436.71,-1676,6336.5,-84.578,6485.5
7316,-3130.2,-1377.3,8308.2,1536.6,6577.8
6326.5,1.4088,137.21,6326,97.056,9990.2
7355.6,-3142.9,-1427.4,8249.7,1544,6588.9
6372.2,921.54,127.16,9864.1,801.39,6360.9
6409.2,673.9,-1034.5,7554.3,-3465.9,8257.9
6494.5,810.76,1518.1,7221.7,3148,8524.7
6727.3,-1932.3,1610.2,8276.4,-2868.1,7181
6331.7,-283.83,-188.72,9020.6,3048.5,7000.2
7504.8,117.97,-3548.4,6328.2,-162.28,8418.7
6702.7,2430.7,-314.8,9387.4,-663.75,6354.4
8486.3,863.27,-3409.4,6398.7,-575.04,7363
6327.6,4.4174,-200.63,6327.8,-207.87,9985.5
6714.5,1375.1,2066.6,7411.3,3024.6,8034.5
7414.5,-3463.6,-466.46,8490.6,508.82,6351
8103.4,2118.8,2977.5,6856.7,1435.1,7195.9
9495.1,509.35,2265.4,6341.8,145.18,6639.7
7200.7,-3123.2,-1097.8,8542.8,1356.5,6499.6
6386.3,857.62,620,8835.6,3113.7,7085.6
6446.3,1345.3,595.45,9324.6,2227.9,6651.6
9835.1,-1337.2,-203.65,6424.4,29.903,6327.7
7703.6,2504.1,-2631.5,7279.4,-1873.5,7129.8
6496.4,-1328.4,1108.4,8499.1,-3163.3,7241.3
9427.1,-2011.3,-1411,6582.2,353.09,6443.4
8448.3,-465.12,3506.6,6347.3,-327.82,7456
6508.7,-1042.8,1450.5,7649.4,-3364.2,8030.4
7678.3,-3157.5,1780.6,7814.6,-1519.5,6663.3
8376.4,-3484.6,-784.13,7491.7,483.99,6371.3
6519.6,265.08,1814.8,6414,1203.7,9561.2
7827.3,2555.5,2618.1,7232.3,1741.6,7062.8
8688.1,-1729,-2908.9,6586.7,861.32,6986.8
6500.2,-1436.1,-996.03,8765.9,2913.8,7016.9
7222.8,-268.2,-3322.5,6344.2,462.32,8725.4
7261,-3356.5,-308.63,8687.8,375.36,6338.1
6332.2,-17.236,-354.49,6336.6,456.46,9964.5
7134.3,1222.8,-2995.8,6745.9,-1995.9,8307.5
6708.4,2305.9,-875.02,9090.6,-1779.4,6556.2
7635.1,3568.3,-547.92,8238.7,-519.34,6356
6669.6,-2241.6,-735.47,9218.1,1600.3,6503.2
6331.3,273.63,-187.81,8975.7,-3100.9,7035.6
6993,-1265.5,2767.8,6871.7,-2294.1,8320.3
9466.2,-731.73,2265.6,6359.6,-210.3,6641.4
6329.6,-266.27,83.469,9714.8,-1754.3,6502.1
9885.7,1054.8,376.5,6386.2,43.111,6333.1
9206,1.4391,2823.3,6325.5,0.57447,6865.9
6364.8,-711.9,-472.29,8983.9,3005.4,6992.3
6880.1,-639.23,-2777.9,6499.6,1492.5,8941
7483.7,1754.7,-3072.8,6907.6,-1952.7,7734.3
6644.9,-1827.2,1373.6,8500.5,-2851.8,7078.3
8726.4,-1435.3,3031,6503.3,-740.64,7045.2
6657.5,-2031,-1128.9,8849.3,2405.5,6786.6
6326.5,4.8077,-139.02,6331.1,-326.29,9982
8727.1,-671.06,-3285.3,6364.8,383.37,7198
6892.7,2859.7,-285.52,9146.5,-476.44,6341.9
6641,922.88,-2078.3,6952.8,-2698.1,8659
9391.7,-2464.4,538.29,6712.3,-164.09,6342.4
8879.6,-3210.7,-190.66,7115.7,88.636,6327.8
6327.1,173.91,-21.867,9943.3,-744.27,6355.2
6543.6,482.76,-1872.3,6582.9,-1957.3,9281.8
6965,-839.97,2879.1,6582.8,-1729.5,8720.3
6385.1,-1046.7,38.398,9895.4,-214.67,6328
6347.6,643.36,-9.8988,9957,-91.371,6326
7504,166.56,-3546,6330.9,-229.04,8416
8976.1,-2323.7,2075,6733.4,-706.43,6615.2
6631.5,-896.14,-2057.8,6936.6,2682.8,8691.7
6369.3,691.88,-577.39,8630.1,-3332.9,7273.8
6373,-458.59,-817.66,7346.9,3388.9,8539.3
6327.1,-156.72,70.729,9470.1,-2367.2,6672.8
7761.8,-2179.5,2924.2,7028.9,-1793.1,7328.5
6387.1,-1038.5,-234.74,9752.8,1277.2,6418.4
6373.7,-213.64,920.54,6556.9,-1959.1,9566.9
9519.7,2147.4,-735.72,6607.4,-189.03,6356.4
9580.7,1834.7,1086.8,6527.9,236.05,6392.9
6737.8,-2540,96.45,9377.3,-194.06,6328
6345.1,150.3,587.41,6606.9,2152.6,9537.4
7059.9,-2857.9,1302,8559.1,-1769.6,6616.7
6601,-916.71,1938.8,7032.3,-2839.7,8613
9217,932.19,-2647.9,6386.4,-344.12,6792.4
8983.3,-296.97,3093.1,6332.4,-142.65,7028.5
6413.2,1193.6,-413.5,9540.2,-1852.1,6534.8
6424.7,347.58,1294,6620.6,2148.5,9399.6
9707.9,1258.1,-1282.2,6417.1,-185.46,6418
7357.9,914.99,-3330.2,6510.3,-1325.7,8346.7
6326,-90.27,-17.48,9883,1129.8,6395.1
7489.6,-3474.6,687,8369.6,-709.61,6378.3
7261.6,3066,1401.8,8341.7,1620.9,6600.5
6326.5,-133.56,15.635,9950.5,-694.09,6351.3
8861,3234.3,-38.114,7133.1,-17.957,6325.6
6607.4,-186.3,-2158.2,6355.5,694.28,9521
6426.2,-68.005,-1347.8,6336.9,450.58,9818.2
7200.9,-3213.1,797.52,8654.5,-1000.6,6415.6
6338.1,-116.09,472.62,6587.5,-2090.4,9576.1
7627.7,2100.8,2932.5,7052,1923.8,7433
6981.1,-302.48,-3009.7,6358.6,656.64,9007
7348.2,442.97,3417.5,6369.7,679.98,8542
8023.7,-3430.3,-1287.9,7702.8,941.77,6469.1
6477.2,-364.33,1596.1,6538.1,-1832.3,9441.2
6432.2,74.951,-1385.2,6338.5,-481.34,9806.5
6339.5,40.901,-512.25,6355.2,-741.52,9923.8
6554.2,372.27,1939.6,6472.6,1515.6,9424.7
6391.3,-1065.4,-270.78,9710.7,1420.8,6442
8194.2,-1822.5,3145.6,6701.5,-1261.5,7280.9
9418.4,-2345.1,785.95,6673.1,-226.95,6361.5
6468.6,-939.51,1286.7,7700.7,-3430.5,8026.4
6869.3,-2740.2,706.71,9048.8,-1193.3,6432.2
6557.2,-1982.7,127.49,9628.1,-351.88,6332.9
6334.3,-306.6,267.88,8590.1,-3435.5,7348
6828.9,-1775.6,2098.6,7685.1,-2929.6,7618.4
8012.1,3333.3,-1523.3,7641.8,-1099.5,6530.1
6735.5,-2521.6,270.24,9355.1,-544.21,6345.2
6325.5,11.402,-14.119,7976.9,-3666.6,7923.8
6355.6,-27.959,-749.11,6332,346.67,9935
8191.2,-3509.7,950.71,7629.5,-646.09,6397.6
6516,-119.66,-1814.7,6344,559.71,9672.1
7560.3,1162.1,-3384.7,6569.9,-1397.1,8049.5
6766.9,2529.8,-650.3,9182.6,-1240.4,6434.4
7627.5,-3605.8,-102.68,8285.5,98.42,6326.6
6943,2567.9,1477.9,8497.8,2180.9,6776.6
8635.1,-2866,1871.6,7037.3,-882.68,6579.5
6328.4,-8.1755,233.28,6331.3,-330.32,9978.8
8804.3,2267.2,-2380.2,6745.1,-853.56,6732.6
6454.2,-815.48,1277.9,7495.9,-3381.5,8264.2
7484.6,-3217,-1474.8,8116.8,1461.1,6581.3
9642.4,422.06,-1933.4,6336.1,-97.292,6544.2
6384.6,-1041.3,66.162,9888.2,-371.17,6333
6365,-839.88,168.55,9815.6,-1151.8,6399.6
6325.5,-0.38756,13.183,6329.6,-277.68,9986.1
7032.7,2443.5,-1911.6,8080.9,-2448.3,7035.3
8392.5,-3213.9,1541.6,7321,-890.07,6507.3
6325.8,-0.3341,72.653,6325.6,-43.493,9991.9
9925.9,-144.61,-876.12,6326.6,13.694,6366.8
7747.3,-377.12,-3624.3,6347.9,430.57,8129.9
6466.2,-1505.8,480.39,9509,-1691.2,6502.5
7338.1,-3402.7,-491.66,8572.9,564.33,6355.5
7813.7,-2778.7,2376.9,7395.6,-1698.3,6918.9
8477.6,-346.38,3504.7,6337.4,-240.59,7441.9
8449.8,3489.4,-575.26,7452.1,-343.38,6349.5
6332.2,-214.48,-284.86,7847.6,3651,8045.8
6413.2,981.06,795.1,8630.8,3237.7,7223.3
6346.4,-624.82,-39.159,9948,371.38,6332.9
6367.1,575.6,-664.5,8068.8,-3590.3,7782.4
6642.7,-1903.1,1254.2,8674.2,-2676.5,6938.9
8036.1,-1165.7,3472.6,6498.1,-1014.6,7656.6
9206.2,-270.04,2810.1,6330.7,-107.19,6860.2
7323.7,-3152,1343,8318,-1494.6,6563.2
6325.5,0.08539,-17.127,6325.6,-47.162,9992.3
8933.7,2637.4,1742.7,6856,674.01,6527.7
8940.9,2302.4,2154.9,6732.3,738.51,6642.3
6704.6,1023,-2232.9,6963.4,-2657.3,8563.9
6538.7,-1609.2,1035.8,8820,-2757.1,6932.7
6504.3,1754.4,-204.27,9680.3,-645.85,6350
6406.1,-1181.1,-274.98,9716.2,1303.4,6423.5
6804.5,-631.55,-2622,6523,1615.1,9007.9
8921.8,3124.9,-553.82,7062.7,-247.67,6345.1
9466.7,-1175.1,2069.5,6412.9,-305.87,6585.8
7404.1,-3413.8,-714.16,8455.8,779.02,6386.2
8094.5,3655.3,63.464,7808.3,46.601,6325.8
9080.6,-2906.4,-711.47,6926.4,281.42,6356.9
6340.4,-365.34,-383.05,8263.9,3588,7630.6
6325.8,-65.595,32.488,9383.8,-2535.8,6735.5
6519.1,-372.99,1793.6,6500,-1655.9,9435.4
6385.4,693.96,788.81,8081.1,3557.7,7748.2
7496.4,-1160.4,3350.4,6583.4,-1460.1,8101.5
6651.8,1028.5,-2065,7071.5,-2837.6,8499.9
6354.2,-98.021,-725.92,6408.4,1219.6,9818.7
7931.8,444.93,-3639.7,6352.8,-445.37,7934.6
7849.8,-521.14,-3624.1,6365.1,549.47,8002
6599.2,-364.41,-2107.2,6443.1,1348.1,9403.2
6437.4,-1282.3,606.58,9278.9,-2349.5,6693.6
7271.5,2484,2293,7694.5,2302.6,7146
6406.7,-267.13,-1187.3,6540.2,1877,9542
7614.4,-2019.3,-2982.9,7006.6,1914.5,7494.1
6571.1,2035.9,-111.17,9610.9,-297.48,6330.8
7424,-839.02,3399.2,6471.2,-1167.6,8322.3
6425.8,-919.99,-983.52,8154.3,3471.7,7630.5
8176,129.93,-3637.6,6327.5,-111.37,7728.4
6658.9,1300.3,-1930.9,7459.2,-3111.2,8049.5
6534.7,-1815,553.51,9434.1,-1583.7,6485.4
6690.5,194.71,-2410.1,6350.7,-622.35,9409.9
9254.1,-1407.6,2364.4,6461.4,-451.72,6686.6
9386,2522.4,-230.09,6731,-71.75,6328.6
6880.3,-717.33,-2759,6543.9,1651.8,8880.2
6529.2,-1813.8,474.68,9501.2,-1384.4,6445
6360.3,505.23,626.78,7946.7,3612.2,7910.4
6620.3,-1921.9,1088.6,8873.1,-2471.7,6806.3
7123.5,3060.7,1009.1,8656.5,1330.2,6483.8
8023.7,1507.9,3339.4,6614,1250.1,7533.9
8710.9,637.49,-3305.2,6361.2,-369.51,7215.4
9494.5,-1644.1,1641.4,6493.8,-331.69,6484.8
6466.3,1284.2,922.69,8754.4,3006.1,7062.8
7530.3,-3213.5,-1541,8047.6,1474.9,6597.6
6587.9,1741,1173.4,8706.2,2770.3,6970.9
6702.1,411.52,2414.7,6433.7,1259.6,9272.4
6325.5,-5.8224,-2.4466,9532.6,2241.9,6630.7
6326.1,106.18,-9.0316,9970,-506.67,6339.2
7117.6,-2764.7,1641.7,8290.7,-2057.3,6775.5
8460,3135,-1625.2,7243.8,-891.74,6524.2
9935.7,663.13,-483.09,6349.2,-34.389,6338
6327.1,-8.1619,-172.94,6336,444.36,9973.5
6363.2,-757.79,356.13,9384,-2406.3,6695.8
6326.4,-117.25,-49.84,9522.1,2261.4,6637.1
7250.3,3354.4,201.63,8710.5,247.47,6330.9
7064.3,-2709.6,1599.5,8349.2,-2099.7,6778.8
6579.1,1736.2,-1123.6,8767.4,-2720.3,6931.5
9524.4,-732.48,-2137.8,6358.9,194.34,6601.6
6578.5,1606.2,1299.4,8463.2,3022,7181.2
9678.8,-519.8,-1807,6341.4,110.44,6514.2
6944.5,-440.87,-2932.3,6399.9,983.99,8996.1
9083.9,-1938.9,2273.6,6599.3,-628.82,6669.5
8413.3,-2723.7,-2284.2,7046.9,1148,6743.8
6538.7,1895.3,265.94,9613.2,764.85,6360.7
6785.7,-369.15,2629.5,6396.5,-1006.3,9211.4
6836.9,2749.8,-292.52,9217.6,-518.78,6344.4
6762.6,1959.8,1711.3,8177.8,2868.5,7229.6
7632.4,-2397.1,-2698.1,7253.7,1955.8,7221.8
7428.3,3208.1,1409.6,8195.3,1455.7,6567.7
6692.2,-2234.2,936.79,9047.2,-1939,6603.6
7018.4,2922.3,978.25,8773,1410,6493.4
8302.5,-1579.1,-3237,6592.6,1072.7,7304.7
8159.8,-3402.4,-1303.6,7579.3,881.25,6464.9
6386.2,178.1,1041.7,6454.3,1491.5,9700.1
6462,1456.6,-553.91,9415.1,-1964.3,6571.6
9350.5,-2594.9,38.403,6759.7,-12.439,6325.6
9212,-2814.4,-29.829,6861.4,10.916,6325.6
6879.5,-2134.7,1887.2,8058.3,-2734.4,7212.1
6817.4,-2718.6,-182.73,9260.4,332.01,6333.1
6345.2,-479.4,-372.78,8770.2,3272.2,7184.7
8337.4,-2869.9,2153.8,7154.2,-1171.9,6703
6332.2,354.2,34.436,9953.9,576.92,6343.3
6934.6,2439.1,-1656.6,8335.7,-2401.4,6916.7
7179.5,3244.8,528.37,8748.8,679.89,6365.4
7291,1472.2,3062.7,6827,2010.1,8032.4
9977.7,282.69,310.8,6329.7,9.3272,6330.6
6485.7,-1083.4,1282.7,7930.8,-3416.6,7773
7682.2,-3626.1,15.131,8227.8,-14.04,6325.5
6327.3,-105.13,-150.54,7720.8,3634.7,8184.4
9807,715.31,-1277.8,6354.3,-102.47,6416
6662.7,1822.4,-1466.6,8387.6,-2910.8,7154.5
8273.7,-3227.3,-1621.5,7393.5,995.73,6536
8167.2,-1569.4,3286.4,6610.9,-1169.6,7405.1
8433.6,1920.6,-2979.4,6690,-1100,7086.5
9228.6,-2591.9,-1033,6779.7,349.92,6390.2
6884.4,275.89,-2845.2,6358,-669.1,9134.3
8848.2,-138.61,3243.7,6327.1,-74.277,7141.7
7460.1,972.35,-3387.6,6513.9,-1293.6,8227.7
9613.8,-1616.6,1263.7,6481.3,-240.63,6416.6
6475,-1082.7,1213.3,8032.3,-3418.9,7687.4
6714.7,-2303.2,926.78,9046.5,-1860.5,6582
6469,1042.8,-1207.2,7981.8,-3437.1,7743.3
6348.2,432.31,487.84,8125.2,3612,7751.4
6428.9,-929.63,-1001.7,8138,3471,7642
6946.2,-2607,1419,8545.3,-2102.6,6735.8
6384,-386.27,-963.65,6931.3,2890.7,9035.6
6722.9,2295.2,-1001.3,8981,-1974.4,6621.9
6362.1,538.88,-624.35,8066.6,-3599.1,7790.7
6997.7,-1258.4,-2778.9,6862,2276.8,8326.5
6464.7,-1439.7,633.12,9305.3,-2201.2,6646.4
8459.6,3485.5,567.55,7444.3,336.98,6348.8
6341.3,-21.223,543.79,6332.6,-365.17,9956.4
7335.1,339.06,3418.8,6351.8,529.47,8581.5
7206.8,-855.73,3204.6,6516.8,-1411.7,8513.1
7472.9,-127.58,3529.8,6328.8,-179.83,8453.9
6530.2,-1675.3,850.83,9093,-2383.3,6733.4
6715.2,-2321.3,884.74,9079.3,-1780.9,6557.7
7121.1,3212.2,219.79,8866,297.84,6332.8
7103.3,-2110.3,2402.4,7554.6,-2570.7,7450.6
6373.6,-942.81,45.754,9910.2,-285,6329.9
8128.6,-1939.6,-3092,6766.6,1360.6,7269
8299,-3592.5,273.99,7609.5,-179.33,6331.2
6844.6,2321.9,1530.8,8459.6,2459,6905
7241,13.179,-3351.5,6325.5,-22.495,8729.1
6373.3,-515.56,-787.16,7584.7,3525.8,8271.1
9656.6,-1926.6,-238.2,6542.3,52.72,6328.7
6453.4,1325.1,-726.62,9110.7,-2587.6,6800.2
9899.9,-929.16,476.37,6372.4,-47.921,6337.7
6326.9,-142.74,73.344,9344.4,-2601.2,6762.8
8368,-3410.8,1072.4,7451.3,-654.44,6412.2
8642,3121.7,-1392.4,7159.5,-700.64,6462.1
6325.5,-6.6036,7.5777,8114.2,-3652.6,7789.8
7282.4,-3389.5,80.874,8678.4,-97.06,6326.3
6338.8,283.56,-412.72,7685.5,-3608.5,8207
7280.4,-3388.5,-29.583,8681.8,35.559,6325.6
6330.1,-14.896,-294.1,6337.6,475.85,9966.3
7513.9,3553.8,103.68,8410.6,106.58,6326.7
6325.8,-66.238,32.799,9384,-2535.4,6735.4
6765.1,-2025.1,-1643,8278,2794.6,7139.4
6457.9,-1534.7,59.789,9783.4,-221.8,6328.3
6730.2,-2522.2,45.346,9390.8,-92.232,6326.1
8253.7,-3143.3,-1792.2,7353.5,1090.4,6587.5
7945.5,3638.2,-458.64,7932.2,-364.06,6343.8
6400.9,-1166,139.61,9833.6,-690.23,6352
6840.5,-1182.4,2507.9,6947.2,-2519.1,8413.4
6441.1,1354.1,493.32,9471.1,1911.4,6553.9
9464.6,-1677.6,1693.9,6502.6,-352.76,6496.4
6359.2,691.9,386.82,9208.5,2719,6827.7
8507,1587.8,3125.1,6567.3,934.31,7156.5
6430.7,1369.2,154.12,9792.9,642.42,6348.8
6342.5,296.44,-481.4,7504.4,-3528.3,8400.1
6616,2135.5,506.86,9409.5,1224.1,6422.4
6376.1,933.89,-253.86,9708.9,-1518.9,6458.6
6542.2,-1906,-290.77,9598.5,828.38,6367
8847.8,291.62,3234,6332.5,155.7,7136
7387.4,1099.8,3297.2,6583,1513.7,8221.5
9269.2,-2675,-537.36,6800.6,184.23,6342.7
6326,-73.745,66.707,8538.9,-3485.3,7401.7
9798,-1382.5,577.31,6432.6,-88.668,6343.7
7131.3,-3083.1,-970.32,8665.2,1273.9,6470.2
9284,-1696.5,-2107.1,6519.6,475.06,6605.6
9946.3,272.14,-688.88,6329.5,-20.115,6350.9
6594.7,2102.6,-294.62,9532.3,-747.53,6360.2
6893.4,1257.4,2585.7,6959.8,2490,8333.6
6756.6,-375.24,2560.1,6404,-1064.4,9240.4
7221.5,-2668.2,1995.8,7967.4,-2203.1,6948.9
6525.5,1509.3,-1085.3,8688.2,-2935.8,7052.2
8587.4,-2882.1,1906.6,7061.5,-923.02,6593.3
9975.9,-140.26,-422.4,6326.5,6.2965,6335
6992.5,-1530.7,2629.5,7111,-2549.5,8040.9
9519.9,1363.7,-1814.1,6440.6,-303.63,6520.8
7385.5,-3359.8,884.87,8431.5,-970.78,6420.7
8169.6,2308.5,-2816.1,6927.4,-1404.7,7064.7
6596.6,2120.8,-193.98,9559.4,-491.51,6340.4
6329.9,-10.438,287.58,6331.7,-341.78,9975.8
9892.1,-882.48,633.48,6367.9,-60.728,6347.1
7563.8,-3135.7,-1727.9,7930.1,1589.5,6665.7
6400.6,-1144.8,-250.53,9741.3,1232.9,6412.5
8268.4,-3244.7,-1590.5,7407.4,983.13,6528
6568.4,-1878.2,766.96,9224.2,-1995.5,6599
7862.2,3605.6,644.24,7991.9,533.43,6363.1
6640.2,2217.7,-491.18,9393.9,-1137.2,6409.7
6325.8,0.21394,-75.337,6325.5,-26.859,9992
9087,-1188.2,2737.3,6429.6,-475.57,6843.2
6806.8,1514,2238,7383.9,2904.8,7954.9
8948.6,-574.56,-3092.4,6351.5,279.38,7034.5
6326.8,104.49,-116.77,8161.1,-3641.1,7743.4
7312.2,-3257.4,-1030.8,8459.4,1180.2,6463.6
7083.2,3158.8,285.65,8905.6,399.05,6338.3
7311.6,-3397.6,-353.84,8623.3,414.84,6341.3
6804,2080.7,1714.3,8221,2763.2,7147.9
6824.4,-2205.7,-1624.7,8347.8,2618.4,7018.3
7330.1,2828.5,1942.9,7959,2013.9,6853.2
8600.7,3266,1101.6,7251.2,584.62,6410.9
6671.5,-171.53,2358.4,6346.2,-567.16,9443.4
7269.1,3109.5,1320.2,8377,1528.7,6566
6354.9,-249.91,697.69,6834.6,-2736.6,9205.4
6482,1620.8,363.11,9615.3,1221.9,6414.9
9478.5,-1770.9,1553.9,6521.5,-338.82,6468.1
7131.5,-2276.6,2294.6,7689.8,-2506.1,7290.8
6326.4,-4.6241,-129.47,6331.5,336.95,9981.6
6402.4,-960.37,694.75,8816.4,-3094.8,7083.3
6365.3,629.51,585.31,8452.1,3457.1,7431.6
6325.6,-47.651,-0.58062,9991.9,72.955,6325.8
8403.8,-3302,-1328.5,7366.4,778.39,6458.6
7024.7,2230.1,-2140.2,7831.3,-2612.3,7267.8
9894.4,-420.76,987.99,6335.2,-45.356,6378.5
6329,96.146,-236.89,6961.3,-2989.9,9074.9
6946.9,1329.8,2654.9,6970.7,2457.1,8256.5
6325.6,-0.48404,40.834,6326.2,-112.1,9991.3
6842.8,-2381,1429.8,8562.5,-2335.7,6823.9
6934.6,2546.8,1485.7,8493.8,2206.9,6788
8536.3,-1804.6,2984.9,6631.6,-989.16,7062.8
7834.8,674.11,3597,6392.4,710.13,7983.1
6601.9,1088.1,-1851.6,7298.7,-3091.3,8297.6
8525.6,3401.6,-799.95,7360.8,-452.7,6371.1
6955,-2552.7,-1543,8437.9,2234.1,6812.9
6346.3,566.69,263.78,9415.7,2404.7,6690.9
6711.6,2064.9,1363.8,8596.9,2604.1,6929.5
7369.4,3382.9,-738.22,8487.6,-823.46,6392.1
8711.1,-2140.1,2598,6717.2,-923.26,6832.9
6445.5,-1457,168.79,9768.4,-657.12,6350.1
6831.9,-2638.7,-792.52,9045.7,1388.3,6469.7
8677.8,1652.4,-2962,6565.6,-845.11,7017.4
9788.3,-330.88,-1497.7,6331.7,56.122,6451.1
6334,-224.54,332.54,7659.4,-3606.9,8241.1
6448.2,1369.2,-567.07,9374.3,-2114.7,6614.4
6457.5,-1232.7,912.74,8720.7,-3060,7099.8
8767.1,-1090.4,-3135.7,6426.7,577.65,7096.1
6328,-20.583,214.72,6368.4,-891.35,9921.4
7773.6,-1479,-3336.4,6655.7,1452.9,7727.6
9432,-1990.2,1424.7,6576.4,-352.42,6445.7
8203.3,-1707.4,-3206.8,6654.9,1206.6,7323.8
8902.6,2832.8,-1473.9,6942.2,-613.2,6469.2
9385.6,-2181.9,-1287.9,6631.3,352.68,6424
6326.3,-123.48,6.9262,9981.8,-335.06,6331.5
6426,1307.6,-326.53,9665.5,-1379.9,6437.3
6668.2,-2087.8,1089.6,8898.5,-2297.3,6738.1
6396.8,-946.12,641.23,8916.2,-3001.5,7010.1
7130.3,2657.6,-1837.6,8130.5,-2219.1,6896.6
7030.8,-3088.5,-263.33,8973.7,384.95,6337.1
7715.9,2181.4,2909,7054.4,1843.5,7345.5
9524.6,-2140.2,723.88,6605,-185.09,6355.4
6409.7,-1220.1,-214.12,9774.1,996.89,6381.9
8390.3,-287.08,3553.9,6334.1,-212.11,7523.3
9258.2,-1491.1,2305.2,6477.6,-464.59,6667
6608.6,1883.2,1078.4,8875.3,2500.7,6816.7
9958.1,-617.89,-168.08,6345.9,11.071,6327
6328,18.954,216.78,6361.2,815.17,9932.4
6329.9,56.883,-283.29,6505.8,-1771.1,9708.8
7218.1,-1792,2805.1,7116.2,-2337.8,7783.8
6409.9,174.79,-1227.5,6414.8,-1245.1,9723.7
6328,148.56,158.99,8238.1,3618.7,7669.6
7206.6,3303.3,297.2,8753.9,376.36,6337.7
9787.1,-536.29,-1441.7,6341.8,87.462,6441.7
9757.5,50.835,-1639.4,6325.7,-9.5505,6477.7
8520.9,-3495.9,97.853,7417.2,-56.618,6326.2
6339.7,-40.237,-515.09,6353.9,725.74,9925.6
6328.6,-130.98,201.24,7602,-3593,8310.7
6368.4,649.05,-611.58,8426.1,-3465.2,7451
7077.4,-317.8,-3148,6357.1,624.86,8886.5
6418.1,1296.6,1.3152,9848.3,5.8684,6325.5
8194.2,-3311.4,-1500.2,7495.5,977.39,6509.7
6347.6,643.47,-15.693,9955.9,-144.79,6326.6
6500.8,1727.5,283.71,9649.1,903.69,6374
6340.1,-163.8,497.08,6769.7,-2607.3,9315.4
9408.9,1358.7,2087.8,6444.7,363.01,6593.6
6617.5,1911.5,1088.4,8870.8,2482.8,6810.9
8838.5,-1328.6,2972.4,6470.3,-640.84,6991.3
8640.6,-790.99,3326.4,6382.4,-476.08,7250.1
6569.7,-2015.8,-270.63,9572.5,723.98,6357.5
6416.1,1281.9,-51.922,9846.6,-234.24,6328.6
6641.5,1078.8,-2003.5,7167.8,-2944.7,8398.8
6340.9,415.33,342.7,8678.9,3357.2,7265.2
6468.8,-1128.3,-1126.5,8233.3,3368.2,7507
6999.4,2163.8,2154,7802.2,2661.8,7321.2
6582,2036.7,414.1,9494.6,1073.6,6397.8
6529,-1322.9,1327.2,8171.8,-3286.3,7493.8
7855.4,-2367.8,-2793.6,7095.9,1719.2,7172.8
6907.8,2901.4,-5.4498,9150.2,-8.9734,6325.5
7359,-3385.8,-685.44,8511.5,771.42,6383.3
8154.3,-3231.4,1686,7469.3,-1102.2,6564.5
6325.7,0.22229,-57.14,6325.6,-36.797,9992.1
6326.4,-127.62,27.536,9857.1,-1250.9,6411.5
6407.1,1019,-670.2,8945.3,-2941.5,6976.1
6325.5,0.13591,-28.708,6325.6,-44.783,9992.3
6849.1,-2333.1,1530.1,8461,-2447.4,6899.4
6460.2,1544.4,-115.43,9768.3,-423.97,6335.8
7677.3,-3337.5,1414,7972.3,-1251.3,6532.4
6326.1,-0.2675,106.68,6325.5,-23.712,9991.5
7410.7,3295.3,-1156.2,8316.2,-1229.8,6487.5
8856.1,-3237,119.02,7136.2,-56.226,6326.4
9199.9,-745.22,2732.3,6364.7,-286.83,6828.1
7872.9,-2278.9,2868.7,7033.5,-1692.7,7220.3
6357.4,-757.2,-148.73,9831.8,1131.8,6396.6
8689.3,989.31,3235.1,6412.1,562.69,7175.9
9819,-974.54,-1030.2,6378.5,111.66,6383.8
6469.1,-942.13,1287.9,7703.4,-3430.3,8023.1
9149.8,663.47,2825.2,6357.3,269.93,6873.6
6723.5,351.78,-2480.8,6400.4,-1050.5,9291
6329.2,-239.24,-111.33,9439.5,2420,6692.2
9900.4,298.76,997.72,6330.4,32.48,6379.5
9252.4,356.62,-2731.1,6334.3,-134.93,6822
9859.1,1221.4,258.15,6407.5,34.428,6329.1
6527,-442.53,1812.3,6560.3,-1888.6,9337.4
9143,-1041,2718.7,6403.7,-405.76,6828.9
8726,-2361.7,-2381.5,6796.2,916.48,6741.9
9180.4,-2632.7,-1116.8,6802.7,390.65,6402.1
7674.6,2170.7,2901.7,7070.6,1887.2,7368
6516.2,-911.61,1574.4,7320.6,-3203.5,8381.5
6386,913.5,528.1,9135.1,2749,6853.7
8480.1,-3156,-1559.7,7246.1,852.1,6506.7
6742.2,-561.83,2489.9,6506.3,-1580,9114.5
6560.5,-1996,113.63,9625.7,-311.35,6331.3
6916.7,2793.8,-840.04,8938.9,-1341.8,6466.7
9175.6,1992.8,-2060.5,6603.7,-563.16,6598.5
6379.7,999.56,-33.724,9904.3,-197.86,6327.6
6413.5,492.93,1165.3,6977.1,2937.1,8934.9
7147,2038.6,2532.1,7418.7,2515.5,7540.8
6896.9,2764.6,-813.01,8971.7,-1326.9,6461.6
6798.3,-2308,-1368.7,8623.5,2362.3,6820
6326.5,-23.586,-136.96,6460.2,1548.3,9782.6
6387.8,1070.9,3.4181,9895,18.676,6325.5
7192.3,1399.7,-2990.1,6833.9,-2091.4,8134.4
6988.9,-2865,1007.3,8786.3,-1488,6511.1
6476.3,-1622.3,-183.84,9723.9,635.62,6348.9
9838,684.71,-1152.8,6351.6,-87.587,6398.5
6938.7,1784.6,-2355.8,7461.9,-2771.8,7722.2
6583.7,-168.6,2077.6,6352.4,-661.99,9560
6529.7,-1673.3,850.34,9093,-2384.7,6733.8
6336.5,11.762,-455.33,6328.6,-242.67,9970.2
6711.3,-2352.6,765.51,9167.2,-1562.7,6498.6
7068.9,-42.226,-3152.5,6326.1,84.552,8940.8
6723.6,-2337.4,903.15,9060.6,-1794.6,6563.1
9396.2,-2023.7,1492.3,6588.3,-379.93,6458.6
6344.9,-238.4,-553.42,7020.2,3065.6,8976.3
6335.9,-71.338,435.97,6447,-1471.1,9788.2
6337.2,-454.49,-116.14,9789.6,1457.1,6444.7
6353.5,-720.58,58.344,9929.2,-477.67,6337.8
6402.2,773.52,-896.55,8033.2,-3537.8,7774.1
9324.3,-2635.3,-149.62,6777.4,49.602,6326.8
6335.8,-361.46,-251.83,8948.6,3119.4,7051.9
6963.7,1391.4,-2654.5,7010.4,-2485.5,8189.9
6764.4,2329.6,-1168.2,8821,-2148.7,6700.7
8624.5,-3017.5,1631.9,7114.2,-805.76,6516.3
6504.4,-1733.3,-343.52,9611.2,1079.8,6395.5
6402.5,-950.37,-709.67,8769.1,3140.9,7121.4
6496.2,1679.3,-411.63,9569.5,-1320.8,6431.6
6325.5,0.0053292,6.4555,6325.5,7.8094,9992.5
6338.6,382.38,317.13,8672.9,3366.8,7272.8
6326.3,-0.74805,-120.62,6325.7,58.639,9991
6397.1,1054.6,-446.42,9427.2,-2194,6629.8
6496.1,185.26,-1718.5,6374.9,-913.75,9654.7
6398.9,-1070.4,444.74,9439.2,-2160.7,6619.5
6328.5,-227.61,-73.038,9704.5,1791.1,6510.1
8183.7,-744.3,3561.1,6390.2,-615.58,7645.5
9976.2,102.54,428.74,6326.1,4.6724,6335.3
6668.4,2311.1,-455.62,9379.9,-1008.2,6392.2
9410.9,419.15,2451.8,6336.9,133.64,6704.3
6937,-2825.5,857.1,8910.5,-1340.8,6468.3
8280.9,3440.2,-1091.9,7522.7,-699.51,6418.2
7612.5,2249.7,-2812.3,7162.5,-1970.3,7332.9
6348.2,-618.17,-205.78,9656.1,1835,6522.5
6339.7,24.929,-516.44,6336.4,-451.39,9952.9
8533,2314.5,2612.1,6822.5,1081,6867.8
8067.9,-3347.5,-1478.8,7608.5,1038,6513.3
6358.7,674.61,-404.31,9125.3,-2841.2,6890.5
6478.7,1530.1,-602.18,9369.4,-2006.7,6586.7
6326.1,-55.948,88.198,7561.5,-3578.4,8358.4
6330.8,261.74,-179.65,8976.3,-3101.5,7035.7
8637.1,3374.5,566,7292.8,302.97,6347.5
6614.9,-2099.3,627.78,9332.4,-1508.6,6476.6
6626.8,-622.56,-2140.7,6632.2,2060.6,9097.1
7527.5,1162.8,-3367.3,6577.3,-1430.5,8075.4
8422.9,-3250.9,1426.4,7326.8,-818.67,6478.7
6689.5,-2215.8,-961.14,9026.5,1992.6,6621.4
6521,-260.7,1821.6,6410.5,-1180.1,9564.4
9196.6,-2587.4,1163,6784,-398.24,6408.4
8975,1882.6,-2483.7,6596.2,-699.68,6753.6
6685.2,-2255.6,829.49,9138.5,-1750.5,6544.5
9496.3,-1980.8,1206.8,6568.2,-290.26,6410.1
6404.6,-1024,-629.63,9036.3,2833.6,6908.5
7563.8,2430.3,-2629.1,7331.6,-2027.4,7209.9
6602.8,2051.3,646.59,9326,1587.3,6493
9698,-1157.9,1411.3,6403.5,-188.96,6438.3
9720,1518.5,889.18,6458,153.59,6369.4
6334.6,-399.32,-105.53,9781.5,1504,6452.7
7383.6,-3133.7,-1497.2,8191.5,1579.9,6610.5
8834.5,-930.74,3123.9,6397.1,-478.13,7074.6
6395.8,-1059.8,406.47,9501.3,-2028.8,6579.4
7035.6,-1197.7,-2866.4,6786.9,2133.3,8373.2
6495.5,-1548.3,762.8,9165.8,-2365,6715.5
6663.7,334.68,-2318,6405.6,-1103.1,9366.7
6532.3,1610.4,-984.98,8889.9,-2684.5,6884.9
6542.1,1067.6,1604.8,7508.4,3275.9,8139.5
6423.4,1311.4,-229.57,9754,-989.35,6381.4
6854.1,1084.3,-2581.7,6838.4,-2350.9,8530.2
6885.1,-2802.9,-568.21,9084.6,948.8,6392.1
6491.7,-1530.9,756.96,9167.3,-2374.7,6718.4
8067.9,-3548.7,-894.18,7752.7,653.02,6392.3
6337.8,477.43,-57.78,9930,-714.11,6353
6560.8,1813.7,-843.42,9134,-2210.4,6671.9
7493.6,3512.8,470.37,8402.3,487.44,6350
6326,6.3543,99.531,6344.7,599.5,9961.5
9226.1,-2781,-267.86,6846.3,96.515,6329.8
8419.7,3386.6,-1070,7407.6,-633.87,6410.4
6524.7,1828.6,-317.27,9605.8,-943.93,6379.2
7740.9,-3406.5,-1289.5,7958.1,1109.3,6490.2
6422.4,-1292.5,289.33,9703,-1249,6416
7479.8,1329,3277,6666.9,1640.2,8017.7
9100.5,-2877.4,-723.73,6910.2,281.69,6357.8
9459.6,-1732.6,1651.9,6514.6,-355.32,6487.9
6371.6,679.59,627.03,8459.1,3440.6,7418.1
6325.7,1.877,-55.127,6331,-321.42,9983.6
6331.5,-19.474,-337.06,6341.2,541.66,9958.3
8317.9,-3594.8,85.656,7598.3,-55.576,6326.1
6831.2,2686.4,605.15,9133,1070.4,6408.5
7886.3,-1943,-3107.3,6842.7,1591.6,7409.1
6476.9,1510.1,-628.7,9331.6,-2099.8,6615.2
6889,-1712.3,2299.7,7467.7,-2833.3,7771.8
6655.2,-1545.9,-1726,7896.4,3158.8,7608
6328.4,-4.6152,-235.55,6327.3,184.94,9985
8912.4,2871.8,1373.3,6955.8,575.52,6449.4
9249.6,-2723.9,-435.83,6821.3,152.9,6336.8
7964.5,2962.4,2161.1,7416.5,1474.7,6768.7
9653.7,-984.39,-1682.2,6382.9,195.19,6488.7
8222.5,-1822.7,3136.6,6695.4,-1238,7262.4
6585.1,-2017.8,542.29,9414,-1387.8,6449.6
7808.8,-3157.5,-1842.7,7683.7,1445.1,6663.6
8051,3181.7,-1812.2,7506,-1239,6616.2
6399.9,-1153.7,-174.47,9811,866.95,6367.6
8225.4,3049.6,-1963.2,7312.5,-1185,6647.2
9564.9,-2101.6,-536.93,6591.3,133.07,6341.8
8309.6,-736.4,3522.9,6384.3,-559.93,7536.6
6326.8,48.88,-145.81,6786.2,-2655.5,9312.2
7694.2,-1842.8,-3127.2,6862.5,1751.1,7572.2
8590.2,3267.7,1118.5,7256.7,596.58,6413.9
6325.5,-0.0086135,8.5696,6325.5,-9.5083,9992.5
6419.3,-1303.4,41.33,9843.7,-183.25,6327.4
6758,2562.6,381.54,9297.9,743.63,6363.1
8572.6,1371.3,-3182.5,6500.7,-802.36,7174.5
6698.5,-1076.4,2189.4,7039.6,-2757.6,8478.9
9817.6,-107.85,-1419.4,6326.2,17.175,6437.5
9366.4,1356.3,-2180.1,6446.3,-384.64,6621.9
9829.3,-1213,651.06,6407.2,-87.131,6348.5
6349.2,-74.181,-662.24,6383.1,1024.2,9865.3
7121.5,592.36,3165.3,6428.3,1090.3,8733.6
7298,-3315.1,-774.43,8555.7,906.18,6403.3
6726.1,-2478.5,410.55,9328.5,-834.72,6372.2
6481.7,150.6,1652.9,6361.3,782.47,9696.9
6983.9,682.12,-2951.5,6491.3,-1416.1,8819.3
6364.2,-0.73347,847.87,6325.5,-8.0181,9931.8
7089.4,-2795.1,1516.1,8397.5,-1970.3,6716
7663.9,-3620.2,27.371,8247.4,-25.675,6325.6
9749.9,1108.2,-1243.3,6395.7,-156.59,6411.8
6348.9,517.55,411.82,8729.4,3298.9,7214.1
6987,-1252.8,-2763.3,6866.1,2291,8334.2
8273.2,2209.9,-2857,6847.2,-1297.6,7057.9
6673.8,180.97,2364.4,6348.3,595.57,9436.9
8826.1,-13.627,3267.4,6325.5,-7.4339,7161.5
8933.6,3075.1,733.31,7037,322.18,6359.9
6592.2,1176.4,-1757,7488.9,-3205.2,8098.7
8275.9,2641.8,2461.8,7058.2,1294.6,6844.8
8270.9,-2887,2171.9,7194.2,-1228.1,6719.4
6386.3,-1034.8,-222.07,9767.6,1217.1,6409.5
6571.6,-1171.3,-1671.3,7569.9,3259.4,8037.1
8275.3,3605.5,202.87,7634.3,134.66,6328.6
6331,-173.22,-272.8,7560.1,3571.2,8353.4
6373.4,-778.17,530.98,8934.2,-3040.3,7021.6
8157.8,-3334.9,-1468.9,7535.2,980.18,6504.2
8969.1,2431.5,-1959.8,6772.2,-696.33,6582.4
7389.3,-2507.9,2408.5,7567.1,-2189.1,7150.4
6526.3,288.91,1839.9,6427,1282.5,9532.2
9126.4,-2886.7,520.48,6907.7,-201.09,6342.1
9509,-618.71,2207.7,6349.5,-170.75,6622
8861.3,-3128.7,-819.28,7083.9,375.94,6369.3
6436.9,-1331.6,480.8,9482.5,-1900.3,6550.4
7827,-1365.7,-3394.1,6597.3,1323,7742.9
8907.2,3009.8,-1052.9,7016.3,-459.55,6397.6
8584.7,-1895.6,-2891.5,6654.3,978.39,6999
7106.8,1719.1,-2701.4,7160.9,-2472.5,7856.4
6338.7,170.21,-468.07,6852.2,-2785.3,9205.3
9578.7,1986.6,-787.36,6562.3,-184.33,6360.6
8610.4,3356.6,753.74,7295.3,406.61,6365
7860.2,3569.6,819.64,7964.4,675.18,6386.8
6849.6,947.25,-2625.4,6724,-2143.4,8681.1
7129.8,-788.02,-3132.7,6504.5,1403.3,8621.4
6980,3005.2,328.12,9028.2,501.83,6344.7
7259.9,-2068,-2660.5,7313.7,2371,7530
6669,-2325.4,-387.01,9406.8,857.65,6373.3
6956.5,1718.5,-2441,7356.1,-2722.5,7813.2
7932.5,-2436.8,-2740,7098,1642.7,7101
6430.1,964.22,-978.49,8240.4,-3435,7545.7
6779.3,-2285.8,1322.5,8669.7,-2345.8,6802.6
8015.5,-3365.7,-1449.8,7662.5,1051.4,6509.7
6371.9,878.9,-293.94,9619.2,-1825.9,6523.2
8371.9,2073.8,2910.5,6762.6,1187.3,7062
7415.3,-2053.8,-2828.4,7161.2,2167.4,7529.2
7178.4,-2511,-2120.1,7868.8,2350.5,7078.4
6331.1,3.386,-324.51,6326,-98.396,9982.9
7114,-3114.2,-782.51,8753.9,1051.1,6420.2
6327.1,0.14362,-171.23,6325.5,-7.9281,9990.1
7081.3,1421.4,-2832.6,6927.5,-2295,8150.3
6338.3,425.23,-243,9209.6,-2780.2,6849.4
6345.4,592.57,-148.22,9784.6,-1424.6,6439.7
8636.8,-688.26,3351.9,6368.7,-419.11,7268.8
8407.9,-2973,1953.3,7179.1,-1054.9,6623.8
8003.9,-2470.6,-2707.7,7082.9,1571.3,7052.7
7440.6,3505.3,220.21,8487.5,237.05,6331.1
8049.2,-3635.6,-436.33,7833,327.03,6341.3
6717.8,-410.01,2456.9,6428.6,-1225.3,9258.1
7144.4,-2959,1338.8,8471.7,-1696.1,6605.8
8573.3,1264.1,3226.1,6474.6,752.51,7202.8
9793.5,-1493.1,256.77,6450.4,-42.542,6329.1
9954.6,-425.79,519.53,6335.2,-23.647,6339.9
9372.2,142.06,-2553.4,6326.8,-47.964,6742.7
9957.2,-524.42,-380.67,6340.2,21.305,6333.2
8743.7,-418.7,-3313.2,6340.7,240.22,7211.6
9713.1,-1775.8,-131.89,6506.5,26.51,6326.5
6884,-570.73,2800.3,6463.6,-1341,8985.6
6875.8,-2242.5,1746.4,8228.5,-2621.3,7066.7
6331.3,-8.0218,330.46,6328.3,-228.7,9979
6473.9,1449.4,-724.08,9180.4,-2408.8,6727.3
6359.4,772.21,-189.94,9769.1,-1395.4,6435.7
9402.5,2497.7,-161.45,6720.8,-49.608,6327
7545.8,-3506.6,-678.53,8311.4,676.72,6375.1
6632.8,1705.8,-1465,8321.5,-3017.3,7243.8
7019.3,-2142.7,2216.7,7736.4,-2653.1,7362.6
7844.5,-949.07,-3535.6,6456.5,966.14,7894.1
6905.6,2752.6,905.11,8916.7,1456.5,6493.2
6660.5,-2288,454.58,9389.2,-1018.8,6393.3
7395.2,-3231.8,1294.6,8275.5,-1378.2,6533.1
6664.3,2329.3,259.08,9452.3,580.52,6347.1
7145.7,-1635.1,-2807.8,7049.4,2358.5,7937.2
8240.1,620.68,-3569,6369,-499.02,7618.3
9742.2,-236.25,1673.9,6328.7,-45.543,6484.8
6677.6,1124.1,2100.2,7145.2,2887.2,8379.7
9254.6,1752.1,2120.7,6534.8,498.52,6611.1
7309.1,813.39,-3315.6,6479.6,-1241.7,8442
7393.9,-2765.6,2113,7803.3,-2044.3,6929.7
6477.9,-1439.6,786.35,9084.3,-2556.2,6794.2
9511.6,1474.8,1748.2,6460.4,316.47,6506.6
7552.9,-3441.1,-969.9,8235.6,951.88,6427.7
9423,-2431.3,-404.27,6697.8,120.37,6334.9
6590.3,2100,-181.13,9571,-464.95,6338.7
6993.8,-1137,-2824.4,6769.2,2132.3,8445.2
6469.5,-1045.2,1208.8,7983.1,-3436.1,7741.4
6553.1,-1953.1,262.73,9596.5,-730.05,6357.8
9960.8,400.1,466.1,6334,19.897,6337.1
6385.7,1045.4,-128.05,9854.9,-709.82,6353.3
9017.6,2658.2,1532.4,6845.2,576.42,6477.2
9478.6,-1161.7,2049.5,6410.6,-298.19,6579.9
8297.5,-2715.8,-2368.4,7088.4,1259.1,6797.8
6551.7,-1900,-503.06,9465.6,1387,6447
8678.9,-3235.8,1013.9,7202.5,-516.13,6396.1
6371.6,586.62,714.22,7971,3593.4,7872.3
6340,488.18,185.59,9586.2,2057.6,6578.5
8310.4,-3381.5,-1231.3,7467.3,768,6442.9
8296.7,-2899.5,-2140,7189.1,1198.2,6703.3
6504.8,-1723.6,397.39,9574.7,-1244.1,6419.6
7226.6,3130.7,1155.5,8492.8,1395.7,6514.5
6339.1,360.67,-353.17,8387,-3541.1,7520.3
8447.6,-2651.3,2342.2,6998.8,-1132.4,6762.5
9471.3,-1474,1856.8,6462.3,-341.01,6532.4
6715.2,-1414.2,-2042.2,7467.2,3045.4,7973.5
8574.7,-3389.9,712.62,7330.2,-393.46,6361.1
8833.8,-1057.2,3084.1,6417.8,-534.57,7052.3
7827.5,-3646.5,297.76,8064.7,-253.41,6333.6
6656.4,2267.5,493.41,9375.6,1111.5,6406.6
8890.4,3205,65.515,7109.4,30.28,6325.8
7457.4,3355.5,1072.6,8299.9,1112.1,6459.5
9809.2,1239.4,-764.43,6411.4,-105.19,6357.4
7061.3,-2671.6,1654.7,8306.8,-2161.6,6816.2
6352.4,-533.64,-466.89,8569,3411.8,7345.1
7261.9,-1185.6,-3156.2,6665.8,1765.5,8259.7
6339.2,474.13,-183.45,9575.1,-2088,6587
6325.7,-0.084323,62.436,6325.5,-12.775,9992.2
7336,-2922,-1808.3,8047.3,1903.1,6772.6
9443.3,1913.4,1491.3,6556.8,354.18,6457.3
8331.8,-3399.5,-1155.3,7465.7,715.77,6427.7
7335.3,2984.8,1701.5,8115,1815.3,6716.7
6385.6,835.27,-639.4,8750,-3197.6,7155.8
7513,1953.8,2969.8,7021.9,2012,7578.8
9173.8,-2868.8,35.157,6889.9,-13.267,6325.6
7108.6,1816.1,-2639.9,7249.6,-2515.3,7758.3
6356.9,557.08,-524.82,8437.6,-3481.4,7454.2
8039,-3510.9,-1043.9,7749.2,768.82,6418.1
8809.3,1466.2,2937.1,6503.9,704.76,6978.4
6325.7,29.69,-47.997,7521.4,-3559,8403.5
7707.6,-203.96,3628,6332.3,-241.07,8191.9
6824.9,-2076.3,1789,8140.9,-2779.6,7196
6893.9,-2838.5,-463.68,9106,769.72,6369
6474.6,-901.95,1350.7,7554,-3380.3,8174.7
6334.3,370.18,-171.06,9438.8,-2402.9,6687.2
6684.9,908.7,2223.9,6861.4,2520.5,8716.9
6348.9,594.41,-292.48,9359.2,-2501.6,6728.6
6331.4,-326.35,67.822,9858.8,-1205.4,6405.4
6336.4,34.323,-450.76,6352.6,-709.03,9932.9
7104.6,-3181.4,337.52,8872.2,-462.8,6343
6335.5,-191.1,390.38,7177.7,-3274.8,8792.2
7420.8,1877,2953.1,7026.7,2096.3,7667.7
6615.3,-1233.8,-1812.3,7500.2,3180.7,8058.3
8758.8,3163.5,-1029.7,7136,-497.62,6396.9
7042.9,-3114.1,-133.08,8970.5,192.74,6328.4
6557.6,-1544.9,-1251.7,8482,3050.2,7188.2
6537.7,712.52,-1771.7,6888.8,-2686.7,8877.7
6332.9,-372.56,-33.656,9956.6,536.42,6340.9
6365.2,-846.54,145.19,9845.5,-991.56,6379.9
8604.7,3357.3,768.43,7298.3,415.63,6366.6
9882.7,716.6,-880.22,6353.6,-68.896,6367.5
7799.9,-1893.3,-3125.7,6848.3,1660.2,7485
9380,-2108.3,1423,6612.1,-378.45,6446.5
8977,-1396.5,-2783.7,6475.7,592,6877.7
6565,-2010.5,150.8,9612.7,-408.82,6335.6
6358.8,785.27,-61.843,9922,-463.8,6337.1
7167.8,-3065.3,-1152,8549.3,1454,6524.5
9320.9,-266.09,2631.8,6330.3,-94.443,6776.1
6549.4,-1769.6,834.64,9136.3,-2243.5,6681.8
6330.3,181.94,-238.81,7869.8,-3656.2,8025.6
9843.3,-964.63,898.63,6377,-95.625,6369.5
7454.7,-3273.9,1295.9,8220.3,-1327.2,6524.5
8442.9,331.55,3524.5,6336.6,235.96,7473.3
8535.2,-3480.7,235.18,7401,-134.77,6329.4
6772.3,-810.62,2496.3,6671.2,-2073.8,8849.6
6338.1,-471.9,-123.04,9781,1483.6,6449.4
6929.7,1851.7,2283.8,7559.2,2794.8,7632.6
9151.3,-1768.7,-2298.3,6547.8,567.98,6672.5
9748.6,-1560.9,592.56,6464,-104.05,6344.8
7640.5,-3075.5,1894.3,7785.8,-1630.2,6721
6434.4,1.4254,-1400.5,6325.5,-9.0889,9823.4
7544.6,3424.1,1014.1,8231.3,998.14,6438.1
6327.1,-171.72,-27.875,9912.9,953.9,6374.7
8156.7,2677.2,-2472.5,7129.2,-1400.8,6875.5
6589,-2098.7,137.69,9581.3,-354.63,6333.2
6400.6,1160.5,-166.39,9816.4,-823.07,6363.4
6365.4,-813.32,-282.18,9607.7,1888.5,6537.6
6525.6,1790.6,501.31,9482.1,1473.3,6461.6
6399,-1056.5,-478.02,9369.7,2307.1,6668.5
6392.5,1086.5,-224.39,9767.5,-1171.2,6403.4
6557.4,-153.85,1981.6,6350.5,-642.89,9601.1
6685.5,-674.53,2307.7,6625.6,-2006.7,9026.2
9435.8,-1380.7,2012.3,6447.3,-351.73,6572.2
6571.1,-1929.7,657.75,9330.6,-1718.7,6521.1
6471.8,1586.7,271.75,9685.5,951.31,6378.5
6607.4,2027.6,-762.61,9226.6,-1839.2,6558.3
6555.4,1649.5,1094.7,8762.3,2784.6,6960.6
6985.5,-3031.2,-58.755,9047.5,89.648,6326.1
6490.8,1396,976.92,8764,2938.2,7028.5
8326.5,3407.7,-1137.3,7473.9,-707.66,6424.7
6741,1562.1,2015.2,7615.4,3046.1,7788.4
7165.2,-3165.3,827.5,8683.3,-1065.4,6426.2
6398.5,-1104.9,338.9,9624.7,-1677,6492.3
9001.4,-3049.8,-477.08,7006.1,202.6,6339.8
8426.7,-2893.3,2053.9,7128.7,-1076.1,6655.8
7512.8,3283.4,1362,8140.5,1337.8,6537.5
8686.4,2341.5,-2444.8,6797.2,-950.8,6771.7
7038.4,-1906.1,2458.1,7434.4,-2646.9,7640.9
6337.2,468.28,32.501,9959.7,412.44,6334.6
6331.6,326.33,91.207,9764.1,1583.7,6467.3
7921.8,-2250.4,2894.7,6994.4,-1638.6,7215.9
6824.1,-44.457,2738.5,6326.5,-117.45,9261.1
6452,-1034.5,-1090.9,8155.3,3426.2,7598.5
7025.3,-3091.7,26.212,8996.9,-38.573,6325.6
9354.7,1912.9,-1743.1,6564.6,-427.87,6510.6
6615.7,-155.2,2188.2,6345.8,-570.16,9523.7
6336.7,11.203,-458.4,6328.3,-229.59,9970.5
6631.4,2090.4,815.87,9172.3,1877.4,6573.3
7153.7,2410.6,-2192.4,7800,-2428.6,7165.4
6374.6,950.18,-72.8,9898.4,-448.68,6336.5
8105.6,-2189,2925.9,6890.2,-1447.8,7158.9
7356.9,-3435.3,347.92,8571.6,-395.36,6340.3
7278.4,2682.1,2068,7887.8,2170.5,6964.3
7595.9,-3202.4,-1632.7,7950.7,1487.8,6620.4
6796.2,880.02,-2530,6710.4,-2149.6,8767
6333.4,1.1153,-384.84,6325.5,-27.301,9980.1
8251.4,2859.8,2217.9,7188.1,1257.6,6741
8852.9,2237,2346.8,6725.4,814.17,6715.2
9593.4,2011.4,610.51,6566.9,143.83,6346.5
6547,-1689.7,967.15,8948.8,-2562.9,6824.3
9492,-2223.5,-690.95,6630.4,185.11,6352.9
9973.5,160.48,-448.95,6326.9,-7.6633,6336.2
6326.8,129.79,91.739,8937.9,3153.3,7070.3
9637.7,1310.9,-1498.6,6427.5,-231.29,6454.3
7350.4,-3443.9,-163.59,8594.8,187.13,6328.8
6396.4,981.23,-580.46,9094.3,-2777.2,6873.2
9287.2,-2627.1,623.49,6781.2,-209.01,6348.6
7521.5,1970.3,-2964.2,7027.9,-2007.8,7563.7
9337.4,-300.64,-2600.2,6331.6,104.72,6762.8
8133.1,2949.9,2148.1,7303,1328.3,6731.4
6597.9,-156.89,-2128.4,6347.6,597.86,9546.6
6490.7,-1645,442.05,9546.7,-1439.1,6452.4
6844.6,2587.7,1019.2,8899.4,1734.3,6563.8
8606.6,3442.7,28.995,7344,15.966,6325.6
6336.3,-38.548,-448.48,6359.9,798.23,9921.6
8019.9,1088.2,-3499.1,6477.8,-967.61,7696.1
9099.4,-1819.2,-2345.6,6565.6,607.77,6692.3
7844.3,1133.2,3481,6511.5,1126.3,7827.6
6523.4,-1811.7,376.05,9573.8,-1119.7,6401.8
6337.5,428.79,206.03,9397.8,2469.8,6713
8648.1,-3058.3,-1516.7,7125.5,748.95,6488.3
8040.8,2669,-2508.1,7181.9,-1513.5,6923.6
6375.8,854.55,-447.11,9260.6,-2584.6,6771.6
6339.7,189.46,-481.04,6927.3,-2923.3,9103.9
6499.1,-1737,140.59,9707.3,-452.07,6337.4
6546,1616,-1078.5,8765.6,-2803.7,6968
6658.8,1762.7,-1520,8291.1,-2988.1,7242
6561.3,1348.7,1479.7,7998,3286.2,7619
6481.3,-1657.5,20.049,9751.9,-68.328,6325.8
6597.4,-1849.1,1061.8,8885.5,-2516.4,6820.5
7281.7,3389.7,29.619,8680.1,35.568,6325.6
6380.8,-1009.3,-47.043,9899.5,273.02,6329.6
7784.3,2464,2695,7198.2,1793.3,7135.5
9179.7,1829.1,-2199.7,6560.2,-554.48,6639.2
8021.9,-1553.1,-3318.8,6631.5,1277.7,7515.7
7901.7,-3661.2,182.3,7995.5,-148.94,6328.4
6458,285.67,1510.1,6476.1,1573.2,9559.9
7065.4,2315.5,2132.6,7852.7,2539.7,7206.3
8971.7,3088.8,442,7031.5,191.92,6337.8
6766.2,2522,672.84,9172.1,1283.2,6442.5
7863.5,-2680.2,-2496.6,7292.7,1682.3,6972.1
9742.9,-1093.6,1286,6394,-160.28,6418.1
6716.3,-1319.9,2107.7,7327.4,-2980.9,8124.4
6464.3,-794.7,1354.7,7365.2,-3294.5,8397.6
7031,3098.3,-102.55,8987.3,-150.12,6327.3
7104.5,-254.98,-3188.9,6345.1,490.11,8869.4
6657.7,2242.9,-609.41,9310.7,-1362.1,6450
6486.7,-912.31,1415.6,7492.2,-3338.8,8226.7
7570.4,2558.4,-2509,7426.4,-1999.2,7111.6
6413.3,-1052.3,-699.49,8923.6,2951.1,6986.2
6695.9,2432.8,18.353,9439.5,39.235,6325.6
7138.4,-1890.3,-2632.1,7285.3,2496.9,7688.1
7961.5,-3018.3,2082.4,7457,-1442.9,6734.5
8504.9,-881.49,3393.9,6401.1,-578.58,7344.2
6895.5,2734.5,900.99,8928.3,1465.2,6494.3
6445.1,-1395.6,443.61,9540.6,-1699.6,6502.1
7276.4,-2420.2,-2366.5,7624.5,2323.9,7206.7
6326.2,91.706,-63.544,8968,-3122.6,7047.4
8767.8,-2229,2459.4,6738.3,-883.1,6767.4
6372.6,-782.14,-510.47,8996.9,2969.3,6973.6
9378.2,1741.9,1857.9,6522.6,414.12,6536.2
7440.8,903.12,3394.2,6491.3,1230.6,8277.7
6531.3,-634.71,-1773.3,6790,2506.7,9015.6
6330,289.63,-26.31,9960.9,-539.95,6341.1
8067.1,-3628.4,477.17,7812,-353.78,6344.3
7218.2,-3140.9,1101.9,8524.3,-1343.7,6498
6427,-1132.6,-743.11,8925,2914.3,6970.3
7226.8,-2972.4,1517.5,8303.8,-1779.4,6662.5
9975.7,406.82,-188.89,6334.3,-8.1579,6327.4
9258.9,-371.37,-2719.1,6335,139.51,6816.4
9570.7,582.05,-2075.8,6346.2,-147.67,6582.7
6358.1,405.89,-665.17,7481.3,-3495.7,8405.4
6354.7,-310.71,669.17,7103.7,-3168.4,8857
9785.7,368.85,1498.6,6333.2,62.644,6451.4
9655.6,280.68,-1923.6,6330.2,-64.125,6541.4
7506.8,-3547.8,162.17,8416.2,-167.4,6328.4
6393.3,-823.85,751.76,8456.6,-3399.2,7395.1
6514.6,-1618.4,815.43,9120.3,-2384.8,6729.3
6376.1,843.52,473.06,9183.3,2706.6,6828.3
7952.8,2223,-2916.4,6965.8,-1602.7,7217.3
8259.2,-2817,2268,7160.3,-1265.9,6760.7
7432.1,-3493.3,-304.9,8490.4,329.72,6336.2
8272.4,3383.3,1265.3,7491.8,804.44,6451.3
8409.6,2239.7,-2762.7,6822.6,-1181.7,6968.5
7761.3,-2892.7,-2221,7521,1689.9,6849.5
7748.1,3641.5,-137.56,8155.5,-122.74,6327.3
6325.5,-20.446,-2.1178,9960.6,615.64,6345.7
9546.5,2189.6,-306.92,6615.4,-79.503,6330.8
6380.4,-986.51,-200.04,9790,1156.4,6400.8
9330.1,-2599.6,-398.35,6764.6,130.21,6334.8
7818.8,-2958.5,-2150.3,7522.9,1602,6797.4
6830.1,2713.2,457.19,9185.9,813.89,6372.5
7359.2,3454.2,57.856,8588.3,65.816,6325.9
6672.6,-1696.6,1651.6,8095.7,-3069.7,7401.4
8194.1,3469.4,-1086.1,7600.2,-731.19,6420.1
8135,3624.9,-416.76,7752.7,-297.97,6339.5
6491.9,1466.7,-876.5,8965.6,-2690.8,6869.4
6326.8,-155.98,24.415,9918.6,-921.09,6371.3
9493.8,-2258.7,-549.74,6639.6,149.3,6342.8
8404.6,-3282.5,1374.9,7354.6,-801.77,6468.3
6325.6,35.374,-1.9275,9983.5,-325.62,6331.1
8841.1,-2865.4,-1540.9,6973,664.06,6485.5
8759.3,-2163.8,-2526.6,6716.7,887.06,6795.8
7435.8,3505.5,158.98,8496.5,171.76,6328.4
9249.7,2758.3,-32.352,6833.4,-11.472,6325.6
9378.4,-2473.4,-605.35,6717,186.04,6346.9
6365.6,787.43,-353.95,9420.7,-2325.4,6667.2
7775.9,-3573.5,743.13,8062,-644.42,6377.9
6451.1,-1365.7,-616.37,9302,2256.8,6662.8
6332.5,281.48,-231.5,8693.3,-3364.4,7262.7
7219.1,2976.5,1492.2,8324.7,1763.8,6653
8267.3,-3567.6,-576.59,7614.7,381.44,6351.1
6326.8,-144.85,63.663,9493.6,-2320.1,6656.6
8405.1,1923.5,-2994,6696.6,-1123.3,7103.5
6639.9,2253.4,-277.75,9479.6,-648.18,6352.1
6751.2,1954,-1676.4,8213.1,-2866.7,7210.7
8529.8,995.34,3347,6420.5,634,7300.6
6325.7,-26.978,61.597,7045.7,-3120.6,8970.8
6565.7,1096.3,1695.2,7452.7,3222.4,8170.9
7141.5,-2993.9,-1249.9,8523.3,1598.5,6568.5
6859.8,2680.9,-846.55,8990.6,-1433.6,6482.8
6330.2,-15.787,297.24,6338.8,-498.73,9964.2
6327.1,0.11318,-171.35,6325.5,-6.2433,9990.1
6497.7,1529.8,-820.64,9078.8,-2506,6777.7
6575.6,1674.4,-1192.1,8647.4,-2862.3,7031.4
8002.4,-3175.2,1831.5,7536.7,-1285,6629.3
7775.2,-3648.3,106.55,8128.1,-93.614,6326.6
9852.4,778.63,-1014.1,6359,-87.079,6381.7
8305.6,-2460.9,-2628.2,6955.3,1284.3,6921.1
6766.6,-2368.2,1100.4,8880.7,-2033,6653.4
7762.5,1441.9,-3350.1,6642.4,-1437.3,7754.3
6913.1,2664.3,-1172.6,8747.9,-1837,6611.4
6618.8,2115.5,-617.38,9337,-1474.3,6469.6
9749.5,1666.4,-41.478,6483.1,-7.7502,6325.6
7357.2,-2108.2,-2734.8,7253.3,2253.1,7492.4
6473.1,1613.3,-102.38,9753.2,-358.61,6332.9
8236.6,1573,3264.4,6600.7,1118.5,7354
6746.1,738.93,-2453.2,6632.2,-1989.4,8936.3
9411.1,2017.2,1454.6,6585.2,367.17,6451.4
8832.3,3197.5,643.89,7125.9,304.24,6352.6
6848.1,1848.1,2087.8,7737,2898.1,7546.1
6416.6,1225.1,391.14,9579.2,1724.8,6504.8
9284.5,-1057.5,-2489,6401.6,356.18,6726.9
9695.3,-239.85,1817.4,6328.9,-51.047,6515.9
7899.4,-250.07,3657,6334.3,-258.03,7990.4
6365.4,-566.41,-647.95,8086.5,3590.3,7767.5
8455.6,-1927.5,2961.5,6688.3,-1084.6,7069.7
7956.2,-2813.8,-2351.5,7322.2,1552.5,6863.1
7006.5,-3063.9,-14.022,9021.2,20.989,6325.5
8837.5,-807.53,3155.1,6379.4,-419.53,7091.7
9131.5,2561.3,-1415.7,6787,-492.85,6451.2
7835,-198.4,3654.3,6331.3,-214.35,8060
8107.7,-3300.3,-1567.8,7546.8,1066.5,6534.4
7127.9,3029.4,1114.9,8604,1455,6519.4
6535.4,1802.2,602.89,9388.9,1715.2,6515.9
6753.7,-2233.9,-1292.1,8698.4,2370.6,6805.8
7209.3,-1311.8,3049.3,6765.2,-1977.7,8197.7
6330.3,254.37,-161.1,9089.1,-2968.4,6949
6467.4,969.79,-1256,7793.7,-3445,7932.1
7006.3,3015.9,538.81,8950.3,800.34,6375.8
8264.3,-453.69,3586.3,6348.5,-362.54,7620.6
6327.4,190.89,-16.796,9966.4,-523.68,6340.1
8593.9,-3259.1,1135.9,7250.5,-603.66,6416.6
8934.6,-2687.4,1662.8,6875.3,-653.17,6508.8
6693.4,2404.9,-319.14,9398.1,-682.19,6355.9
7291.8,-3398.5,-51.572,8667.8,61.485,6325.8
8242.2,-1148.6,3435,6473.2,-873.39,7493.8
6355,617.69,-410.45,8993.4,-3019.7,6995.7
6793.1,-2610.6,569.03,9190.5,-1054.3,6404.1
7272.3,1623.9,-2965.7,6943.2,-2155.7,7918.3
6804.7,-2569.1,822.32,9054.4,-1483.7,6489.3
7445.9,-3309.2,1186.6,8271.1,-1231.2,6492.1
9611.8,449.57,2007.2,6337.7,108.78,6563.4
7348.6,-2552.1,2316.1,7657.7,-2207.6,7105
6720.6,-2437.5,547.07,9280.7,-1115.3,6410.2
6392.7,1110,41.53,9883.4,218.31,6328.1
6526.9,42.83,-1864.6,6327.7,-195.09,9680.7
6404.7,878.99,820.67,8406.6,3405,7425.9
7984.2,-3468.9,1187.2,7765,-894.01,6448.9
8005.8,-3664.4,84.637,7894.4,-65.274,6326.1
7171.8,-3151.1,906.97,8648.4,-1157.6,6446.2
7251.7,3203.3,1020.1,8524.2,1219.8,6468
8981.4,-909.02,2973.6,6389.5,-416.38,6967.2
6790.6,2485.2,-965.8,8973.4,-1754.4,6561.4
8522.9,-2678.7,2246.5,6986.5,-1056.3,6714.6
6328.6,227.21,-86.735,9599.6,-2073.5,6581.1
6433.9,756.22,-1175.1,7520.6,-3419,8263.1
6763.7,1250,2284.9,7135.2,2792.3,8284.6
6595.4,-1935.7,877.57,9110.9,-2139.5,6653.7
7273,-3376,198.07,8683.8,-239.14,6330.6
7335.1,1496.2,3092.7,6819.6,1968.6,7992.8
9944,-382.75,654.94,6333.4,-26.901,6348.4
7423.9,-2842.3,-2044.4,7836.8,1964.5,6872.1
7789.3,3638.3,322.02,8102.3,280.04,6335.2
6777.6,1626.7,-2075.3,7608.2,-2996.9,7753.6
6481,-883.88,-1400.7,7463.6,3332.1,8265.5
7709,-2120.1,2951.6,7019.6,-1837,7388.5
8784.3,531.23,-3262,6349.5,-293.93,7168.4
6497.8,990.32,-1426.8,7600.5,-3365.7,8095.7
6387.9,858.51,-641.64,8784,-3160.6,7125.5
7185.9,-3238.6,-604.35,8724.4,772.2,6377.5
9004.3,-2283.3,-2072.5,6715,686.64,6612.5
6439.3,-1069.1,950.16,8455.1,-3308.7,7343.6
6590.2,843.81,-1930.9,6953.2,-2743,8725.4
9328.7,2110.5,1573,6618.4,426.91,6475.8
6447,-1448.3,-280.96,9699.8,1081.5,6393.5
6783.7,2452.7,-1005.3,8949,-1835.4,6586
6643.4,-2263.3,-285.26,9472.8,661.56,6353.3
6943.1,-2704,-1211.3,8701.3,1837.9,6618
8131.7,380.37,3629.5,6343,333.5,7751.5
9059.2,-912.6,2877.3,6387.8,-391.08,6909.1
6450.5,-1187.2,908.82,8679,-3114.7,7141.7
7701.8,3280.6,1558.6,7894.2,1342.4,6576.1
6338.5,400.26,289.4,8890.4,3174,7095.1
6337.2,400.88,-244.49,9130.1,-2895.5,6910.2
6339.7,-288.51,428.54,7650.9,-3596.2,8243
6439.5,1305.6,586.42,9321.5,2258.8,6660.8
8905.6,2762.3,1596.2,6912.4,649.46,6494.9
7955.1,772.72,-3584.7,6406.1,-743.42,7845.5
6325.5,5.7213,1.4008,9821.7,1407.3,6435.5
7888.6,1964.6,-3093.8,6853,-1597.3,7395.8
7341.4,-216.41,3433.8,6336.2,-338,8595.3
6325.5,-0.63864,22.584,6329.3,-267.14,9986.5
6914.2,-77.543,-2911.8,6327.9,183.18,9138.2
6349.9,423.22,527.31,7947,3628.5,7923
7397.6,-3478.8,171.82,8539.7,-190.36,6329
6551.5,1889.5,-538.4,9439,-1481.7,6465.4
6380.1,805.72,-599.05,8800.7,-3163,7120.7
7403.1,-3401.8,766.04,8444.6,-834.64,6395.5
6351.1,-279.32,633.36,7044.4,-3094,8936.5
7361.4,3445.6,-273.19,8574,-309.8,6334.6
6340.4,-524.9,68.134,9919.6,-764.01,6357
7432.3,3498.3,-243.01,8495.4,-262.96,6332.3
6741.6,-2418.5,-811.33,9113.8,1584.6,6507.4
9220.1,2171.2,1772.3,6648.6,514.64,6522.3
6745.6,2479,-642.49,9208.3,-1260.4,6436.7
8164.7,142.73,-3639.7,6327.9,-123.25,7738.6
6357.2,-640.59,-425.57,8991,3016.6,6995
9360.8,364.98,2551.5,6334.3,123.55,6743
6346.3,-579.76,231.43,9542.7,-2135.5,6602
6377.9,26.407,-983.37,6328.8,-246.79,9905.3
6752.7,2472.6,730.43,9154,1412.9,6468.1
9444.5,-2416.6,183.22,6690.5,-53.833,6327.4
6474.6,1551.8,-479.48,9512.3,-1639.5,6491.8
6637.4,411.05,-2225.1,6456.3,-1402.1,9330
6558.9,-1991.7,-70.154,9633.6,193.03,6327.7
8745.3,-2536.2,2170.6,6860.7,-880.35,6663.8
6488.1,-1640.2,410.5,9574.6,-1350.4,6436.2
9035.7,-2166.3,2142.6,6672.5,-668.57,6631.5
7590.6,-3592.3,5.86,8327.1,-5.7454,6325.5
6934.9,-2849.9,758.45,8956.8,-1194.8,6436.8
8911.3,-2787.2,-1540.1,6921.1,629.86,6482.6
7387.2,2887.7,-1934.2,7932.9,-1935,6822.7
8651.2,3174.8,-1248.6,7182.7,-633.98,6434.4
6389.2,-212.12,1061.5,6498.7,-1710.7,9629.1
7284.3,1897.9,-2811.5,7145.4,-2289.8,7681.6
8347.3,-3537.7,575.32,7542.7,-363.95,6350.3
6906.5,2887.5,-259.95,9132.7,-427.75,6338.8
6326,-1.6237,100.74,6326.7,-152.35,9989.7
8602.2,3118.1,-1466.6,7173.5,-750.55,6479.3
6325.7,-0.1936,-67.044,6325.5,27.313,9992.1
6325.5,0.0045419,4.7261,6325.5,9.0911,9992.5
6757.4,-59.183,2588.7,6327.5,-171.47,9351
6367.7,646.5,604.12,8441.1,3458.4,7438.5
6429.4,843.9,-1079,7842.7,-3504.4,7929.1
6736.7,2521.3,-299.36,9346.9,-601.5,6349.6
6480.9,-1483.4,734.9,9179.3,-2388.1,6720.8
6858.6,2667.3,-881.2,8972.7,-1491.1,6496.8
6327.4,165.19,88.119,9303.2,2668.4,6792.2
8214,-1956.9,3057.5,6752.2,-1291.3,7208.9
9786.1,-1324.4,789.45,6424.2,-116.8,6359.7
6372.5,-316.69,877.94,6836.1,-2725.4,9177.9
6993.5,2962.1,702.15,8914.5,1049.2,6413.1
8501.3,-3095.8,1651.2,7204.1,-880.1,6528.3
9888.1,-908.28,-633.64,6370.5,62.58,6347.1
6354.9,-495.3,550.59,8146.5,-3596,7723.1
9224.9,-2746.2,523.16,6834.1,-186.56,6341.9
6520.3,1620.5,-865.29,9055.5,-2475.9,6771.5
9150.2,632.67,-2831.7,6354.4,-258.06,6876.4
9850.2,21.848,-1287.9,6325.5,-3.1217,6416.9
6328.1,83.901,-206.18,6964.3,-2995.5,9072.2
8011.3,347.89,3648.4,6341.3,331.35,7870.1
6719.1,-2494,-29.811,9406.9,61.599,6325.8
6329.4,-10.116,-271.24,6332.1,351.23,9976
9320.4,-2591.7,533.41,6763.7,-174.53,6342.3
9149.2,-2317.1,1748.5,6702.8,-553.48,6519.6
6497,-1620.4,614.17,9369.4,-1932.6,6568.1
6325.6,0.31144,45.647,6325.7,64.535,9992
7722.3,-3608.3,-461.51,8158.5,416.21,6346.1
8500,313.16,-3495.3,6335.1,-214.45,7424.9
6330.9,7.7653,-319.03,6328.3,-229.36,9979.6
8526.1,1127.8,-3307.1,6447.4,-708.25,7273.3
7183.9,3203.4,760.04,8684.6,967.37,6408.5
6561,-1854.1,753.15,9237.6,-1992.9,6596.8
8484.2,3462.6,622.79,7417.4,363.87,6353.3
6622.8,-641.28,-2122.1,6654.8,2125.2,9071.7
6876.9,71.816,-2843.5,6327.7,-177.37,9188
6975.9,-2985.2,434.35,9012.6,-665.38,6359.4
6709.2,-2393,605.09,9264.3,-1250.5,6432.5
6331.4,-307.85,-131.51,9510.9,2265.7,6639.6
9704.1,-830.74,1605.4,6365.7,-154.79,6472.4
7380.2,3004,-1737.9,8061.6,-1792.5,6720
9035.2,2487.5,1760.5,6779.4,620.97,6527.3
9591.4,-1855,-998.76,6531.5,218.33,6382.2
9951.6,-242.2,653.71,6328.6,-16.959,6348.3
8912,3178.7,-178.4,7090.2,-81.2,6327.5
6334.3,-111.66,390.74,6671.5,-2358.6,9461.2
6688.3,1946.3,1424.4,8492.2,2766.8,7039.3
6344.9,-474.45,372.79,8754,-3286.9,7198.4
6327.8,4.7138,-206.74,6328,-215.24,9985.1
6349.7,449.23,-501.5,8143.2,-3605.6,7732.4
6971.1,2950.6,-589.89,8977.2,-903.66,6388.8
9511.6,3.8576,2287.2,6325.5,1.1061,6645.3
6868,-2561.8,1196.3,8757.8,-1956.1,6647.2
8090.4,3164.9,1831.1,7467.6,1220.5,6617.8
6516.2,-317.72,1791.3,6454.6,-1440.7,9506.1
6672.7,2008.9,1253.7,8706,2565,6882.5
7220.2,-3145.1,-1096.3,8524.6,1335.3,6495.9
6545.7,-1085.3,-1610.2,7526.1,3278.2,8115.9
7787.9,-3591.1,-665.47,8063.1,574.6,6367.1
6331.3,301.03,-137.34,9454.6,-2382.8,6679.3
6337.4,431.39,195.92,9450.3,2369,6675.9
6378.6,-962.17,235.14,9742.5,-1377.2,6433.8
6335.9,395.4,198.67,9355.6,2551.8,6745
6382.8,-347.1,-967.27,6829,2702.6,9172.7
6807.7,261.36,2691.3,6359.5,698.83,9235.1
7501.8,2932.4,1998.6,7820.8,1843.4,6814.7
7026.4,2997.5,763.99,8855.9,1105.6,6425.4
6473.3,-1600.9,-231.15,9706.3,806.28,6363.3
7220.7,-3063.7,-1307.8,8425.2,1569.2,6572.2
8894.4,-3181.9,354.89,7097.4,-162.82,6333.6
9618.3,1800.4,960.75,6517.9,202.26,6377.7
8561,-3339.5,-952.77,7309,523.41,6389.8
8574,-3448.3,333.44,7363,-186.51,6333.2
7769.6,-2095,2987.3,6974.2,-1764,7378.6
6326.3,-101.07,-63.413,9106.7,2956.9,6940
6410.1,92.552,1238.1,6350.6,669.8,9821.6
6391.9,486.17,-991.26,7156.5,-3191.8,8740.5
7997.9,3663,143.05,7900.9,110.78,6327.2
9971.3,-492.58,-104.12,6338.4,5.4494,6326.1
6966.4,729.39,2911.4,6520,1529.8,8802.5
9240.1,2766.7,185.3,6838.3,66.119,6327.6
8010.2,1016.7,-3521.2,6459.5,-918.22,7727.3
6455.6,1493.6,-301.35,9678.9,-1118.7,6398.8
6327,-165.5,-12.502,9973.2,450.31,6336.3
7697.3,-3616.8,-317.61,8198.9,291.43,6335.4
8789.9,-3168.8,-921.48,7127.2,440.06,6382
7158.5,3175.9,753.33,8714.6,978.04,6409.1
7378,3364.9,-843.1,8451.1,-931.22,6412.2
6730.7,2362.2,889,9067.1,1751.6,6551.4
8023.1,-368.59,3645.6,6343.1,-347.96,7856.3
9932.1,-31.759,845.27,6325.6,-2.896,6363.9
6889.7,-2540.9,1330.8,8640.7,-2100.3,6716.1
8586.2,-3378,-732.12,7318.2,401.11,6363
6327.7,115.17,168.85,7680.5,3622.6,8226.8
8830.2,-3075,1093.6,7069.5,-501.4,6404.8
6376.8,895.5,381.94,9449.2,2224.2,6635.4
7976.1,3566.7,850.3,7846.9,655.1,6388.1
6330.5,-70.128,299.27,6566.5,-2018.9,9618.2
7245.2,-3290.1,-659.51,8643.8,804.79,6384.3
6511.9,-1158.5,1378.4,7902.5,-3378.3,7769.4
9829.4,-797.04,-1122.1,6360.9,99.388,6394.7
6860.7,-2603.8,1064.9,8857.2,-1774.9,6579.6
6328.2,6.2009,225.08,6329.1,259.91,9982.6
8431.8,-342.85,3529.1,6337.5,-245.77,7482.2
7302.6,-1109.9,-3222.5,6611.6,1625.6,8280.9
7144.4,-1601.4,-2825.4,7022.5,2337.3,7969.1
6450.5,-1472,260.5,9711.8,-989.57,6382.3
8049.7,3319.8,-1545,7602.9,-1089.1,6532.9
9529.9,320.5,2224.8,6331.9,88.687,6625.9
6471,-1507.7,-552.62,9425.9,1899,6554.9
6956.2,-1214.7,-2726.4,6860,2305.9,8378.6
8427.6,-3341.9,-1190.9,7377.1,696.04,6431
6786.2,2443.3,-1042.5,8919.3,-1891.7,6605.5
9008.7,-3078,57.24,7016.1,-24.421,6325.7
6329.7,7.4106,-280.38,6328.8,-249.18,9980.7
6489.4,-1024.5,-1353.1,7746,3408.2,7953.9
8606.9,2813.2,-1984.3,7021.9,-933.7,6615.5
6432.7,-1365.7,260.77,9724.2,-1071.1,6391.7
9508.6,-1980.9,1156.2,6567.1,-276.86,6402.9
6340.9,526.23,109.84,9843.2,1206.1,6405.9
8167.8,-177.48,3637.5,6329.2,-152.85,7734.1
7376.8,-3467.9,20.101,8568.4,-22.597,6325.6
7676.5,5.5812,-3624.4,6325.5,-6.7641,8233.9
6353.8,-726.75,23.527,9944.9,-191.7,6327.5
7831.5,-2255.5,-2881.4,7039.8,1732.5,7252
6610.2,2160.9,252.29,9525.9,621.78,6349.6
7886.9,-2905,-2234.3,7431.5,1574.8,6821.5
8005.5,1077.3,3503.5,6476.2,968.58,7711.9
9738.7,1243.8,1161.2,6414.1,164.33,6400.7
8936.7,-3125.8,450.16,7058.4,-200.15,6338.4
6492.3,-1445.8,-914.68,8895.4,2782.1,6923.1
7208.8,-2616.8,2041.6,7932.8,-2254,6991.6
9130.4,1089.9,2717.7,6411.6,426.38,6829.9
7172,185.02,3274.1,6335,334.85,8799.9
6326.7,-2.0638,-148.49,6326.4,131.35,9989.2
9544.4,-838.53,-2051,6368.9,211.51,6577.4
7596.5,-3354,1293.5,8090.1,-1212.7,6505.8
6993.4,-2878.9,989.14,8791.3,-1456.8,6503.1
6461.4,-1545.7,170.12,9748.2,-621.12,6347.6
6422.3,624.95,-1167.6,7257.6,-3259.1,8577.9
6638.4,-2237.9,-354.98,9456.1,828.74,6369.3
6608.5,-1862.4,1113.3,8827.9,-2567.8,6853.4
9759.1,470.53,-1565.9,6338.2,-84.221,6463.9
6417.3,981.08,839.04,8540.2,3296.9,7295.3
6339.3,363.22,356.69,8381.7,3543.1,7524.8
6485.4,1322,-1032.7,8611.4,-3097.1,7159.1
8982.8,1726.1,2584.5,6553.1,669.63,6792.2
9731.6,-1436.2,953.39,6443.7,-155.45,6376
9313.1,689.67,2567.1,6357.6,238.49,6752.7
8302,-3393.1,1208.2,7479.7,-758.56,6438.7
6918.2,-2920,-12.649,9136.4,20.606,6325.5
9265.7,-1262.1,-2425,6434.5,415.18,6706.2
6556.2,-1948.7,-366.46,9546.6,1007.1,6387.9
6346.1,-76.154,-617.1,6395.3,1125,9851.3
8947,-2774.6,-1485.2,6906.9,596.27,6470
6440.5,-826.26,1175.9,7656.5,-3459.3,8108
9366.5,335.92,-2545.3,6333,-113.2,6740.3
8890.3,-3158,-550.55,7087.8,251.5,6345
7060.3,-3078.2,625.62,8863.2,-883.87,6389.3
6333.2,-372.72,-81.45,9843.3,1262.7,6413.6
6433.5,-1248.8,622.06,9235.3,-2442.3,6729.3
6407.9,1214.6,166.42,9810.3,785.35,6360.1
6685.2,-1960.8,-1389.6,8537.2,2728.9,7005.4
7793.4,-3129.1,1885.6,7675.6,-1484,6683.8
6620.6,-1611.6,1511.6,8198.5,-3112.2,7366
8339.7,-3485.7,847.66,7514.6,-532.59,6379.8
7502.7,-3430.7,909.63,8303.1,-923.82,6418.1
9508.8,5.6339,2293.2,6325.5,1.6213,6647.3
9140.1,-2400.6,-1653.7,6731.2,542.12,6498.6
6551.9,1958.3,-175.45,9625.3,-489.93,6339.9
6611.9,2072.6,-679.41,9295.3,-1636.1,6505.4
9926.6,799.38,375.58,6359.9,32.274,6333
8753,-3310.2,378.36,7210.4,-189.88,6335
8318.3,-1673.1,3182.7,6621.9,-1102.6,7258.5
6933.3,2940.1,189.85,9106.7,304.34,6332.3
6424.5,1166.6,-655.66,9119.5,-2659.6,6824.2
9375.1,-2478.1,-610.56,6718.9,188.18,6347.3
8912.1,-2423.2,2064.9,6780.3,-749.14,6616.6
8082.7,526.42,-3619.5,6360,-473.47,7777.7
6354.9,740.23,-40.297,9937.5,-321.79,6331.1
8470.2,-1304.5,3275.6,6492.9,-829.77,7269.9
6859.4,-1879,-2090.1,7751.2,2880,7519.9
6326,-92.144,30.738,9687.3,-1853.7,6524.3
6982.9,1642.7,-2543.3,7235.5,-2640.7,7913.3
7528.5,2291.6,-2728.2,7253.9,-2069.2,7321.2
7210.5,679.6,3250.5,6446.3,1144.5,8601.8
6325.5,0.00055748,1.0536,6325.5,5.0055,9992.5
6338.8,-231.32,442.88,7262.8,-3357.4,8684.7
6510.7,-1009,-1484.8,7559.5,3335.4,8123.5
6561.5,-584.94,1915.9,6671.8,-2209.5,9133.1
9755,-1590,435.27,6468.9,-77.624,6335.9
8125.3,-3405.3,-1315.7,7606,906.2,6469.5
8251.4,-3618.9,-35.751,7660.2,24.073,6325.6
8473,-450.13,3495.4,6345.6,-312.18,7436.2
7586.7,-3172.4,1681.6,7935,-1533.2,6641.6
6942.3,-2814.3,922.27,8873.4,-1430.2,6490.4
9430.6,-1992.2,1426.6,6577.1,-353.41,6446.1
9838.3,-1338.8,-42.472,6424.6,6.2369,6325.6
6325.6,-0.074068,-46.427,6325.5,15.091,9992.3
7535.5,-3548.3,360.43,8369.4,-364.54,6339.5
6479.5,1640.7,-163.25,9727.2,-558.58,6343.5
6326.2,-111.92,35.446,9714.7,-1772.2,6505.7
8823.3,-2950.6,1409.6,7015.5,-626.9,6459.1
6325.6,-0.018577,-39.528,6325.5,4.4455,9992.4
7888.3,2813.8,2348.2,7367,1615.5,6880
6358.1,-0.76856,-780.15,6325.5,9.1601,9941.2
8674.7,2447.1,2351.9,6841.9,955.17,6736.5
6626,-1873.3,-1204.5,8722.6,2659.2,6917.8
9146,2849.8,574.88,6889,218.06,6345.7
6509.2,-1653.9,681.03,9296.4,-2055.7,6607.2
6328.6,90.461,-223.4,6959,-2986.5,9078.4
7499.1,3534.3,302.86,8415.3,313.69,6335.6
6969.5,2944.5,606.52,8974,930.09,6392.7
6896.9,2582.5,-1278.6,8679.5,-2014.8,6679.1
6331.7,-319,120.9,9600.3,-2058.8,6577.5
6686.9,2208.6,-959.6,9028.5,-1997.3,6622.5
6331.5,332.31,48.15,9921.5,853.22,6364.8
6425.5,-138.36,-1337.6,6372.8,911.48,9764
8674.5,399.82,3370.6,6339.8,241.38,7270.1
6341.3,-542.27,-57.576,9934.3,627.15,6346.7
9880.3,-869.48,-748.54,6366.9,70.999,6355.8
6330.5,283.34,121.3,9510.4,2270.3,6640.9
6405.2,1145.9,375.44,9582.3,1771.4,6514.2
8510.5,-2506.7,-2447.4,6911.4,1095.6,6797.4
7251.8,-1815,2829.9,7105.8,-2299.6,7759
6437.1,1416.9,-9.7861,9819.2,-39.674,6325.6
8867.6,-2082.3,-2466.7,6671.1,797.66,6758.7
7459.7,3495.2,-451.29,8442.4,-478.13,6348.6
6325.6,0.014017,35.278,6325.5,3.7585,9992.4
6650.6,-2090.5,966.72,9025.7,-2123.7,6660.8
7281.3,-3082.9,1408.6,8321.7,-1605.4,6598.4
7246.1,-2181.8,2550.5,7433.5,-2397.5,7422.8
8082,3478,-1132.4,7690.1,-809.75,6433
6790.5,1272.3,2343,7115.6,2748.3,8274.7
9284.9,-2683,333.21,6800.5,-113.86,6332.1
6554.8,-968.07,1724.3,7260,-3114.8,8401.7
6704.4,-2032.7,1377.6,8573.3,-2647.4,6956
7434.5,3271.8,1266,8251.1,1316.3,6517.8
6549.8,1923.6,364.69,9554.4,1017.4,6389
9821.9,-1399.3,-144.36,6434.3,22.251,6326.6
9453.7,-1185.2,2093.4,6414.9,-313.52,6592.9
6331.1,324.29,-27.597,9962.1,-505.98,6339.2
7921,2784,-2386,7325,-1596.3,6891
6609.5,567.72,-2097.7,6597.2,-1966.3,9169.4
6325.6,-0.11841,40.526,6325.5,-27.637,9992.3
7143.7,-3204.5,-522.83,8791.7,691.87,6366
6867.1,705.45,-2736.1,6542.1,-1652.2,8899.7
8073.5,-1499,3337.7,6601.8,-1204.8,7501.3
6682.4,-2392.9,110.42,9453.3,-240.91,6329.2
7371.6,-1963.3,2854.1,7125.7,-2195.8,7611.6
8385.1,-3079.3,1802.1,7248.1,-1011.1,6578.6
9829.1,-797.38,-1123.1,6360.9,99.524,6394.8
8463.9,3323.6,1186.9,7347.6,679.23,6429.1
6436,-1381.2,285.38,9702.6,-1152.6,6402.7
9225.4,2720.9,-638.76,6825,-225.94,6350
6367,667.6,570.38,8593.7,3364.3,7307.2
9426.5,-1569.7,-1891.5,6483.1,375.14,6542.3
8369.2,3568.5,-214.69,7548.4,-135.22,6328.9
6332.3,162.92,-319.15,7234.4,-3337.5,8727.7
6338,-82.561,477.44,6460.5,-1544.9,9764.5
6571.6,-608.95,1947.8,6684.8,-2236.7,9101.3
9637.9,-1420.6,-1394.3,6445.1,232.56,6436.5
6325.9,88.787,2.6574,9989.2,179.09,6327.2
8415.8,-3421.1,-961.11,7430.3,574.6,6393.8
7111,-3191.8,-314.84,8867.5,429.61,6340.6
8837.8,-2140.8,2453.9,6695.2,-824.13,6757
6336.8,-459.68,-39.32,9953,507.48,6339.3
9953.3,-540.1,-417.06,6341.1,24.067,6334.8
7025.6,2561,-1732.9,8251.5,-2302.2,6896.8
8537.9,3462.5,412.81,7389.1,235.37,6337.5
6719,-2493.8,-29.613,9406.9,61.195,6325.7
6761.4,951.75,-2418.6,6809.2,-2370.9,8684.2
9489.9,2302.7,-372.9,6652.2,-103.2,6333.4
8654.7,1931.4,2808.9,6655,934.8,6941.6
6631.2,2239.6,133.21,9522.4,316.47,6331.8
6406.5,1213.8,66.266,9857.5,316.56,6331
7515.2,-3285.8,1359.6,8139.2,-1333.7,6536.4
6396.1,794.09,-814.63,8252.2,-3491.6,7574.9
6326.5,-139.62,-0.099191,9990.9,4.2529,6325.5
6329.3,-0.299,-269.24,6325.5,10.484,9986.4
6325.8,0.82009,79.048,6326,98.106,9991.2
6525.1,-604.71,-1756.3,6761.4,2450.4,9062.4
8579,-1941.9,2865.1,6671.1,-993.52,6986
6325.8,-3.1858,79.132,6333.2,-379.7,9979.9
8476.7,2553,-2426.7,6942.7,-1121.2,6793.7
9293,2676.7,-274.26,6796.8,-93.241,6329.9
8337.3,3016.8,-1942.7,7235.8,-1098.6,6627.5
6330.6,230.09,-205.93,8552.7,-3467.5,7384.5
8271.7,-2791.1,2293.4,7140.3,-1262.6,6769.5
7674.3,-3610.4,310.18,8223.9,-288.54,6335
6326.1,4.4092,108.98,6333.2,381.51,9979.3
6429.3,1348.4,238.18,9743.6,995.71,6382.3
8030.8,-2508,-2670.4,7091.7,1543.5,7020.3
8310.5,3546.3,-611.6,7571.8,-394.5,6353.9
6490.9,-1688.9,-226.82,9687.9,746.43,6358.1
6419.6,1306.6,-8.0186,9845.9,-35.485,6325.6
8985.4,-2814.5,-1311.3,6913.4,524.51,6436.3
7197.7,1898.9,-2707.8,7228,-2413.2,7685.2
6799.7,-386.05,2658.6,6400.8,-1030.8,9186.3
6326.6,6.1963,141.42,6334.6,412.87,9976.6
8737.8,-3268.5,708.44,7195.5,-354.34,6359.2
6399.8,-1162.9,-80.849,9862.5,403.61,6334.5
9312,-2540.9,786.85,6748.6,-253.82,6362.2
8289.9,3568.3,-521.02,7599.8,-340.93,6346.2
6697.7,-1146.9,2150.9,7132.4,-2855.2,8369.6
8251,-3409.2,1214.9,7522,-784.98,6442.1
6521.5,1804.5,-371.72,9578.2,-1112.6,6400.7
6703.8,588.16,-2382.4,6543.7,-1738.4,9114.2
6326,-95.923,8.3936,9969,-521.11,6340
7188,-3285.6,272.69,8778.9,-350.34,6336
6745.2,-2343.4,-1030.3,8948.1,1968.2,6624.3
6872.1,-2385.8,1531.7,8460.8,-2395.8,6876.5
9147.4,2430.8,-1591.3,6739.9,-525.91,6485
9338.1,282.73,-2601.1,6330.9,-98.493,6763.1
7302.6,2381,-2438.8,7552.8,-2310,7248.9
7438.3,1522.6,-3163.3,6787.4,-1853.8,7919.3
7072.2,-3143.1,297.19,8917.8,-418.96,6339.5
9088.7,1263.5,-2701,6443,-497.59,6827.7
6951.4,2666.2,1324,8616.1,1972.6,6675.4
6338.4,447.1,208.13,9426.4,2412.2,6691.7
6399.8,599.87,-999.63,7432.7,-3415.2,8405.3
6495.2,-1558.3,738.88,9201.2,-2300.9,6690
8181.2,200.81,-3633.1,6330.2,-171.3,7720.2
7888.5,3501.3,1082.9,7879.8,866.64,6432.2
7447.7,-3432.3,765.79,8397,-810.34,6393.2
6653.3,394.67,-2277.4,6440.2,-1312.5,9330.9
9695,1444.8,-1129.7,6446.6,-187.66,6397.1
9189.1,-2290.7,1691.4,6688.6,-521.68,6505.1
6368.2,-880,-132.82,9859.7,875.66,6367.8
6347.1,573.85,-273.27,9393.5,-2444.8,6706
6964.4,-2860.7,897.3,8864.4,-1364.6,6476.4
9386.4,2529.9,-104.18,6733.3,-32.567,6326.1
6452.5,-1505.2,-52.082,9792.5,197.45,6327.7
9099.7,-2899.9,-632.12,6919.2,247.71,6350.1
7481.1,2857.1,-2085,7777.1,-1921,6872
8582.3,3396.9,652.54,7330.4,359.62,6355.2
7878.3,-3326.6,-1536.1,7751.6,1195.9,6546.9
8056.6,-2655.6,-2520,7165.6,1500.9,6925.7
8829.3,-2590.1,1987,6861.9,-790.88,6599.2
8977.8,-483.81,-3075.7,6343.7,231.24,7020.3
7255.2,-3310.5,-604.23,8645.4,733.24,6374.3
9949.5,167.59,695.23,6327,12.493,6351.4
7576.4,-2449.4,2619.2,7335.9,-2012.2,7193.6
7393.7,-3212.1,-1339.8,8257.3,1423,6548.9
9639.9,-369.61,-1950.7,6333.7,86.076,6548.4
6869.8,-1585.4,-2345.1,7349.5,2818.4,7918.9
7519.7,-3316.2,1290.4,8162.4,-1268.7,6514
6403.1,526.01,1068,7157.1,3180.7,8724.5
6784.6,398.78,-2622.6,6408.5,-1085,9195.7
9976,-360.8,259.86,6332.4,-9.9552,6329.1
6668.3,-2233.7,747.78,9210,-1628.9,6510.1
7076.5,3101.3,620.96,8845.8,865.48,6387.2
9770.1,-651.9,-1458.6,6349.7,108.07,6444.8
9779.8,-876.36,1295.5,6369,-128.21,6418.9
6327.6,198.63,12.979,9976.5,389.81,6333.6
6358.4,730.79,-282.08,9549.5,-2068.8,6584.7
6358.2,321.29,-712.1,7068.2,-3119.2,8896.5
6325.6,37.661,0.39532,9992.1,62.851,6325.7
9505.6,1214.2,-1953.2,6417.5,-293.71,6554.2
6777.2,-2435,-1009,8949.9,1856.1,6591.7
7145.5,-2995.2,-1258.8,8515.1,1603.9,6571.1
7767.2,2946.6,-2151.1,7557.1,-1651.7,6811.5
7311.7,1128.3,-3224.5,6618.1,-1635.4,8262.5
6443.5,-1404.1,-382,9610,1481.8,6456.8
6325.5,0.031341,26.374,6325.5,11.241,9992.4
6364.9,-31.62,-855.28,6331.8,341.72,9920.7
6795.3,2442.3,1095.5,8873,1957.4,6631.1
6496.9,-1709.7,-280.28,9655.1,903.39,6373.8
8888.5,3086.7,872.01,7056.1,391.43,6374.9
7521.8,-3416.6,-998.59,8258.7,997.81,6436.2
6326,-87.65,38.048,9505.3,-2298.8,6649.3
6479.5,-1428.4,823.31,9022.6,-2644.5,6839
6355.8,-376.66,-650.81,7401.9,3449.2,8498.7
7299.1,-218.07,-3398.3,6336.8,352.75,8644.2
9503.8,-718.71,-2188.8,6357.9,196.78,6616.9
9157.1,1549.3,2442.1,6496.4,531.55,6721.1
7647.3,330.39,-3599.4,6344.2,-406.09,8241
6917.9,-2819.1,-759.1,8974.5,1216.1,6439.9
7011.4,2891.4,1035.5,8751.1,1496.5,6516.3
8802,-1066.1,3111.7,6420.7,-551.83,7074.5
6584.3,-2085.6,-66.475,9597,173,6327.3
7007.1,-2592.2,-1635,8342.7,2237,6839.5
6663.3,-2049,-1132,8848.6,2390.3,6781.1
6325.9,-1.6381,-85.758,6327.2,180.55,9989.2
7625.8,3433.8,-1102.9,8125.3,-1028,6452.7
7305.8,-957.4,3274,6538.9,-1435.3,8369.4
9839.2,-558.88,1213,6342.9,-75.292,6406.5
7697.8,3351.6,1396.5,7960.4,1222.5,6524.7
9912.1,832.05,-506.88,6363,-45.539,6339.3
7633.3,-3369.3,1294.5,8055.7,-1186.7,6502.1
7777,1115.2,3475.7,6514.8,1163,7891.3
6456.3,-583.04,-1411.8,6938.8,2838.9,8924.7
8404.7,-3402,-1044.8,7425.1,625.37,6406.8
6683.1,-1082.4,-2139.1,7077.4,2814.1,8453.1
8935.6,1103.5,-2960.2,6421.5,-510.96,6968
8587.8,2631.9,-2239,6944.5,-1006.3,6704.1
6602.6,-1957.9,-888.61,9100.9,2135.2,6653.8
6330.5,-267.03,150.14,9238.9,-2759.7,6836.1
7750.5,-1135.4,-3463.2,6525.6,1202,7905.3
6786.6,-972.38,2473.1,6802.1,-2339.5,8661
6344.9,576.19,177.67,9700.4,1719.3,6496.1
8501.4,-1023.2,3356,6427.3,-662.61,7317.2
6448.2,-1325.9,-662.57,9213.1,2433.7,6730.1
7602.3,-381.38,-3577,6351.3,483.27,8280.5
6327,-7.9315,-167.51,6336.1,445.83,9973.5
6679.6,1884.6,-1465.9,8418.6,-2851.4,7110.1
8971.6,-576.78,-3066.6,6351.4,275.28,7016.6
8390,1697.7,3135.5,6618.8,1059.3,7199.9
7436.4,-3475.7,-485.46,8463.4,521.77,6352.7
6372.3,-927.87,-78.258,9898.3,493.91,6338.8
7377.5,-3132.7,1489,8200.6,-1578.7,6608.6
8395.8,3058.8,1827.1,7231.5,1014.6,6585.2
6325.5,-0.29269,26.787,6326.1,-103.34,9991.6
9924.4,-890.31,-112.8,6368.2,10.79,6326.2
7855.8,1283.2,3429.9,6561.1,1236.8,7757.1
7769.5,-2739.7,-2409.8,7400.5,1753.8,6953.6
8694.8,1732.1,2901,6586.7,857.7,6981.3
9974.8,-400.72,226.58,6334,-9.642,6328.2
8586.7,2909.9,1864.7,7075.3,910.03,6581
9477.4,168.79,-2352.3,6327.3,-50.407,6667.4
7852.2,1225.2,-3450.6,6541.2,-1194.7,7784.3
6325.6,-1.3262,31.89,6333.7,-392.19,9979.6
7933.6,-3652,329.22,7955.2,-263.73,6334.9
7124.4,-3012.9,-1146.8,8591.6,1497.6,6532
8979.4,-2426.5,1947.9,6768.5,-687.91,6578.5
7773.9,3455.7,1173.7,7963.1,998.02,6458.7
6325.9,68.991,51.912,8843.7,3250.1,7146.8
8905.6,-2538.7,1932.1,6824.5,-731.82,6578.6
7864.6,-3651.4,-291.26,8027.3,242.71,6333.1
6399.7,-1060.5,-483.09,9362.7,2318.3,6672.7
6325.8,-1.1786,72.172,6326.8,-154.39,9990.1
8134.5,3067.5,-1976,7376,-1257,6663.7
9883.9,-1061.7,-383.48,6387,44.22,6333.4
6325.5,-0.00092927,-1.7785,6325.5,4.9427,9992.5
8015.1,-3325.8,1539.3,7634,-1107.4,6534.4
6690.2,-2278,808.27,9151.7,-1695.9,6530.2
6393.8,506.39,-998.46,7198.6,-3234.4,8686.7
6653.9,2240.8,573.81,9335.2,1292.9,6436.7
7495.2,-1243.3,3319.9,6621,-1543,8056.7
7030.8,-3098.4,-88.083,8988.3,128.98,6326.8
6349.8,2.3742,673.86,6325.6,32.904,9954.2
6916.5,-2802.4,-809.39,8953.6,1295.3,6456.3
8358.7,-1563.8,3219.8,6579.5,-1025.6,7270.1
6327.2,-1.1236,176.42,6325.7,-60.194,9989.6
8159.3,-3074.9,1955,7365.8,-1229.4,6652.7
8653.7,2965,-1683.5,7078,-809.1,6527.6
6327.9,106.51,183.15,7424.1,3498.4,8510.7
6986,-2873,970.91,8807.5,-1441.2,6498
6325.5,-0.001205,13.355,6325.5,-0.85355,9992.5
6455.9,970.02,-1176.6,7912.6,-3464.2,7826.9
9067.5,-859.02,2883.2,6380.6,-367.97,6910.6
9055.1,1700.7,2500,6539.8,619.61,6751.6
6347.5,636.54,87.175,9903,802.89,6360.5
8986.1,-2356.7,2020.4,6742.9,-693.56,6598.5
6356.4,708.61,-272.73,9554.4,-2065.5,6583.4
8384.1,118.66,3566.3,6327,88.382,7537.3
6325.6,-0.0095686,-30.088,6325.5,3.0084,9992.4
6653.3,664.34,-2213.8,6645.5,-2081.3,9042.7
6341.7,-442.06,-330.21,8837,3218.9,7134.3
7037.7,-2867.6,1202.8,8636,-1678.9,6578.3
6714.3,-2457,-349.68,9362.5,724.24,6360.2
6808.4,-2679.4,374.7,9235.9,-685.74,6358.3
7570,-3442.2,995.21,8211.4,-965.27,6432.1
8764.4,-1059.6,-3148.6,6421.3,564.87,7104.3
7895.4,-176.55,3661.1,6329.9,-183.01,8000
6780.6,2295.9,1310.8,8681.6,2325.3,6792
9971.2,462.13,-201.25,6336.9,-9.8842,6327.7
6326.8,-44.224,148.22,6700.8,-2445,9431
8463.5,-1775.2,-3050.5,6633.2,1033.1,7121.8
6418.6,1290.5,-155.35,9806.1,-689.24,6352.2
6332.7,360.03,83.438,9827.7,1334.1,6424.2
8002.7,2533.7,-2648.9,7120.4,-1569.3,7016.5
9094.5,2827.1,-924.94,6892.2,-355.53,6378.7
9737.9,-1433.2,921.81,6442.9,-149.68,6372.6
6778.4,-617.41,2565.4,6525.5,-1636.5,9039.1
6746.7,2343.2,1039.7,8939.6,1980.6,6629.1
6325.6,-28.802,-24.335,8656,3407.8,7302.1
8874.7,-1819.5,2658,6590.2,-757.8,6836.2
8313.3,-2546.5,2541.3,6994.9,-1272.1,6875.6
6420.5,1170,-594.21,9233.1,-2488.3,6744.5
6428.8,1032.3,-894.83,8506.4,-3296.4,7311.1
6372.9,-894.74,-277.6,9656.4,1710.4,6497
9150.3,2567,-1352.2,6785.5,-468.21,6439.4
6327.6,198.83,21.51,9954.5,642.07,6347.5
8759.3,1516.3,-2960.8,6520.6,-750.38,7000.2
8350.6,2169.6,-2851.2,6808,-1223.2,7032.8
7885.9,3636.8,451.32,7992.3,370.55,6343.7
9288.6,-1733.7,2067,6527.8,-474.78,6594.1
7150.9,-2506.5,-2077.2,7912.6,2366.7,7066.1
7004.8,3054.6,203.83,9013.3,305.21,6332.6
9060.8,938.31,-2867.1,6391.3,-400.18,6904.1
6586.9,1881.3,-923.45,9053.9,-2274.9,6704.2
6465.6,619.84,1450.3,6970.9,2880.3,8871
6432,1385.3,29.417,9825.8,122.18,6326.3
6371.9,-695.83,612.31,8539.3,-3391.1,7348.1
9872,-527.78,1064.4,6340.8,-61.708,6387.3
6346,619.2,25.659,9955.2,245.98,6328.7
9820.2,-871.22,1112.7,6367.9,-107.95,6393.6
9669,644.81,-1795.2,6350,-136.39,6511.9
7393.6,-3294.9,-1120.6,8346,1208,6479.3
7884.2,-1697.8,3247.6,6724.5,-1481.3,7541.3
6873.6,-2825.3,268.03,9174.2,-456.57,6340.4
8360.4,3323,-1328.4,7402.5,-798.43,6460.4
6326.7,-1.7421,-151.39,6326.1,108.76,9989.6
7476.8,-2528,2470.1,7490.3,-2099.2,7139.2
7458.9,-3294.5,-1249.9,8234.7,1280.7,6509.4
7115.3,-3204.7,226.14,8872.5,-307.86,6333.2
6432.3,-1235.9,631.66,9211.3,-2487.8,6748
7892.8,-1744.9,3223.2,6743.8,-1497.4,7511.5
6380.2,-833.36,561.47,8944,-3011.9,7006.4
7132.7,-3113,875.6,8700.9,-1153.8,6442.4
8678.8,-3157.7,-1235.8,7163.2,617.31,6431.3
7409.1,-1415.4,-3191.4,6737.8,1802.3,8009
9632.2,-1655.5,1131.7,6487.7,-218.97,6398.1
8356.3,3135.9,1727.9,7294.4,996.86,6559.3
6330.1,-7.8696,294.64,6328.9,-251.74,9979.9
6485.2,-1298.7,-1060.5,8543.9,3152.6,7215.8
7639.3,-3600.9,-278.76,8263.7,264.9,6333.3
7475.1,1986.4,-2922.2,7068.5,-2071.1,7567
7451.8,-1909.4,2956.3,7029.4,-2070.6,7632.8
6377,946.16,239.49,9733.3,1423.1,6441.5
6330.1,180.61,233.5,7896.7,3658.3,7998.5
9669.5,1809.8,-598.37,6516.3,-124.32,6345.4
9174.2,2402.9,1566.5,6726.4,507.1,6479.1
6381.8,-783.4,-652.12,8621,3312.8,7267.1
8389.6,-3565.5,45.859,7533.9,-28.59,6325.7
7319.5,-1212.4,3200.8,6659.4,-1719.1,8202.5
9860.7,774.03,969.88,6358.5,82.555,6376.7
8206.1,-2786.3,2330.2,7167.9,-1326.2,6797.3
7149.1,2827.8,1608.5,8297,1976.4,6740.4
9704.1,-343.88,1774.5,6332.4,-71.195,6506.4
6412,-300.39,-1217.8,6579.5,2020.1,9477.2
9120.1,1927.2,2222.4,6592,602.28,6650.4
9649.3,-1935.5,-314.27,6544.8,70.036,6331
6816.4,2714.8,205.43,9258.8,373.6,6335.2
8012.8,-2864,-2286.6,7319.7,1479.7,6816.9
6545.5,1934.1,161.76,9637.5,458.82,6338.1
6438.4,136.33,-1418,6366.2,-843.49,9754.6
7449.6,3295.2,-1231.7,8250.5,-1271.2,6505.1
6623.1,-2147.1,-555.39,9374.2,1320.7,6439.7
7090.8,3070.8,-832.25,8761.4,-1136.8,6435.8
7321.5,649.27,3362.3,6422.8,1000.5,8502.3
7533.2,-3459.4,862.78,8283.8,-861.35,6407
6968.9,2923.9,695.57,8944.3,1063.6,6414.3
6755.1,-572.86,2519.7,6507.6,-1579.3,9095.2
7576.6,-2986.4,-1985.4,7780,1753.2,6782.8
8089.5,3089.3,1956.3,7418.2,1281.9,6662.6
8222.2,-2787.4,2322,7160.9,-1310.6,6790.6
6851.5,2672.8,817.16,9014,1398.8,6473.8
7173.1,531.79,-3237.1,6403.2,-940.2,8704.9
6326.2,-0.21177,117.5,6325.5,-17.044,9991.3
6330.6,258.34,169.73,9038.7,3030,6987.4
6376.6,-579.97,780.29,7793.5,-3578.1,8045.3
7166.3,-2709.2,1836.3,8117.9,-2161.6,6872.6
8294.9,3430.9,1104.9,7508,701.65,6420
6674.3,2215.6,848.66,9128.6,1817.7,6562.3
7046.1,-3087.3,-459.66,8921.6,660.57,6360.3
6531,-1008.1,1589.3,7443.6,-3260.4,8224.4
6401.4,1118,-370.41,9581.9,-1791,6518.4
7822.4,3642,-340.99,8066.8,-290.86,6336.2
7222.2,393.05,-3309.5,6365.6,-673.05,8696.7
7444.2,-3355.6,-1044.6,8322.3,1094,6453.6
6610.9,1502,-1577.1,8028.7,-3197.4,7532.8
9961.8,-594.58,112.51,6344.4,-7.1235,6326.2
6330,205.13,207.16,8340.6,3578.5,7572.9
6656.6,-2243.9,593.38,9321.3,-1329.8,6443.7
6329.6,-155.71,232.4,7649.2,-3609.5,8257.8
6341.9,554.64,22.634,9961.7,242.61,6328.6
8248.7,-3372.3,-1315.7,7499.8,844.53,6463
8991.6,2689.7,-1537.3,6863,-590.31,6479.1
6619,1471.2,-1641.8,7924.9,-3209.6,7622.1
6342.3,290.66,-481.04,7474.9,-3512,8433.6
7479,3468.6,685.57,8381.2,712.95,6378.5
6492.1,1127.2,-1285.4,7989.2,-3399.1,7708.7
6494.3,-1701.5,-253.68,9671.5,825.15,6365.6
9751,434.29,-1604,6336.3,-79.874,6471.1
9022.8,-1321.8,-2762.2,6457.6,546.46,6862
6495.6,-1466.2,911.4,8913.5,-2750.3,6905.5
6356.6,-95.263,756.17,6397.8,-1141,9831.2
7086,2866.6,-1366,8499.8,-1807.2,6638.2
8618.4,3434.4,46.894,7333.9,25.644,6325.7
7035.1,2904.2,1101,8695.2,1552,6536
6346.5,624.34,62.884,9929.6,594.25,6344.5
6688.1,-2410.9,-45.349,9449.9,98.109,6326.1
6451.4,-1144.8,969.5,8521.2,-3239.8,7272.9
6325.6,0.082817,-51.93,6325.5,-15.085,9992.3
8526.8,-3122,1568.3,7207,-831.41,6506.2
6546.6,981.09,-1680.1,7317.2,-3166.4,8346.4
9179.8,-2121.6,1918.8,6639.4,-554.32,6560
6577.9,720.48,-1933.7,6811,-2513.4,8924.1
8175.2,-1650.1,3244.6,6638.8,-1203.1,7366.8
8687.1,-3017,-1534,7091.2,736.56,6490.4
6340.9,426.81,-325.97,8803.4,-3252.3,7162.5
6418.1,294.51,-1262.3,6553.9,-1923.6,9505.2
7507.2,-3502.6,-588.33,8369.1,602.72,6363.6
9615.9,1381.3,1510.5,6439.5,247.16,6456.9
6355.6,-1.2675,749.98,6325.5,-15.735,9945.1
6326,0.016383,95.384,6325.5,1.6244,9991.8
6706.8,-379.54,-2432.5,6416.5,1158.7,9290.8
9213,-11.797,2813.1,6325.5,-4.6784,6860.7
7997.3,3665.5,46.482,7903.4,36.023,6325.7
9858.7,-1011.7,-734.3,6381.9,81.453,6354.7
6366.2,860.72,-125.79,9866.7,-849.3,6365.2
6949.7,-2424.7,1722,8270.5,-2437.8,6956.1
6819.2,2728.4,29.226,9268.8,53.045,6325.7
6624.3,963.23,2001.7,7043.3,2831.2,8569.4
7046.3,2027.3,-2373.8,7554.8,-2644.5,7510.8
7546.1,-1586.5,3200.1,6779.4,-1769.7,7815.5
7813.8,3051.3,-2015.1,7597,-1538.9,6735.3
6328.9,-7.283,253.25,6329.4,-271.17,9981
6325.9,0.0067458,87.746,6325.5,0.72711,9991.9
6497.2,-1702,-331.19,9625.4,1064.1,6393.2
7963.3,-2715.9,-2463.7,7254.3,1577.1,6921.2
8793.6,-2803.7,1734.3,6959.9,-749.1,6532.7
7473.6,1319.5,3276.9,6664,1638.7,8027.8
6376,961.58,96.103,9884.3,583.29,6344.1
7592.6,-2904,2116,7690.6,-1812.8,6847.2
6998.5,-2491.4,1762.5,8228.5,-2381.2,6942.9
6486.3,-1295,1073.2,8519.9,-3168.7,7234.9
6704.2,2278.7,913.83,9061.8,1863.3,6581.1
8476.5,-3211.4,-1447,7278.2,802.33,6480.7
8369.8,-2956.8,2008.8,7187.2,-1100.7,6646.4
9716,-167.56,1763.9,6327.1,-34.367,6503.8
7334.9,1846.4,2897.1,7064.3,2197.2,7716.2
6703,2272.5,-920.36,9057,-1878.9,6585.9
7721.3,-210.85,3631.3,6332.7,-246.75,8176.9
9327.2,-1665.4,-2041.6,6509.5,444.81,6585.1
7859.8,954.65,-3535.9,6456.6,-961.1,7878.6
6818,2506.5,-1072,8879.3,-1870.3,6604.3
6435.6,-143.31,-1400.8,6371.6,896.99,9750.5
8564.4,-1992.4,2841.7,6691.5,-1015.5,6976.6
6592.5,863.8,-1931.1,6976.2,-2773.7,8693.5
9748.8,-1664.5,124.12,6482.8,-23.173,6326.3
6455.2,-1490.6,-303.42,9677.6,1128.3,6400.1
6471.2,1535.9,-472.02,9519.6,-1633.9,6490.2
7289.4,2763,1975.7,7955.4,2092.2,6894.7
6332.8,-363.92,76.342,9854.3,-1215.4,6406.8
6326.6,4.726,142.41,6330.7,313.14,9982.6
6326.1,2.1046,-109.06,6327.3,-182.36,9988.7
9249.3,2686.6,-627.93,6808.4,-217.72,6349.1
6325.7,1.3074,-55.335,6328.1,-223.27,9988.1
6968.7,2013.5,-2230.9,7679.9,-2736.7,7470.6
6762.6,1341.3,2229.4,7252.3,2884,8152.2
6338.6,406.04,285.48,8931.9,3130.3,7062
6325.6,0.43957,49.235,6325.9,84.44,9991.7
6785.4,-2643.6,-240.52,9294.7,453.99,6339.5
6436.8,1403.8,-177.25,9774.6,-717.36,6354.7
8450.3,-41.644,3536,6325.7,-29.668,7479.7
9755.5,-1428.5,819.71,6441.4,-131.87,6362.5
9369.5,2136.3,-1414.6,6620.8,-382.28,6445.3
8955.7,1488,-2762.4,6497.4,-629.78,6871.1
6784,-2651.3,-31.521,9316.8,59.709,6325.7
9975.8,185.55,-405.81,6327.3,-8.0021,6334.2
7279.6,2264.3,-2520.1,7471,-2354.3,7351.6
9876.8,1065.6,469.63,6387.6,54.481,6337.4
9503,1510.4,-1741.8,6467.4,-323.62,6505.5
6373.3,929.52,-142.94,9849.4,-889.95,6369.3
9726.3,1452.2,959.33,6446.5,158.4,6376.6
9044.6,-2530.5,-1678.1,6792.9,598.5,6507.7
6924.8,2822.8,791.27,8953.2,1257,6448.8
6530,-1687,825.69,9127.9,-2322.1,6707.7
7922.7,2101.3,-3004.7,6912,-1606.1,7301.1
6527.3,1646.1,-880.15,9045.4,-2471.4,6771.8
8702.5,-1480,3030.7,6516.6,-770.98,7050.2
8990.7,3091.5,215.86,7027.1,93.087,6328.4
6779.8,-1803,1930.8,7865.2,-2974.9,7497.9
9439.6,-2388.1,465.84,6682.8,-135.67,6338
6428.6,196.32,1350.2,6417.6,1257.2,9691.3
9954.7,-356.92,567.24,6332.3,-21.652,6342.7
6386.5,84.534,1056,6354.6,725.24,9851.8
6338.5,-475.79,-133.31,9752.8,1583,6467.7
6325.5,-12.053,-23.673,7234,3344.5,8737.6
7280.6,-1.4446,3388.8,6325.5,-2.3829,8681.6
7455.5,-3293.9,-1245.8,8239.4,1279.6,6508.6
6435.9,872.82,-1106.8,7852,-3495.1,7911.9
8535.5,2438.2,2495,6874.2,1078.1,6814.2
6507.6,1460.5,1020.1,8748,2915.3,7023.2
6920.4,-2880.1,504.02,9062.7,-813.35,6375
6379.1,75.708,-991.89,6352.1,-694.91,9867.1
9107.6,2549,-1500.4,6787.3,-525.09,6467.9
6562.6,2005.5,78.613,9627.4,214.47,6328.3
9547.5,123.94,2205.4,6326.5,33.803,6619.4
6706.7,411.97,-2427,6432.7,-1251.9,9267.6
6405.2,508.84,1093.7,7086.6,3096.1,8808.3
6565.2,-1651.3,1158.5,8678.3,-2854,7017.4
6477,1606.1,-313,9654.6,-1073.8,6393.7
6923.9,2896,-445.58,9073.8,-717.66,6363.9
9548,-2190.8,272,6615.6,-70.457,6329.7
6851,1376.2,-2431.4,7138.4,-2708.8,8175.5
6374.3,707.25,635.24,8502.3,3409.7,7377.3
7859.1,3642.3,383.28,8025.8,319.94,6338.8
7662.2,-85.345,-3618.7,6326.7,104.46,8247.7
7098.4,-3176.5,-307.41,8884,423.9,6340.1
7391.7,-3476.3,133.57,8548.3,-148.6,6327.6
7615.2,2654.8,2435.1,7463,1927.7,7035
9285.8,-97.911,-2700.5,6326.2,36.186,6806.2
9487.9,-2312.4,-337.42,6655.1,93.808,6332
7019.9,-119.82,3081.6,6330.4,-251.82,8997.1
6338.5,393.02,-299.92,8807.4,-3254.2,7162
7643.8,-1274.1,3381.2,6598.4,-1418.6,7927.2
8193.9,480.5,3603.6,6352.4,402.02,7681.3
9105.8,1617.2,-2479.5,6515.4,-573.95,6739.1
7379.2,-1663.3,3045.1,6904.9,-2032.5,7846.9
7346.2,3250.4,1139.8,8384.8,1266.9,6490.9
6809.1,-2044.4,-1774.3,8144.9,2805.4,7209.2
8645,3085.4,-1465.9,7140.1,-729.88,6477.3
7351.4,1399.2,-3152,6752.4,-1862.5,8054.5
9817.5,870.1,1127.2,6367.8,109.33,6395.5
7596.1,-3500.6,817,8229.8,-786.07,6395.6
9126.9,-2341.5,-1765.7,6714.1,569.17,6524.6
6369.7,-880.24,-210.77,9762.2,1356.1,6429.8
6381.6,914.11,446.48,9322.7,2457.2,6720.3
9335.5,933.28,-2449,6383.7,-303.89,6709
8844.3,-905.83,3121.6,6393.1,-463.15,7071.2
9615.8,-1453.2,1441.7,6451.6,-247.71,6444.9
9720.1,-941.59,-1486.2,6376.8,161.21,6450.5
9708.3,-1170.9,1360.6,6405,-183.49,6429.9
8035.7,3512.1,-1040.7,7752.9,-768.03,6417.7
6621.7,405.21,-2175.7,6459.5,-1424.1,9347.5
9741.4,912.66,-1425.9,6373.3,-148.86,6439.9
8645.5,3415.4,35.878,7311,19.309,6325.6
9533.4,-1081.4,1961.8,6397.8,-260.82,6555.2
6330.7,300.8,84.843,9761.6,1597.2,6469.8
9323.6,-2636.5,-148.37,6777.9,49.217,6326.8
6499.5,1744,-26.903,9724.4,-86.536,6325.9
9521.9,1011,-2027,6389,-253.35,6572.1
9178.6,-2801.5,586.95,6863.7,-216.7,6346.4
6500.5,1709.4,-371.1,9596.4,-1178.2,6409.2
7120.5,2920.9,1353,8482.1,1744,6619.9
8890.1,2787.1,-1584.2,6926.5,-653.62,6492.9
8881.8,-1076.3,3028.6,6419.1,-522.67,7012.8
8015.4,-3434.5,-1278.5,7712.7,939.9,6467.4
6864.7,-2441.7,1412.6,8576.4,-2262.7,6791.1
6486.5,-1451.8,-851.6,8993.8,2666.1,6853.4
6593.5,-1675.7,-1297,8512.3,2950.3,7123.6
6599.9,2122.6,-277.96,9531.5,-698.46,6355.8
6329.6,-232.76,-153.86,9031.3,3041.3,6994.2
6325.5,-0.0018925,11.976,6325.5,-1.4949,9992.5
7774.8,1915.5,-3106.7,6870,-1696.1,7485.5
7097.9,-3096.8,-768.52,8776.2,1046.5,6418.4
6501.4,-1274.4,-1203.7,8295.9,3280,7413
7744.2,-2539.8,-2611.9,7276.2,1827.6,7095.6
9372.3,-2541.6,282.59,6739.2,-89.16,6330.2
6659.1,-2322.1,-173.98,9477.1,393.73,6335.3
6607.2,-741.68,-2034.6,6786.3,2442.1,8916.9
7267.9,-1197.2,-3157.8,6670,1770.4,8247.7
8556.3,-3470.6,-187.14,7384.4,106,6328
6707.7,1106.3,-2202.1,7060,-2771.9,8442.9
7205.5,820,-3212.5,6501.7,-1361.5,8534.5
6743.3,860.68,-2405.9,6741,-2251.3,8795.7
6557.8,1857.8,710.39,9281.9,1900.9,6568.5
8018,-2586,-2596.4,7143.8,1549.1,6980.2
9499.7,-1209,1971,6416.9,-295.79,6558.9
6639.8,-2260.1,-215.11,9495.6,502.72,6341.4
7195.2,3166.7,944.74,8610.1,1182.3,6453.8
9387.9,-1489,2044.6,6469.6,-391.27,6582.9
7820.8,3503.9,1049.4,7952.1,874.65,6428.8
6876.9,-1913,2105,7754.1,-2854.3,7497.9
7431.8,2046.4,2847.3,7143,2144.6,7531.7
6578.9,2067.1,23.818,9607.3,62.714,6325.7
9954.6,195.25,642.69,6327.5,13.43,6347.6
9548.3,1973.9,987.28,6562,232.28,6381.3
6466.3,1443.7,644.15,9291.4,2224.3,6654.8
6469.4,-1098.7,-1159.1,8139.5,3401.2,7592.9
6902.7,2892.1,-39.835,9156.5,-65.931,6325.8
9478.3,-2002.6,1241.9,6575.1,-303.76,6415.5
7813.9,-3338.3,-1492.4,7823,1210.8,6540.7
7941.6,1770.8,-3211.1,6741.9,-1463.6,7467.5
6645.3,1232.9,1926.5,7394.1,3098.3,8137
6974.3,-2568.4,1577.3,8402.4,-2235.7,6822.8
6415.6,-316.36,1240,6595.4,-2072.1,9449
6585.2,1601.9,-1342.4,8404.1,-3052.9,7224.4
6558,-1222.5,1569.8,7744.5,-3310.3,7872.3
8972.4,638.43,3053.4,6357.3,303,7009.5
6436.3,-415.84,1349.4,6701.2,-2369.9,9270
6358.9,120.56,-779.89,6433.1,-1379.8,9773.8
6344.7,369.22,-472.41,7904.1,-3636.2,7972.7
7215.6,-2154.7,2533.7,7444.7,-2434.4,7442.9
6775.5,-2474.5,897.1,9031.3,-1668,6533.8
6612.2,-2066.6,701.16,9277.7,-1684.6,6517.4
6404.2,674.51,990.89,7628.1,3500.3,8184.4
7449.6,-3380.6,973.22,8339.3,-1019.5,6435.9
6526.2,566.89,1774,6707.9,2325.1,9133
6444,975.3,1083.2,8073.1,3461.7,7685.5
7848.8,3151,1864.4,7642.8,1424.5,6665.2
8827.3,-2637.1,1927.2,6881.3,-779.5,6582.1
7753.4,-466.42,-3615.3,6359.6,527.74,8108.5
7192.8,-2156.7,2500.5,7475.6,-2461.7,7435.6
6466.8,-1407.1,-726.95,9156.3,2472.8,6752.4
9769.4,29.305,1600.1,6325.6,5.3512,6469.9
6726.3,480.19,2466.5,6463.4,1401.5,9196.6
6491.2,1114,-1291.5,7961.9,-3404.4,7736.1
7318.3,-3385.2,-498.81,8594.3,580.36,6356.9
8304.9,-3244.9,-1560.7,7386.5,947.33,6517.7
7140.8,-3183.5,620.73,8772,-821.01,6383
7582.4,-1164,-3394.7,6566.1,1377.5,8030.7
9446.2,-1063.7,2174.1,6397.8,-293.86,6615.8
6562.1,1999.2,-157.01,9615.4,-428.36,6336.6
7384.6,-2696.1,-2190.4,7748.7,2100.2,6987.3
6638.4,2254.6,227.94,9494.5,533.84,6343.5
8232.9,2955.2,2098.9,7252.3,1232.4,6696.4
6952.4,-2968.1,249.01,9075.1,-391.46,6336.9
9535.1,-1818.1,1302.3,6527.6,-285.09,6423.7
6325.8,-58.365,38.248,9048.1,-3031.5,6985.5
6519.6,1621.8,-856.43,9067.7,-2458.2,6763.1
6383.8,-966.73,-373.44,9513.2,2050.1,6583.5
8918.3,-1745.2,-2655,6564.7,714.56,6829.2
8443.5,2436,2568.2,6899.5,1159.8,6863.2
9632.6,-1784.7,912.1,6513.6,-189.48,6372.3
6346.7,-92.254,-622.78,6425.2,1335,9804.8
6509.7,987.95,1493.2,7519,3321.4,8168.6
6348.9,659.63,-52.963,9936.7,-474.52,6337.6
