1.808e+05,-1.6594e+05,-80048,11091,2448.9,8591
2.4681e+05,19170,-73567,8191.6,-188.72,8520.4
1.2293e+05,-2.0744e+05,-91271,16045,5230.9,8733.1
8984.8,1104.6,1.0759e+05,8514.8,66364,2.2517e+05
1.2554e+05,-2.0506e+05,-93132,15666,5181.5,8758.9
26966,2.4249e+05,33460,77491,10574,8243.5
35398,1.3587e+05,-2.0857e+05,33236,-47939,14642
49789,1.1776e+05,2.2051e+05,21217,33842,16307
76856,-1.8835e+05,1.5695e+05,21722,-15542,10318
12389,-1.6153e+05,-1.074e+05,1.4185e+05,93999,9802.5
1.3501e+05,7301.9,-2.1964e+05,8179,-720.14,15600
74420,2.4378e+05,-31572,28127,-3335.7,8229.5
1.8896e+05,43172,-1.705e+05,8377.8,-1644.4,10881
9834.6,3164.9,-1.4374e+05,9431.6,-1.0717e+05,1.8571e+05
75597,1.36e+05,2.0439e+05,16886,19440,13495
1.2934e+05,-2.211e+05,-29776,16198,1626.9,8222.1
1.6921e+05,1.1299e+05,1.5878e+05,9823.9,4264.2,10363
2.3644e+05,22777,1.013e+05,8204.9,335.92,8879.5
1.1511e+05,-2.1756e+05,-76475,17498,4810.9,8552.5
30460,2.0023e+05,1.4475e+05,56321,39860,10041
42247,2.2859e+05,1.0117e+05,45774,19615,8907.9
2.5145e+05,-58243,-8870,8383.5,65.079,8171.8
1.4695e+05,1.4618e+05,-1.5362e+05,11528,-6034.7,10168
50069,-1.9194e+05,1.6014e+05,32767,-25641,10500
2.334e+05,-90465,-63463,8759.7,803.49,8425.7
1.8706e+05,-23392,1.7636e+05,8230.7,-957.25,11189
51822,-1.4585e+05,2.0286e+05,24667,-30549,13476
1.4547e+05,-1.8558e+05,1.0466e+05,13251,-4634.1,8936.1
1.8342e+05,-1.7721e+05,-39876,11361,1235.5,8266.3
53320,36093,2.471e+05,9899.4,21644,32636
1.5406e+05,1.4458e+05,1.4812e+05,11208,5385.1,9976.6
1.9891e+05,-84094,-1.4148e+05,8868,2265.6,9765.8
50616,-2.0538e+05,-1.4244e+05,34557,22628,9848.4
1.1663e+05,-18495,-2.2912e+05,8269.6,2524.9,17860
1.1925e+05,-2.2759e+05,-20926,17629,1273.1,8194.1
12681,-9583.7,-1.971e+05,11480,1.1661e+05,1.1833e+05
1.104e+05,87988,-2.1557e+05,10455,-9982.6,14924
74995,2.2968e+05,-87159,26454,-9082,8682.7
1.4292e+05,2.1227e+05,-32595,14640,-1548.4,8233.1
71036,-2.3436e+05,-76895,28327,8521.7,8560.6
12205,1.5806e+05,-1.0849e+05,1.4256e+05,-97525,9900.5
99833,-98711,2.1589e+05,11504,-12481,14999
2.3515e+05,-32801,1.0156e+05,8246.2,-487.88,8883.6
11172,-1.6799e+05,52662,1.8017e+05,-56364,8558.1
2.5364e+05,45777,16340,8299.1,93.543,8183.4
2.2335e+05,66.052,1.2958e+05,8167,1.4032,9443.6
24931,-2.0239e+05,-1.3427e+05,70645,46241,9780.8
90678,-54009,-2.347e+05,9516.1,10894,19963
1.337e+05,1.0937e+05,-1.9152e+05,10559,-7429.1,12202
68411,-1.9764e+05,1.4858e+05,25129,-16895,10021
2.0077e+05,-69467,1.467e+05,8642.8,-1954.3,9927.3
69755,-2.1585e+05,-1.1998e+05,26726,13468,9240.3
9006.4,3760.7,-1.0874e+05,11495,-1.6461e+05,1.6639e+05
2.0081e+05,-32477,-1.5899e+05,8273.3,1034.1,10369
91733,2.3927e+05,-23890,22894,-1994.9,8202.5
67988,1.0038e+05,-2.2606e+05,14637,-22700,17311
2.318e+05,-1.1119e+05,24286,9059,-370.48,8203.4
2.0812e+05,-1.5255e+05,-9058.7,10129,210.42,8172
9465.5,1.2945e+05,-16277,2.211e+05,-27762,8231.2
56502,62259,-2.4146e+05,12223,-26244,24942
97627,-66731,2.2873e+05,9903.7,-10861,17816
30162,-2.4675e+05,9051.8,69885,-2528.7,8172.4
19457,2.3372e+05,-3596,1.0839e+05,-1658.2,8168
1.3496e+05,10313,-2.1955e+05,8190.9,-1015.9,15583
2.1268e+05,-1.0921e+05,97522,9182.3,-1712.9,8821.1
66946,-98849,-2.2698e+05,14639,23154,17577
26182,1.8742e+05,-1.5641e+05,62072,-50904,10599
27161,-1.1982e+05,-2.1364e+05,38650,65835,16410
9419.7,-1.1722e+05,52903,2.0412e+05,-91977,8959
1.5033e+05,-1.2531e+05,1.6813e+05,10639,-5862.7,10771
30637,-2.4108e+05,-54495,67176,14961,8370.1
27364,-55411,2.3876e+05,19156,-67536,32863
2.3754e+05,95831,-32833,8807.3,-422.79,8233.9
2.4026e+05,81470,48260,8624.3,527.4,8313.6
77878,-2.4471e+05,9292.3,27066,-934.21,8172.4
18528,57316,2.2401e+05,29307,1.0564e+05,31724
1.0494e+05,-2.1409e+05,97538,18601,-6840.9,8824.7
63500,-1.0612e+05,2.2443e+05,16003,-25031,16952
2.2386e+05,42741,-1.2141e+05,8314.7,-831.77,9254.9
2.1301e+05,-13946,1.4526e+05,8184.5,-364.38,9880.7
36212,2.354e+05,-81550,55103,-18670,8633
38413,64735,2.4101e+05,16282,45366,27543
2.4588e+05,55312,-56372,8371.3,-411.39,8369
1.2569e+05,59648,-2.171e+05,9043.6,-6071.5,15155
8543.8,-74427,-14412,2.4238e+05,46879,8318.5
1.3407e+05,-2.1614e+05,42736,15515,-2217.6,8281.6
1.1929e+05,2.0783e+05,95024,16435,5658.9,8786.4
8953.8,-1.0508e+05,12301,2.3397e+05,-27356,8222.7
2.0723e+05,1.54e+05,-1814.8,10178,-42.714,8167.2
64239,-21338,-2.472e+05,8612.8,10061,31135
38691,-12578,-2.4928e+05,8606.8,16988,51729
1.1512e+05,-2.2381e+05,55552,17892,-3515.5,8363.8
15628,-52430,2.1344e+05,33158,-1.268e+05,33243
1.4247e+05,1.2524e+05,1.7482e+05,10882,6633.3,11111
98901,-23775,-2.3657e+05,8401.3,4596.6,20732
1.2506e+05,28984,2.2361e+05,8384.4,3310.9,16429
1.6493e+05,-1.8583e+05,-69772,12312,2588.6,8483.2
47218,-55653,2.4381e+05,12736,-32855,28644
39786,13493,-2.4938e+05,8643.5,-17127,50093
16273,17744,-2.2223e+05,13142,-1.0103e+05,80551
57847,46968,2.4471e+05,10562,22131,28193
31596,-2.3998e+05,-60993,64730,16189,8422.6
1.7401e+05,-95565,1.6494e+05,9319.9,-3733.6,10622
2.33e+05,-1.0556e+05,35377,8966.9,-512.26,8244.8
45887,-1.4748e+05,2.0198e+05,27897,-34932,13457
89763,-2.3352e+05,60224,22845,-5138.6,8400.6
58232,-2.4861e+05,15986,36150,-2205.9,8183
13810,-1.5661e+05,1.3683e+05,1.1515e+05,-1.001e+05,10833
86261,-1.5653e+05,1.85e+05,16980,-15426,11761
1.643e+05,1.8101e+05,-82721,12160,-3050.1,8622.4
77654,-2.4355e+05,26101,27021,-2631.3,8209.5
8182,9815.7,-12155,1.6209e+05,-2.002e+05,12989
22177,-8922.5,-2.3906e+05,8898.9,37606,87286
1.7386e+05,-1.8413e+05,49879,11903,-1706.4,8324.1
52834,-16433,-2.4922e+05,8562.2,11709,38080
1.3842e+05,70682,-2.0586e+05,9173.5,-5541,13566
80637,2.364e+05,-60769,25415,-5858.4,8405.5
1.4246e+05,-2.1497e+05,-6121.6,14801,293.16,8169.3
95869,2.0709e+05,1.1919e+05,19499,9253.6,9215.1
1.9632e+05,-1.4037e+05,91670,10043,-2221.2,8736.9
10360,-5561,1.5868e+05,10838,-1.3365e+05,1.5342e+05
2.0452e+05,1.0868e+05,-1.141e+05,9250.1,-2141.1,9105.4
43571,-1.3452e+05,2.1079e+05,26937,-38330,14677
1.3376e+05,-2.0045e+05,-91896,14733,4678.7,8741.3
2.4299e+05,18650,-85432,8191.1,-219.99,8654.8
30051,-2.4636e+05,15653,70050,-4390.3,8183.3
24992,-2.3819e+05,47802,82762,-16448,8328.3
8174.9,-333.93,11359,11141,-1.7533e+05,1.8914e+05
1.0289e+05,1.8598e+05,-1.455e+05,16912,-10145,9899.7
1.8424e+05,-1.6302e+05,78198,10910,-2300.6,8570.1
8404.2,-280.03,60895,8248.1,-35079,2.4851e+05
2.5539e+05,-6258.5,-37918,8169.5,29.738,8256.6
1.4949e+05,-21763,-2.0916e+05,8253.4,1651.1,13962
45507,-2.3826e+05,76010,44226,-13628,8559
1.244e+05,-2.2352e+05,-32296,16822,1857.7,8231.9
1.5329e+05,-1.5772e+05,1.3492e+05,11727,-5165.8,9583
1.8853e+05,-17345,1.755e+05,8201.6,-697.82,11141
1.8713e+05,1.7545e+05,-28925,11200,-864.7,8218.8
12717,-1.1893e+05,-1.5795e+05,99981,1.319e+05,13549
36200,1.9354e+05,1.5686e+05,45558,35736,10445
19020,-2.3215e+05,-14550,1.1068e+05,6898.7,8182.9
25593,1.5946e+05,-1.8409e+05,54312,-61284,12393
68171,-2.065e+05,1.3609e+05,26223,-15605,9636.3
1.656e+05,-62992,1.8765e+05,8739.3,-3297.9,11903
2.2336e+05,-12394,1.2898e+05,8179.6,-261.63,9428.7
1.2344e+05,-2.0824e+05,88726,16042,-5063.5,8698.9
8180.4,73.526,-14747,8267.5,-40052,2.5471e+05
2.1068e+05,1.2454e+05,82292,9489.1,1625.5,8616.8
2.1102e+05,1.0863e+05,1.0167e+05,9187.1,1803.5,8885.7
74612,1.0236e+05,-2.2343e+05,13920,-19925,16586
55863,-2.0975e+05,1.3501e+05,32055,-19294,9619.8
51193,2.4822e+05,-28901,40936,-4576.6,8220
34775,-2.4227e+05,-56408,59102,13498,8381.3
84083,-56912,-2.3628e+05,9876.7,12967,20743
2.1012e+05,1.4775e+05,-26186,9986.6,-586.21,8209.4
2.3517e+05,-52675,92766,8369.6,-704.96,8751.8
1.2867e+05,-2.1874e+05,-45760,16132,2509.8,8298.8
1.6874e+05,1.9526e+05,3390.1,12499,124.36,8167.7
2.1756e+05,-1.3508e+05,-33068,9615.1,655.59,8234.9
16643,-1.5499e+05,-1.625e+05,87670,91122,11806
8407.8,-54957,27219,2.2484e+05,-1.1121e+05,9112.6
53254,-50846,2.4449e+05,11356,-26366,28484
30250,1.6312e+05,1.8542e+05,46463,51182,12256
1.3449e+05,-72025,2.0795e+05,9268.2,-5981.3,13820
69156,1.1016e+05,-2.2118e+05,15438,-22322,16135
21733,-31913,-2.3634e+05,15302,81046,51797
1.599e+05,24577,-2.0105e+05,8263.2,-1563.9,13037
1.5533e+05,-29327,-2.0395e+05,8311.7,1994.9,13343
63291,-42311,-2.4466e+05,9849.5,17797,27633
40698,-2.2585e+05,1.0684e+05,46979,-21552,9009.7
1.1996e+05,1.6767e+05,1.5477e+05,14057,8596.5,10215
34898,-54611,-2.4272e+05,15476,49628,31896
1.4168e+05,-1.2085e+05,-1.7851e+05,10742,6695.3,11319
59948,2.485e+05,-13569,35135,-1814.9,8178.5
1.2994e+05,-53379,2.1626e+05,8831.8,-5183.9,15010
38611,-1.705e+05,-1.8227e+05,37792,38515,11806
1.7306e+05,6835.5,-1.9137e+05,8173.4,-357.23,12179
69908,1.3792e+05,-2.0481e+05,18164,-21519,13566
55341,-2.3865e+05,72781,36534,-10585,8520.2
73190,19820,-2.4533e+05,8464.8,-7242.7,27805
2.2555e+05,-64311,1.0803e+05,8492.9,-1073.9,8992.6
2.3154e+05,1.1386e+05,-10386,9102.2,-161.85,8173.6
90691,-60601,-2.3308e+05,9834.9,11742,19313
54618,-2.4145e+05,63188,37417,-9325.5,8429.1
23627,1.5145e+05,1.8789e+05,56385,68482,12931
65704,-2.1564e+05,1.2214e+05,28221,-14646,9290.2
1.0963e+05,2.2146e+05,73019,18451,4891.5,8516.5
1.6493e+05,81688,1.8091e+05,9116,3984.8,11457
2.0002e+05,30916,-1.6029e+05,8264.2,-1001.4,10421
2.3642e+05,-73526,73406,8553.3,-753.92,8518.8
45528,2.0311e+05,1.4593e+05,37924,25985,9976.8
1.3659e+05,-1.9729e+05,-94608,14365,4662.1,8779.6
61972,2.0609e+05,1.389e+05,28590,17697,9722.5
74364,41300,2.4234e+05,9355.5,13061,24761
8168.8,-5020.6,-2109.7,2.3806e+05,99919,8858
8669.4,86281,-7338.8,2.4242e+05,-20596,8196.5
1.092e+05,-2.0067e+05,1.1916e+05,17124,-7855.5,9212.4
1.8764e+05,1.574e+05,-81592,10664,-2285.7,8608.8
2.5581e+05,28681,-20894,8218.2,-74.399,8193.9
9436,-6094.2,-1.2913e+05,13327,1.7632e+05,1.3699e+05
24479,-2.1935e+05,1.0309e+05,78061,-36284,9015
8876.5,-93055,-39555,2.1871e+05,92837,8873.3
1.1852e+05,2.285e+05,13735,17771,842.6,8178.6
1.0527e+05,-2.0248e+05,1.1953e+05,17747,-8257.6,9220.7
60917,2.088e+05,-1.3513e+05,29406,-17562,9616.6
2.3775e+05,-32676,-95367,8243.9,446.56,8788.9
60850,1.9337e+05,1.5643e+05,27434,20227,10319
2.446e+05,-22904,-79625,8202.8,248.15,8585.7
95985,-35519,-2.3624e+05,8712.1,7023.7,20600
2.1771e+05,-90086,1.0564e+05,8839.5,-1517.2,8951.2
1.8529e+05,-1.3772e+05,-1.1549e+05,10179,3041.6,9133.1
55867,2.4702e+05,34661,37405,4998.4,8243.2
82375,-33862,2.412e+05,8836.4,-9175.8,23665
86958,2.4075e+05,-25611,24135,-2273.5,8207.8
80230,1.8395e+05,1.6063e+05,20519,15078,10464
1.4276e+05,-1.4271e+05,-1.6063e+05,11558,6513.1,10441
1.3022e+05,2.0379e+05,89544,15189,4744.6,8709.5
73366,-2.2694e+05,95154,26701,-10148,8793.7
1.018e+05,2.2435e+05,75102,19818,5507.5,8538.4
1.7964e+05,-81268,-1.666e+05,8965.5,3127.8,10696
1.722e+05,-1.7953e+05,-68784,11805,2358.2,8473.8
30420,41634,2.4352e+05,14190,55501,39908
44839,2.3375e+05,-88893,44064,-16181,8718.6
2.2994e+05,-1.1751e+05,1739,9172.8,-28.139,8167.2
2.2363e+05,-1.291e+05,-1368.3,9431.9,25.013,8167.1
90624,-1.8045e+05,1.5953e+05,18257,-12911,10411
85241,-2.4212e+05,-16274,24695,1478.3,8183.4
18552,-1.8259e+05,-1.4198e+05,89893,69324,10330
1.8143e+05,-1.4686e+05,1.1022e+05,10511,-3126.5,9032.7
12702,1.9663e+05,19117,1.6528e+05,16029,8205.4
95190,1.9787e+05,-1.3439e+05,18896,-10436,9577.1
1.1362e+05,2.2832e+05,37179,18370,2400,8253.4
1.2127e+05,98563,2.0504e+05,10534,8741.3,13485
2.5763e+05,12192,13404,8176.2,20.106,8178
48497,-1.6134e+05,1.9103e+05,28749,-31291,12355
1.457e+05,-2.129e+05,888.38,14477,-41.181,8167.1
9582.7,-77300,-1.1069e+05,1.262e+05,1.7996e+05,14244
2.5022e+05,31219,-55769,8230.4,-225.6,8364.6
70315,1.9229e+05,-1.5474e+05,23924,-17009,10240
1.7815e+05,-1.669e+05,-83857,11197,2632.5,8635.9
1.726e+05,-82699,1.7317e+05,9058,-3548.1,11019
1.8631e+05,96808,-1.5018e+05,9205.6,-3040.4,10044
2.2439e+05,-1.187e+05,-47308,9240.7,806.12,8307.8
91038,23232,-2.3959e+05,8430.8,-5356.4,22444
2.0662e+05,-6609.8,1.5468e+05,8171.2,-195.79,10203
1.3223e+05,61088,-2.1283e+05,8999.5,-5532.4,14476
2.4173e+05,-71596,55967,8518.1,-537.59,8366
46884,-1.6651e+05,1.8659e+05,30568,-31809,12020
75615,-2.2775e+05,91644,26057,-9454.9,8742.9
45947,1.6349e+05,-1.8926e+05,30638,-32949,12237
19669,1.5537e+05,1.7533e+05,71383,79499,12269
39186,-1.6984e+05,-1.83e+05,37101,38040,11849
96127,-2.0978e+05,1.1418e+05,19664,-8856.9,9113.3
29907,-91817,-2.2906e+05,27314,62048,21088
76429,2.2482e+05,-98081,25505,-9986,8837
24147,1.5811e+05,-1.8318e+05,57408,-65168,12427
1.0019e+05,-97865,-2.1612e+05,11435,12371,15035
45271,-2.2893e+05,1.0068e+05,42776,-18125,8895.4
1.8762e+05,1.75e+05,28496,11173,847.29,8217.3
17002,-8814.5,2.2585e+05,9487.1,-62944,1.068e+05
1.2419e+05,22300,2.2485e+05,8298.2,2624.3,16715
1.1553e+05,-59442,2.226e+05,9189.4,-7231.7,16226
1.3303e+05,-7980.7,2.2081e+05,8181.7,-814.86,15827
54747,-2.2252e+05,1.1301e+05,34549,-16566,9107.3
75669,-2.2939e+05,87431,26208,-9019.3,8686.1
1.0945e+05,2.3273e+05,15924,19235,1078.8,8182.7
1.0816e+05,-1.5434e+05,1.757e+05,14258,-10906,11170
27335,-2.4479e+05,11880,77073,-3698.3,8176.5
1.7056e+05,-1.0294e+05,-1.641e+05,9542.1,4068.4,10585
1.7946e+05,-1.85e+05,14110,11736,-461.6,8179.2
87636,2.0195e+05,1.3314e+05,20591,11440,9546.2
1.1789e+05,901.42,-2.2923e+05,8167.2,-122.02,17892
27255,-1.3425e+05,-2.0497e+05,42948,63203,14716
2.4362e+05,-85039,-10514,8650.8,116.28,8173.8
43434,2.1925e+05,-1.2022e+05,42762,-22592,9274.9
2.5426e+05,-40286,20654,8269,-103.93,8193.3
9267.7,-1.0851e+05,55756,2.0247e+05,-1.0386e+05,9180.5
1.8299e+05,-1.7368e+05,54607,11265,-1680.3,8356.3
1.9666e+05,1.5275e+05,-68136,10345,-1738.2,8467.5
8171.6,-5692.2,6531.9,1.6969e+05,-1.9427e+05,12423
1.2069e+05,-2.2774e+05,5434,17472,-325.81,8168.8
15960,1.2541e+05,-1.8253e+05,75141,-1.0807e+05,14364
1.2056e+05,-2.2787e+05,-1989.4,17495,119.46,8167.3
11464,-9159.2,-1.8083e+05,12375,1.3792e+05,1.2142e+05
1.3557e+05,2.1932e+05,6398.8,15553,328.64,8169.5
8412.4,-55464,27465,2.2472e+05,-1.1113e+05,9112.3
80468,-1.8959e+05,-1.5382e+05,20996,14457,10196
44168,-2.4988e+05,9734.6,47720,-1804.6,8173
77138,-2.4505e+05,4405.7,27340,-447.67,8168.2
1.7712e+05,-1.6311e+05,-93002,11108,2909.8,8755.7
1.6066e+05,2.0036e+05,-25258,13065,-1003.5,8206.5
33694,-2.4666e+05,29534,62164,-7314.8,8224.3
87273,-1.032e+05,2.1889e+05,12681,-15739,15566
41361,2.3481e+05,85547,47996,16980,8677.4
2.3508e+05,-75213,75941,8575.3,-804.9,8545.2
23302,2.1027e+05,1.1755e+05,79110,43756,9344.8
1.8999e+05,79166,1.5581e+05,8848.8,2580.5,10246
39511,2.4814e+05,27932,53056,5830.7,8217.4
17517,1.1952e+05,-1.941e+05,63519,-1.0145e+05,15482
65220,2.4122e+05,57255,31523,6979.8,8378.9
27982,2.3697e+05,-64414,72770,-19532,8459.7
56322,-2.4653e+05,-37610,37042,5376.3,8256.9
2.066e+05,13907,1.5422e+05,8185.5,410.08,10186
1.276e+05,70906,2.1257e+05,9347.8,6632.6,14442
2.2624e+05,-1.2204e+05,-24516,9280.8,420.64,8204.1
8606.1,-60363,54602,1.8184e+05,-1.6415e+05,11008
2.4983e+05,-60377,25213,8402.4,-193.82,8206.2
1.1019e+05,-2.2219e+05,-69929,18423,4658.7,8485.8
2.2692e+05,-77291,-96000,8628.4,1115.4,8798.3
2.5627e+05,11761,-29773,8175.6,-43.545,8221.9
62771,2.4599e+05,-34468,33296,-4384.9,8242
91793,1.0515e+05,2.1623e+05,12447,14576,15077
79662,-35440,2.4179e+05,8946.6,-10174,24170
1.1655e+05,-1.841e+05,1.377e+05,15295,-8178.7,9663.2
54111,2.0268e+05,-1.4574e+05,32005,-21515,9946.9
1.9398e+05,-1.4208e+05,93987,10126,-2341.5,8769.4
2.5755e+05,-6049.6,-18219,8169.3,13.581,8187.4
99792,-1.1944e+05,2.0517e+05,12763,-12947,13525
2.3755e+05,60854,-80957,8431,-691.49,8601
1.2748e+05,-2.1676e+05,57088,16135,-3160.8,8375
1.7272e+05,1.2159e+05,-1.4833e+05,9991.5,-4044.8,9981.9
62992,2.4732e+05,-22621,33353,-2867.8,8199.1
11336,-6490.4,1.7882e+05,10591,-1.1827e+05,1.4349e+05
2.5392e+05,-38283,27481,8259.4,-131.9,8213.7
1.3863e+05,-1.9051e+05,-1.0498e+05,13896,5012.3,8941.9
33627,-2.4266e+05,-53101,61300,13176,8356.9
1.7788e+05,-1.6795e+05,-82325,11238,2599.2,8617.5
59612,-2.3045e+05,94104,32902,-12608,8782.8
1.5603e+05,2.0232e+05,36150,13385,1501.2,8248.4
67898,2.4152e+05,-53491,30381,-6242.6,8350.8
8421.8,178.94,-63013,8197.9,-21704,2.4951e+05
2.1786e+05,-55190,1.2714e+05,8425.4,-1172.1,9384.9
84293,1.3614e+05,2.0125e+05,15567,16678,13128
2.1138e+05,-27086,-1.4578e+05,8233.9,716.96,9897.4
9219.3,79851,-89231,1.5269e+05,-1.7014e+05,12237
1.2268e+05,-2.1619e+05,-68414,16576,3972,8471
1.0667e+05,2.3356e+05,21121,19706,1475.9,8194.6
1.2264e+05,-2.2556e+05,-23491,17127,1378.1,8201.2
84040,1.8759e+05,1.5455e+05,20055,13783,10221
85860,-1.9522e+05,-1.438e+05,20364,12587,9852.4
1.2387e+05,1.8639e+05,1.2804e+05,14778,7051,9410.7
1.9464e+05,1.6071e+05,54208,10595,1450.3,8353.4
71234,-17889,2.4596e+05,8423.9,-6957,28707
1.1979e+05,2.1011e+05,89210,16518,5298.9,8705.4
21956,-80549,2.2487e+05,33296,-87360,23564
47945,2.4402e+05,54666,42966,9277.7,8362.2
2.357e+05,-79303,69584,8617.4,-769.73,8481
1.102e+05,-1.6406e+05,1.6535e+05,14674,-10209,10652
8899.6,-3660.3,-1.0249e+05,11755,1.7025e+05,1.6467e+05
34004,-2.0136e+05,1.4567e+05,50485,-35566,10035
25071,1.7798e+05,1.6548e+05,61864,56518,11107
8269.9,-40587,-494.54,2.5503e+05,3104.3,8167.6
1.8481e+05,-1.672e+05,-67271,11018,1997.5,8459.6
1.0228e+05,1.7056e+05,-1.6368e+05,15917,-11254,10581
2.5402e+05,-18250,42853,8188.1,-98.83,8281.9
10745,63062,-1.5537e+05,74210,-1.8063e+05,21603
96182,1.0696e+05,2.1353e+05,12238,13553,14634
8242.7,-413.64,34895,8711.5,-88997,2.399e+05
87473,-2.0741e+05,1.2455e+05,21096,-10769,9335.3
95188,2.0661e+05,1.2053e+05,19577,9433,9243.8
1.9145e+05,-89598,1.482e+05,9018.6,-2684.2,9976.8
1.5449e+05,38070,2.0314e+05,8412,2576.5,13256
63604,1.2577e+05,-2.1402e+05,18217,-24770,14867
1.9092e+05,1.6915e+05,-39778,10916,-1130,8265.8
96832,-2.0417e+05,-1.2342e+05,19114,9444.7,9307.1
18996,2.1082e+05,98131,1.0072e+05,46575,9003.1
75309,2.0492e+05,1.3535e+05,23800,13868,9611
1.2644e+05,2.1956e+05,-47913,16391,-2688.9,8311.9
2.0003e+05,-1.0378e+05,1.2599e+05,9202.4,-2372.6,9358.2
42115,-2.4831e+05,28766,49759,-5609,8220.2
86522,-2.3201e+05,-69684,23466,6194.1,8484.6
1.9841e+05,80475,-1.4426e+05,8814.3,-2235.3,9850
2.494e+05,-14461,-65453,8180.7,124.2,8443
13679,-1.1578e+05,1.7146e+05,86553,-1.2704e+05,14549
42566,2.3097e+05,-95658,45888,-18403,8819.2
44105,-2.0097e+05,1.4881e+05,38740,-27410,10082
2.0273e+05,-52506,-1.51e+05,8436.9,1527.5,10071
10069,-14404,1.5026e+05,21578,-1.9286e+05,79281
1.5101e+05,-84782,-1.9126e+05,9369.5,5077.2,12175
2.3362e+05,-89476,64053,8746.2,-801.82,8430.7
1.7449e+05,-89384,-1.6788e+05,9178.3,3589.6,10756
2.0921e+05,1.3424e+05,-69842,9705.9,-1474.3,8483.6
2.3152e+05,-98493,-58139,8876.2,803.77,8382.4
8837,-98434,5521.4,2.3831e+05,-13352,8179.8
38640,2.4215e+05,-60470,52998,-12920,8411.9
70887,-2.187e+05,1.1413e+05,26648,-12601,9119.1
32814,-2.0538e+05,1.392e+05,53407,-35350,9829.6
1.1012e+05,1.9162e+05,-1.325e+05,16425,-8549.2,9523.9
1.0275e+05,-2.3534e+05,-20066,20466,1467.1,8191.9
1.4767e+05,1.2692e+05,1.6925e+05,10776,6116.2,10825
2.3776e+05,-95472,32291,8801.6,-413.77,8231.7
35514,-2.4521e+05,-43033,58515,10069,8289.4
1.8412e+05,-14567,1.8034e+05,8192.6,-632.13,11420
2.2574e+05,-68101,1.0528e+05,8531,-1101.4,8945
64371,2.1529e+05,1.2328e+05,28723,15118,9316.8
2.5678e+05,-26683,-7258.7,8211,23.887,8170.2
10100,13224,1.5124e+05,19927,1.8963e+05,85591
11358,35300,-1.7581e+05,37424,-1.775e+05,40525
1.1632e+05,-1.2383e+05,1.9384e+05,11945,-9956.5,12399
35546,35099,-2.4648e+05,11634,-41440,41654
10100,1.0365e+05,1.1093e+05,1.4271e+05,1.5223e+05,11952
1.1552e+05,2.2948e+05,20647,18201,1307.8,8193.4
2.4935e+05,-23440,-63015,8203.1,193.37,8421.8
2.4806e+05,2226.7,-71812,8167.3,-21.246,8502.7
1.9069e+05,-1.7395e+05,4869.1,11059,-140.75,8168.5
16339,-17385,-2.2256e+05,12937,99616,81494
10474,-88132,1.3541e+05,1.1007e+05,-1.6818e+05,14943
25931,1.775e+05,-1.6725e+05,59463,-54973,11172
1.0625e+05,-23573,-2.3351e+05,8366.8,3910.7,19378
37166,2.4933e+05,252.9,56752,56.373,8167
1.7401e+05,-1.7364e+05,-78666,11544,2612.2,8575.4
19463,2.3369e+05,-5699.2,1.0834e+05,-2627.2,8169.4
50705,2.4663e+05,40505,41070,6478.5,8272.1
16500,-70089,2.127e+05,40754,-1.1871e+05,25618
2.3258e+05,61207,94056,8445.4,841.58,8770
65388,2.1542e+05,1.2266e+05,28321,14786,9302.1
2.0616e+05,-63428,1.4191e+05,8545.4,-1655.6,9778.1
1.9659e+05,-38713,1.628e+05,8324.1,-1308.9,10526
59782,-2.4668e+05,-33118,34985,4440.9,8236.3
36776,2.4904e+05,-10087,57307,-2274,8173.6
68037,1.1726e+05,-2.1778e+05,16362,-22817,15474
16863,1.7391e+05,1.435e+05,96619,79154,10573
45922,-1.7698e+05,-1.7671e+05,33012,30943,11363
1.0033e+05,1.681e+05,1.6734e+05,15974,11746,10748
61265,2.4367e+05,49542,33777,6466,8324.4
54586,-1.7619e+05,1.7678e+05,27884,-25577,11317
1.5565e+05,-1.3307e+05,-1.57e+05,10751,5365.1,10294
92990,2.4001e+05,-450.81,22682,-37.081,8167
1.2576e+05,-2.2062e+05,-44664,16518,2526.6,8292.5
1.7191e+05,-1.7068e+05,89053,11515,-2985.8,8701.9
8314.5,188.32,-48408,8226.4,-30401,2.5185e+05
8910.6,-1.009e+05,21770,2.3139e+05,-49862,8354.7
34973,2.0788e+05,-1.3672e+05,50588,-32405,9736.6
8204.5,116.68,-24646,8257.1,-37856,2.5428e+05
88021,-2.0216e+05,1.3258e+05,20533,-11335,9531.4
44549,2.4939e+05,-18640,47218,-3423.8,8189.1
1.4541e+05,-1.9622e+05,83132,13731,-3759.2,8627.7
8670.5,-217.33,86675,8189.7,-18098,2.4259e+05
1.291e+05,2.1064e+05,-73909,15652,-3996.6,8525
2.07e+05,-1.5422e+05,5670.2,10187,-133.83,8169
2.2307e+05,-34225,1.2548e+05,8262.7,-697.62,9346
1.5663e+05,-1.2756e+05,1.6057e+05,10538,-5298.4,10436
22751,-2.3561e+05,-46278,90984,17727,8321.8
1.9897e+05,48110,1.5732e+05,8402.8,1520.2,10303
2.5074e+05,-42496,-44922,8283.6,244.75,8293.6
45964,-1.4766e+05,2.0186e+05,27883,-34848,13441
2.2076e+05,30621,1.3039e+05,8245.3,663.64,9463.6
76486,34435,-2.4284e+05,8965.3,-10757,25122
10893,-1.548e+05,-72032,1.756e+05,81534,9006.2
2.5428e+05,12953,43257,8177.6,70.753,8284.2
2.2548e+05,16296,-1.248e+05,8188.3,-326.27,9330.3
2.5249e+05,53109,11225,8345.9,74.812,8174.7
54321,-59210,2.4249e+05,12156,-27315,26086
2.2045e+05,-48077,1.2556e+05,8359.2,-992.51,9347.9
2.0075e+05,-1.1431e+05,-1.1527e+05,9400.2,2323.9,9128.4
2.2217e+05,-1.2114e+05,-51386,9303.6,905.33,8333.9
1.4525e+05,1.2771e+05,1.7072e+05,10882,6354,10898
52853,-1.2515e+05,2.1614e+05,21210,-31198,15367
30375,2.1386e+05,1.2364e+05,60256,34195,9411.8
1.8865e+05,-1.5798e+05,-78074,10657,2173.3,8568.7
78292,-53876,2.3876e+05,9931.4,-14250,22154
58640,-2.4866e+05,14157,35914,-1938.9,8179.5
93727,2.2959e+05,-69031,21679,-5593.2,8477.9
2.2195e+05,91738,-94856,8838,-1334.9,8781.6
28864,2.4602e+05,-8300.2,73034,-2433.2,8171.6
36272,97057,2.2945e+05,23870,49826,19896
1.1132e+05,1.4575e+05,1.8103e+05,13478,10595,11481
92084,2.3057e+05,-67808,22096,-5610.2,8466.4
83520,-2.092e+05,-1.2406e+05,22118,11328,9325.1
9005,-18452,-1.0715e+05,40557,2.2597e+05,47167
30810,2.4725e+05,789.14,68459,215.39,8167
1.1452e+05,97894,-2.0912e+05,10756,-9729.8,13985
99508,-2.2407e+05,78781,20179,-5932.7,8578.7
47082,-2.485e+05,-28160,44524,4875.7,8217.5
2.5157e+05,29817,-50203,8224.2,-192.03,8326
95518,1.4436e+05,-1.9057e+05,14838,-13654,12154
61467,-20110,2.478e+05,8600.5,-10413,32586
54685,-2.225e+05,1.1307e+05,34584,-16595,9108.5
14902,5569.2,-2.1559e+05,8945.1,-57621,1.2923e+05
75285,-2.3354e+05,75991,26761,-7896.9,8550.1
1.0562e+05,-3147.1,-2.3495e+05,8170.7,544.34,19961
76493,-2.2878e+05,88399,25889,-9007.8,8698.7
2.32e+05,-91268,67304,8777,-868.36,8459.7
18435,-91369,-2.121e+05,45883,1.0314e+05,20365
14588,-34502,2.1085e+05,24700,-1.3445e+05,47807
15217,-2.1077e+05,-53857,1.3431e+05,34193,8428.5
21486,-2.3727e+05,19212,97850,-7867.5,8193.5
33970,1.6234e+05,-1.8816e+05,41029,-45672,12359
2.2875e+05,-1.1962e+05,-6791.4,9217.5,112.49,8169.8
14560,-1.7515e+05,-1.2203e+05,1.1895e+05,82484,9946
97526,1.1064e+05,-2.1106e+05,12375,-13326,14273
80398,2.1826e+05,-1.0944e+05,23736,-10493,9027
1.9581e+05,-1.48e+05,80039,10241,-2015.9,8590.7
51216,-2.4513e+05,-48581,40429,7685.5,8319.4
34026,-1.9913e+05,-1.487e+05,49909,36271,10144
50035,2.4278e+05,-59512,40990,-9648.6,8399.3
8168.9,4.5952,5566.4,8169.8,6730,2.5812e+05
15866,1.7011e+05,1.4108e+05,1.0246e+05,84437,10597
8805.6,-598.45,-96498,8300.9,42816,2.3567e+05
32877,2.285e+05,-96727,59166,-24568,8855.7
50019,26792,-2.4853e+05,9293.1,-19626,37059
33266,-2.2927e+05,95261,58636,-23890,8831.3
10455,-1.5341e+05,-49230,1.9211e+05,61535,8576.5
1.7346e+05,-39103,1.8709e+05,8372.4,-1941.3,11861
2.5756e+05,4422.9,18492,8168.2,10.078,8188
70905,2.4203e+05,-47715,29228,-5312.4,8312
2.3266e+05,18879,1.1043e+05,8193.9,313.9,9035.8
95383,-2.2883e+05,69414,21294,-5509.1,8481.4
1.7853e+05,1.7769e+05,-56399,11529,-1823,8369.4
1.4157e+05,1.3471e+05,-1.6839e+05,11282,-6713.4,10785
19661,-2.2226e+05,-73987,1.0182e+05,33677,8604.9
16348,10765,-2.2302e+05,10259,-77832,1.0271e+05
1.9129e+05,1.1497e+05,1.2975e+05,9530.8,2858.2,9448.6
1.6731e+05,-1.7975e+05,-79404,11994,2842,8583.8
23139,2.0643e+05,-1.2372e+05,78300,-46417,9507.8
47437,2.3271e+05,-91580,41483,-15693,8753.8
8650.2,-45562,71826,1.308e+05,-2.0539e+05,15225
11915,1.5487e+05,-1.063e+05,1.4603e+05,-99918,9900.7
1.9642e+05,1.6523e+05,27714,10676,742.82,8214.5
65096,-2.3756e+05,71039,31132,-8669,8500.2
66421,-69166,-2.3783e+05,11838,21331,21908
1.3641e+05,71450,-2.0691e+05,9223,-5766.2,13692
1.8577e+05,-1.6413e+05,72016,10903,-2099.4,8505
73091,-2.2582e+05,-97955,26673,10485,8835.9
53513,-35376,2.4718e+05,9825.6,-21222,32762
2.2292e+05,-1.1886e+05,53429,9256.9,-922.09,8347.8
2.1262e+05,88491,-1.1675e+05,8847.1,-1725.4,9157.6
72650,-2.3113e+05,84997,27394,-9178.7,8655.6
2.365e+05,-88570,53959,8721.6,-654.25,8351.5
34477,-2.1183e+05,-1.3025e+05,52290,31368,9555.2
1.3863e+05,1.4765e+05,-1.5973e+05,11943,-6877.8,10405
63709,2.3673e+05,74622,31671,9319.4,8537.4
2.4544e+05,-50945,62097,8341.3,-420.39,8414.1
2.4641e+05,66700,39058,8461.2,338.59,8262.1
13940,-2.0206e+05,-53399,1.463e+05,38542,8446.5
1.2735e+05,-2.0231e+05,-96658,15353,5259.7,8810
2.0596e+05,-44456,1.4921e+05,8355.4,-1250.2,10010
32595,-2.3158e+05,88815,60491,-22776,8736.8
1.0311e+05,-91006,-2.1779e+05,10908,11472,15316
49942,-2.2424e+05,1.1048e+05,38057,-17886,9063.3
70415,35268,-2.4427e+05,9146.6,-12843,26746
55029,2.1288e+05,-1.302e+05,32975,-18931,9493.2
56304,1.3814e+05,2.0763e+05,21836,28230,14011
38167,2.4577e+05,-43022,54453,-9317.6,8288.4
88458,93556,-2.2276e+05,11914,-15039,16345
91101,-2.3589e+05,-47820,22749,4017.4,8311.9
49380,-2.2411e+05,1.1081e+05,38460,-18159,9070.4
1.6731e+05,-1.9055e+05,-48015,12386,1764.2,8312.3
15493,2.1748e+05,-26321,1.3516e+05,-16298,8226.4
58673,2.2584e+05,-1.0502e+05,32778,-14296,8957
1.3432e+05,2.1823e+05,29221,15602,1516.7,8220
8608.6,5199.7,81445,17610,2.1651e+05,1.1363e+05
2.2427e+05,-1.274e+05,-12271,9394.2,220.97,8176.3
1.8561e+05,1.7107e+05,-54049,11111,-1614.1,8352.3
54015,2.4597e+05,-42677,38500,-6379.2,8283.6
1.4912e+05,-1.9691e+05,-74540,13540,3261.1,8531.2
37968,-2.4345e+05,54499,54241,-11867,8364.6
1.3346e+05,82943,2.0451e+05,9620.7,6627.2,13416
2.1848e+05,-1.3346e+05,-33569,9572.1,654.93,8237
2.3486e+05,-77709,74093,8603,-810.3,8525.8
26815,1.7982e+05,1.6591e+05,58075,52524,11062
8304.6,1592.1,-46759,11888,-1.8436e+05,1.7449e+05
12323,-11142,-1.9285e+05,12804,1.3146e+05,1.0918e+05
1.8043e+05,-1.8454e+05,4397.2,11688,-142.53,8168.2
86462,2.3635e+05,53241,23866,4746.6,8348
1.5738e+05,-1.0842e+05,-1.7339e+05,9922,5116.6,11032
47175,2.3088e+05,-96119,41395,-16563,8821
91428,-1.4368e+05,1.9296e+05,15256,-14617,12350
69520,-1.648e+05,-1.8399e+05,21137,20076,11723
10397,-3128.3,-1.5966e+05,9081.3,88624,1.8245e+05
2.0967e+05,1.3593e+05,65004,9735.4,1379.2,8439.1
2.2535e+05,-1.245e+05,-19920,9332,349.54,8191.4
1.617e+05,1.6248e+05,1.1853e+05,11585,4251.4,9195.4
2.4349e+05,-43460,-74269,8296.2,438.2,8527.6
1.7549e+05,-95100,1.6365e+05,9291.4,-3635.4,10565
61632,-2.4007e+05,64520,33118,-8359.5,8439.5
1.5301e+05,-1.7944e+05,-1.0472e+05,12597,4261.5,8936.9
1.664e+05,1.7142e+05,-97635,11733,-3444.5,8823.5
33482,-2.4556e+05,-37135,62299,9259.4,8258.3
1.7564e+05,1.5903e+05,-1.0237e+05,11023,-3200.3,8897.5
2.3956e+05,-93442,-23873,8767,296.08,8202.2
1.8e+05,-37855,1.811e+05,8346,-1694.4,11467
9182.7,37502,-1.1187e+05,73417,-2.163e+05,25552
1.464e+05,-1.0785e+05,-1.8301e+05,10149,6070.6,11593
1.9412e+05,1.6102e+05,55116,10615,1482.5,8359.9
8170.4,-7.4259,7388,8171.1,-8189.8,2.5803e+05
37380,-2.4924e+05,7903.6,56400,-1750.9,8171
79796,2.4167e+05,35982,26172,3517.3,8248.3
1.9325e+05,67738,-1.5721e+05,8655,-2201.4,10299
73999,-1.085e+05,2.2069e+05,14556,-20286,15993
2.5068e+05,-4703.6,-61900,8168.4,37.871,8412.5
2.3066e+05,61331,-98583,8451.1,-898.06,8837
2.5119e+05,-52857,28369,8346,-190.13,8216.8
20038,-26174,-2.3367e+05,14254,85476,60311
1.0948e+05,42907,2.2928e+05,8775.1,6273.5,17931
1.2174e+05,-2.213e+05,-51697,16973,3047.1,8336.5
76740,-2.419e+05,40070,27149,-4090.1,8268.3
47905,22691,2.4903e+05,9061.6,18667,39683
99121,53519,-2.3157e+05,9288.6,-9119.9,18710
24759,-209.94,2.4269e+05,8167.3,-761.61,85186
1.0714e+05,-2.0596e+05,1.1171e+05,17739,-7581.8,9064.4
1.4462e+05,-2.1363e+05,1615.1,14584,-75.687,8167.2
2.4772e+05,48571,-54491,8322.7,-346.03,8355.3
19911,1.8376e+05,1.4622e+05,83047,65443,10417
99359,-98101,-2.1638e+05,11496,12560,15081
1.7813e+05,1.143e+05,-1.4776e+05,9706.7,-3665.2,9962.9
71478,18816,2.4583e+05,8448.9,7241.9,28525
2.0556e+05,-651.55,1.5622e+05,8167,-19.703,10261
2.1067e+05,1.4521e+05,34627,9921.5,762.78,8241.5
62478,1.3822e+05,-2.0644e+05,19971,-24839,13806
1.7827e+05,1.3657e+05,1.2726e+05,10292,3551.9,9388.8
1.7801e+05,-1.4937e+05,1.1237e+05,10666,-3319.5,9072.8
30463,-2.4157e+05,-51844,67721,14322,8350.3
60013,-1.4282e+05,-2.0379e+05,21251,25844,13507
1.7824e+05,1.8641e+05,10488,11824,347.9,8173.8
12028,-1.0153e+05,-1.5989e+05,94248,1.4732e+05,15195
27285,-2.0241e+05,1.3811e+05,64021,-42973,9861.5
1.721e+05,-1.7603e+05,-77537,11689,2635.4,8562.9
2.1235e+05,1.1436e+05,-92179,9277.7,-1683.3,8743.8
1.2772e+05,-1.6157e+05,1.5517e+05,13186,-7805.6,10228
54222,38723,2.466e+05,10075,22002,31533
2.1968e+05,-1.3354e+05,24078,9559.4,-465.52,8202.8
2.3707e+05,-27635,98610,8222.4,-393.81,8837.4
2.0725e+05,-1.4897e+05,-39008,10061,898.36,8261.9
40617,-2.3499e+05,84848,48922,-17172,8669.1
1.5405e+05,-77270,-1.9204e+05,9139.5,4576.4,12235
2.0942e+05,1.4255e+05,-49868,9881.8,-1095.7,8323.9
1.9385e+05,-93480,-1.4259e+05,9068.5,2613.7,9799.2
1.0841e+05,1.2549e+05,-1.972e+05,12513,-11287,12698
15897,75579,-2.0784e+05,45990,-1.2248e+05,23563
2.4017e+05,88231,-34968,8701.3,-410.48,8243
1.9511e+05,1.6495e+05,37040,10698,1002.4,8252.5
1.5591e+05,2.0039e+05,46013,13311,1905.9,8300.2
88064,82044,-2.2739e+05,11185,-14470,17489
1.1008e+05,-56836,-2.2595e+05,9196.8,7729.1,17016
98813,2.3639e+05,25810,21238,1975.9,8208.4
1.1918e+05,-1.4028e+05,-1.8048e+05,12631,9457.1,11443
70971,-2.4332e+05,-40496,29347,4506,8270.7
96950,1.3731e+05,-1.9504e+05,14193,-13485,12519
1.5994e+05,-1.3458e+05,-1.5133e+05,10679,4985.3,10085
39393,1.7526e+05,-1.7785e+05,38029,-36812,11499
81790,-2.1098e+05,1.2206e+05,22693,-11429,9280.9
1.6448e+05,-1.8264e+05,-78673,12213,2907.9,8575.6
26871,2.3208e+05,-77616,74487,-24612,8606.4
1.8319e+05,1.0553e+05,1.4812e+05,9427.7,3302,9974.4
1.2939e+05,-1.3107e+05,-1.805e+05,11637,8131.8,11441
1.1354e+05,-1.7678e+05,-1.4926e+05,15141,9064,10021
12056,1980,-1.8976e+05,8368.1,-38077,1.7075e+05
1.0893e+05,-2.2647e+05,-56905,18884,3857.6,8374
9410.1,107.53,-1.2821e+05,8169.2,-5151.7,2.2409e+05
1.0654e+05,1.052e+05,-2.0966e+05,11495,-11343,14067
15701,1.9116e+05,-1.0924e+05,1.1671e+05,-66367,9400.8
18640,2.2463e+05,-56187,1.0979e+05,-27311,8417.2
1.9641e+05,-33702,1.6413e+05,8286.6,-1156.2,10584
1.8502e+05,-1.5045e+05,98847,10530,-2757.1,8841.6
1.6385e+05,-1.3439e+05,-1.4729e+05,10568,4664.7,9948.3
1.31e+05,2.217e+05,13928,16078,749.43,8179
1.6631e+05,-1.9594e+05,-23516,12630,881.96,8201.2
75926,-40396,2.4207e+05,9262.9,-12357,24493
1.1113e+05,-2.1183e+05,95839,17617,-6257.5,8798.8
1.9328e+05,62435,1.5935e+05,8583.3,2073.1,10383
2.4963e+05,-65229,11218,8441.5,-92.878,8174.7
2.5663e+05,-18392,22441,8188,-51.104,8198
2.3092e+05,6420.4,-1.154e+05,8170.2,-113.57,9130.5
2.5674e+05,-22648,-16440,8198.8,46,8183.6
2.0161e+05,-20221,-1.6001e+05,8208.1,647.96,10410
2.4611e+05,-78045,-5796.5,8568.3,58.207,8169.1
91008,-48074,2.3587e+05,9244.6,-9958.1,20475
90313,-1.9011e+05,1.4806e+05,19097,-12153,9987.8
12178,-4644,1.9131e+05,9182.9,-79072,1.5404e+05
46704,2.2373e+05,-1.1177e+05,40566,-19444,9092.4
23369,2.3401e+05,-57558,87669,-21376,8408.3
2.3229e+05,1.1258e+05,-7277.5,9076.7,-111.72,8170.3
1.3753e+05,-2.1424e+05,-41455,15137,2076.3,8274.7
67089,1.8779e+05,-1.6128e+05,24437,-18643,10507
1.0187e+05,-1.6441e+05,1.7009e+05,15542,-11639,10880
1.5503e+05,-53475,-1.9922e+05,8640.5,3431.1,12860
92811,2.2806e+05,74993,21739,6139.5,8537.8
70082,-2.4215e+05,48108,29563,-5425.1,8314.6
1.2811e+05,-2.0775e+05,83219,15583,-4527.6,8629.2
70475,2.4528e+05,27281,29759,3060.7,8213.6
1.1122e+05,-1.1698e+05,-2.0088e+05,11870,10733,13049
1.7641e+05,32284,-1.8564e+05,8302.9,-1550.3,11761
2.4738e+05,-10360,73404,8174.2,-101.51,8518.7
71872,1.163e+05,2.1729e+05,15609,21179,15356
2.2558e+05,80043,96886,8666.6,1174.5,8811.4
1.2248e+05,54052,-2.2033e+05,8930.2,-5956.2,15749
1.2802e+05,-1.7787e+05,1.359e+05,14000,-7056.2,9611.8
47316,-2.1948e+05,1.1988e+05,39317,-20549,9259.7
2.3718e+05,65861,78069,8476.4,720.07,8568.3
1.3797e+05,-2.0977e+05,-59125,14880,2930.7,8390.6
2.3321e+05,-1.0939e+05,-18190,9021.8,270.82,8187.4
62251,2.4756e+05,-21353,33765,-2742,8195.6
99896,-88638,-2.2019e+05,10935,12010,15770
46031,-1.6358e+05,1.8918e+05,30601,-32870,12229
57706,-2.4698e+05,33223,36241,-4627.6,8236.8
2.569e+05,17275,20125,8185.5,42.968,8191.9
30320,2.4517e+05,-30031,69057,-8340.7,8227.2
2.1462e+05,1.2437e+05,71695,9440.9,1369.6,8501.7
2.3571e+05,-52019,91775,8363.8,-686.1,8738
1.7938e+05,-1.3989e+05,-1.22e+05,10361,3421.4,9268.7
57536,-2.4092e+05,-63788,35500,8901.7,8433.8
1.9846e+05,-1.5757e+05,49371,10432,-1265.1,8320.7
26804,1.5528e+05,1.8906e+05,50343,59681,12766
16473,2.0922e+05,79539,1.1972e+05,45302,8734.7
1.8004e+05,-1.7381e+05,-63290,11357,1997.1,8424.4
1.7934e+05,-1.4937e+05,-1.1024e+05,10633,3218.2,9033.2
51271,-2.435e+05,56143,40130,-8869.2,8372.5
1.169e+05,2.1552e+05,79546,17162,4899.8,8586.5
16056,1.5857e+05,-1.5527e+05,94036,-91386,11409
1.8702e+05,-1.3336e+05,1.1781e+05,10034,-2991.6,9179.8
2.3538e+05,-66047,83199,8482.8,-780.82,8627.5
75666,-1.3976e+05,-2.0182e+05,17232,19294,13212
1.9335e+05,-1.674e+05,35191,10807,-974.31,8244
2.0594e+05,-50498,1.4732e+05,8409.3,-1393.5,9947.1
1.5407e+05,-2.0629e+05,16845,13661,-716.77,8184.5
69642,2.4133e+05,52516,29645,5961.4,8343.8
2.0863e+05,1.5208e+05,3108.9,10109,71.782,8167.6
1.3206e+05,2.11e+05,67448,15416,3544.6,8461.8
2.5032e+05,54083,-33358,8355.7,-230.08,8236.1
1.0505e+05,-1.9997e+05,1.2386e+05,17603,-8555.6,9315.6
21128,-1.7866e+05,-1.5631e+05,75325,65128,10824
1.1931e+05,-80361,-2.1392e+05,9854.1,8213,14652
16141,2.0735e+05,-80229,1.219e+05,-46956,8754.5
8342.8,-71.196,52716,8174.1,-10550,2.526e+05
1.2425e+05,-1.9211e+05,-1.1889e+05,15061,6579.7,9205
2.3412e+05,85939,66983,8700.5,806.09,8456.7
1.8114e+05,-1.7412e+05,-59172,11334,1851.6,8390.7
1.2421e+05,1.9629e+05,1.119e+05,15297,6234.6,9066.2
30285,1.9612e+05,-1.5013e+05,55525,-41585,10244
1.3552e+05,1.2061e+05,1.8333e+05,10942,7366.3,11617
2.2187e+05,-1.3209e+05,1618.7,9506.4,-30.516,8167.2
1.0854e+05,1.3245e+05,-1.9252e+05,12907,-11249,12296
22587,1.7459e+05,-1.6448e+05,68201,-63330,11183
1.6576e+05,-1.8961e+05,-56376,12417,2094.9,8369.3
2.0476e+05,70242,1.4071e+05,8634.9,1823.8,9742.8
8311,25164,-40680,1.3369e+05,-2.1532e+05,15503
1.4719e+05,-11894,2.1155e+05,8193.7,-948.34,14283
85909,-1.8368e+05,1.5826e+05,19349,-13701,10363
91833,-2.3728e+05,-38761,22706,3229.2,8261.3
46824,-1.3888e+05,2.0798e+05,25921,-34965,14193
13824,1.8888e+05,-87286,1.3855e+05,-63803,8994.1
72615,93153,2.2797e+05,13337,20400,17787
19939,2.1077e+05,-1.0371e+05,94987,-46393,9095.6
12235,-1.8806e+05,39083,1.688e+05,-34998,8341.1
14824,16337,-2.1456e+05,13529,-1.1292e+05,85897
1.0825e+05,-2.3251e+05,24667,19395,-1692.7,8204.7
14426,-93457,1.9091e+05,64703,-1.3007e+05,18455
1.2974e+05,1.1955e+05,1.8809e+05,11116,8047.6,11945
65137,-1.3953e+05,-2.0495e+05,19433,23503,13609
2.0233e+05,1.525e+05,-49635,10230,-1207.5,8322.4
1.0367e+05,-2.3559e+05,-10068,20331,728.66,8173.3
58283,-1.9356e+05,-1.5682e+05,28585,21269,10340
55729,93079,-2.3144e+05,16027,-29502,19287
13088,-2.0074e+05,-18134,1.605e+05,14462,8200.2
25053,-2.3951e+05,41076,82992,-14096,8285.1
1.9483e+05,1.6511e+05,37791,10709,1025.6,8256
2.5351e+05,31107,-38210,8228.3,-150.07,8258
1.5251e+05,-1.0783e+05,-1.7802e+05,10007,5516.6,11287
2.3127e+05,-95221,64267,8833,-865.06,8432.6
2.1272e+05,-65628,-1.3082e+05,8547.4,1482.8,9474.4
59196,-2.4829e+05,18624,35537,-2524.8,8188.7
23171,2.3997e+05,-18899,90750,-7089,8192.1
1.128e+05,-2.1691e+05,-81516,17738,5253.1,8609.5
2.286e+05,-12082,1.1949e+05,8178.4,-225.6,9214
57247,-2.2545e+05,1.0633e+05,33505,-14864,8980.9
11575,1.108e+05,-1.4543e+05,1.1062e+05,-1.4441e+05,13453
2.518e+05,-41991,39118,8279.9,-208.92,8262.4
1.3188e+05,-2.0607e+05,81571,15171,-4265.1,8609.5
1.8679e+05,16688,1.774e+05,8199.6,691.59,11247
1.914e+05,-1.7284e+05,11678,11009,-334.46,8175.4
81141,-75341,2.3202e+05,11171,-16015,19004
15652,-2.128e+05,-55484,1.3042e+05,33871,8439
94791,1.5074e+05,1.8591e+05,15383,13625,11814
2.2083e+05,-81618,-1.0605e+05,8707.7,1361.5,8958.3
2.4767e+05,-68415,25973,8473.2,-228.29,8208.7
1.4324e+05,-1.8268e+05,1.1252e+05,13249,-5059.8,9076.9
40172,254.23,-2.4979e+05,8167.2,-335.23,52504
1.3746e+05,2.0927e+05,61975,14894,3084.6,8413.7
9447.5,-1.2806e+05,-20788,2.2038e+05,35724,8273.8
1.7204e+05,1.4134e+05,-1.3054e+05,10575,-3940.7,9468.7
62097,-2.4798e+05,16270,33898,-2094.9,8183.5
33638,2.4589e+05,-35256,62080,-8747.2,8249.1
25105,-2.2963e+05,-79671,79419,27263,8639.7
54126,2.4039e+05,67302,37591,10027,8466.5
33282,-2.262e+05,-1.0234e+05,57838,25646,8948.8
31878,2.4261e+05,-50107,64820,-13175,8336.7
58257,-19284,2.4837e+05,8611.3,-11150,34338
72685,-69088,2.3636e+05,11302,-18475,20970
2.3378e+05,-62055,90441,8450.2,-811.53,8719.9
59944,-2.3556e+05,80290,33410,-10707,8601.5
46387,2.4651e+05,42220,44839,7424.9,8282
64238,2.3223e+05,-87347,30867,-10797,8687.6
58000,2.076e+05,1.3777e+05,30635,18886,9694.7
99248,-2.3758e+05,-4605.1,21249,351.03,8168.3
49258,2.0484e+05,1.4335e+05,35394,23450,9880.6
1.8087e+05,1.7469e+05,-58301,11360,-1831.6,8383.9
78185,1.4998e+05,1.9348e+05,17744,18041,12417
1.1261e+05,-2.2427e+05,58630,18238,-3811.9,8387.2
33172,-2.3733e+05,72793,60837,-18324,8535.9
2.1386e+05,-1.4294e+05,-22360,9825.4,475.08,8197.8
1.8597e+05,-1.4599e+05,1.0364e+05,10387,-2814.9,8918.1
1.3551e+05,2.0271e+05,84084,14714,4223.1,8639.5
1.9883e+05,1.1391e+05,-1.1894e+05,9414.4,-2432.2,9202.8
1.0332e+05,-1.4459e+05,1.8646e+05,14076,-12042,11844
15224,2.1706e+05,15065,1.3821e+05,9559.2,8186.6
12348,1.8634e+05,52080,1.6453e+05,45873,8479.2
1.5935e+05,-1.2458e+05,1.6025e+05,10372,-5069.4,10423
85832,-3935.9,2.4245e+05,8175.7,-1066.4,24548
43201,-1.7205e+05,-1.8143e+05,34115,33912,11688
1.0233e+05,-2.3636e+05,2003.9,20612,-147.32,8167.3
2.3013e+05,86589,-78903,8726.7,-987.28,8577.7
65183,-17540,2.4731e+05,8462.1,-8175.8,31230
14973,5279.5,-2.1603e+05,8860.3,-54521,1.2985e+05
66930,2.3063e+05,90015,29507,10634,8722.5
1.1179e+05,1.7177e+05,-1.5623e+05,15001,-9599.1,10272
27580,2.4455e+05,-18737,76256,-5775.5,8190.7
1.6933e+05,-1.1668e+05,1.5596e+05,9921.9,-4276.6,10253
1.2562e+05,-2.2403e+05,22690,16725,-1290,8198.8
1.2042e+05,1.8052e+05,1.3918e+05,14740,7876.1,9704.5
1.4057e+05,-1.9269e+05,-98241,13873,4621.5,8833.4
83331,79922,-2.2977e+05,11342,-15702,18226
13320,590.49,-2.0375e+05,8179.9,-8859.5,1.581e+05
1.77e+05,1.4846e+05,1.1514e+05,10664,3419.9,9126.2
2.0685e+05,1.0662e+05,1.1185e+05,9189.6,2026.1,9062.5
2.4082e+05,89227,27082,8710.2,319.44,8212.3
56935,-2.1637e+05,1.2384e+05,32407,-17371,9336.1
2.363e+05,-99459,-30906,8861.7,414.83,8226.2
2.5744e+05,6923.2,-19368,8170,-16.534,8190.1
9247.9,98878,69889,1.8631e+05,1.3144e+05,9998
2.4279e+05,57948,-66244,8396.7,-517.9,8450
1.252e+05,-2.2515e+05,-10695,16833,611.35,8174
32733,2.1352e+05,-1.2631e+05,55615,-32191,9462.5
2.2706e+05,-1.1965e+05,28397,9232.9,-476.73,8216.9
1.3605e+05,1.213e+05,-1.8249e+05,10951,-7311.4,11563
2.2935e+05,-13630,-1.1788e+05,8181.4,249.35,9180.5
1.7079e+05,1.5643e+05,1.1391e+05,11081,3685.3,9102.4
63145,-18255,-2.4765e+05,8507,9041,32068
49243,-2.4145e+05,64883,41420,-10698,8445.7
87635,2.2506e+05,88640,22593,7735.7,8700.3
1.9493e+05,1.6927e+05,1425.6,10820,39.215,8167.1
14779,-18403,-2.1411e+05,14683,1.1797e+05,79383
1.6473e+05,58999,-1.897e+05,8676.3,-3178.8,12053
2.1843e+05,-84391,-1.0881e+05,8756.1,1468.1,9006.6
1.5502e+05,63853,1.9614e+05,8834.5,3945.6,12578
53837,-2.4446e+05,50739,38396,-7609,8333.3
15372,1.9686e+05,94589,1.2373e+05,59192,9057.1
1.9696e+05,-1.4953e+05,-74155,10257,1862,8526.7
1.6585e+05,1.4409e+05,-1.3541e+05,10825,-4381.5,9595.3
27892,2.1752e+05,-1.1381e+05,67112,-34594,9202.6
16347,81822,-2.0774e+05,47891,-1.1806e+05,22004
50460,-2.4913e+05,20164,41669,-3243.1,8192.7
56802,2.0738e+05,-1.384e+05,31217,-19408,9714.7
69894,1.87e+05,-1.6125e+05,23468,-17786,10502
58737,1.6777e+05,1.8407e+05,24932,24418,11763
47841,-2.5005e+05,3024.6,44085,-514.95,8167.6
63078,-2.1535e+05,1.2366e+05,29282,-15506,9326.4
1.2065e+05,2.2782e+05,1990.7,17482,119.42,8167.3
29145,-2.4607e+05,-11469,72293,3326.5,8175.8
1.5162e+05,1.4087e+05,1.5408e+05,11156,5661.9,10185
2.2214e+05,84166,-1.0122e+05,8734.3,-1320.2,8878.3
1.6483e+05,-84166,-1.7986e+05,9172.4,4061.5,11394
1.5824e+05,-2.0359e+05,10137,13319,-413.86,8173.3
44197,46483,2.4571e+05,11962,33757,32584
1.0535e+05,1.7292e+05,1.5927e+05,15732,10584,10394
2.1247e+05,1.4524e+05,20783,9895.2,451.4,8193.6
80565,2.3586e+05,62924,25383,6070.8,8423.5
1.561e+05,-1.5035e+05,-1.4004e+05,11346,5093.2,9725.7
2.4741e+05,-47957,56393,8319.2,-354.6,8369.2
75772,-1.3028e+05,2.0803e+05,16315,-19525,13934
45206,-1.2655e+05,2.1571e+05,24638,-37383,15467
1.0276e+05,2.3606e+05,-7813.5,20516,-571.45,8170.8
1.0824e+05,-18636,-2.3307e+05,8287.8,3000.6,19202
69776,2.3831e+05,-64750,29250,-7327.6,8440.4
48652,-1.3545e+05,2.1017e+05,24468,-33737,14471
1.3903e+05,1.5512e+05,-1.5213e+05,12248,-6671.2,10116
36223,-2.0747e+05,-1.3791e+05,48704,31463,9764.3
73744,2.4598e+05,1855.7,28602,198.18,8167.2
1.107e+05,-1.3574e+05,-1.8901e+05,12944,10848,12022
1.6154e+05,-1.6565e+05,1.1429e+05,11706,-4144.8,9110.1
1.8989e+05,-43964,1.6927e+05,8383.4,-1645,10821
91970,2.2831e+05,75224,21932,6224.1,8540.3
42046,-2.3822e+05,75722,47872,-14774,8558.2
1.2029e+05,-1.6303e+05,-1.5941e+05,13776,8736.4,10395
8716.2,74118,-51357,1.9896e+05,-1.3763e+05,9933.3
2.0277e+05,-1.0733e+05,1.1842e+05,9242.2,-2234.7,9192.1
27066,-2.0506e+05,-1.3384e+05,65411,42026,9729.8
2.3119e+05,78682,83924,8627.6,956.31,8636.3
1.3101e+05,57117,2.1466e+05,8912.2,5366.9,14753
54891,-84098,-2.3496e+05,15060,29702,20838
11394,1.7918e+05,-16276,1.8436e+05,-16714,8200.6
1.6727e+05,-1.9486e+05,25626,12547,-951.01,8207.6
1.1632e+05,-2.1705e+05,76142,17324,-4726.5,8548.9
38838,-2.0871e+05,-1.3693e+05,45628,28978,9720.8
1.1691e+05,-2.046e+05,1.0446e+05,16492,-6354.7,8934.3
2.5754e+05,17547,-8147.6,8186,-17.582,8171.1
2.2577e+05,-16959,-1.2417e+05,8190,336.91,9316.1
2.3981e+05,25867,-92250,8214.4,-337.3,8744.6
22949,1.2522e+05,-2.0521e+05,48379,-77025,15515
21870,-1.0053e+05,2.1652e+05,41287,-85439,19078
2.4929e+05,16123,65506,8184.1,138.66,8443.4
2.4357e+05,12390,-84912,8177.6,-144.8,8648.4
1.3514e+05,-2.1945e+05,10032,15596,-517.44,8173.2
32042,-1.8305e+05,1.6703e+05,48937,-43411,10986
52631,-2.2307e+05,1.1239e+05,35978,-17194,9097.3
27964,2.1417e+05,1.2011e+05,65908,36395,9346.4
1.6106e+05,1.2223e+05,-1.6036e+05,10257,-4926,10427
1.774e+05,-1.4604e+05,1.1758e+05,10583,-3446.1,9175.4
1.3046e+05,-2.2161e+05,-19343,16123,1046.1,8190.1
1.7809e+05,1.7501e+05,65449,11456,2107.1,8443.2
1.851e+05,1.1331e+05,-1.3977e+05,9578.2,-3225,9716.1
1.503e+05,-1.6634e+05,-1.2772e+05,12192,5160.4,9400.9
1.4954e+05,2.101e+05,-7936.6,14098,-353.85,8170.9
8186.2,-17592,-1822.2,2.5629e+05,26519,8210.7
2.3874e+05,97497,-13666,8822.5,-176.95,8178.5
29040,-2.4136e+05,-48941,71201,14248,8331.1
2.2901e+05,-1.1793e+05,-18072,9187.5,295.39,8187.1
1.5358e+05,-1.6772e+05,-1.219e+05,12103,4790.9,9267.7
86368,2.3893e+05,40261,24120,3598.4,8269
1.2578e+05,2.2506e+05,3769.6,16768,214.23,8167.9
71348,-1.7669e+05,1.72e+05,21936,-18394,11007
1.7401e+05,1.8193e+05,-56954,11822,-1934.9,8373.6
1.7089e+05,1.9215e+05,-22092,12297,-790.2,8197.1
49406,2.1461e+05,-1.2825e+05,36885,-20962,9452.6
9234.3,-1.19e+05,18627,2.2567e+05,-35277,8266.3
2.3639e+05,-1.0102e+05,-24586,8882.3,334.16,8204.3
1.8485e+05,-1.662e+05,69613,10987,-2059.5,8481.6
8224,30298,-1650.9,2.5609e+05,-13941,8179.1
2.0628e+05,-1.3675e+05,-73543,9801,1611,8520.3
2.0236e+05,-1.043e+05,-1.2179e+05,9189.5,2255.1,9263.5
1.307e+05,2.2209e+05,10072,16126,543.77,8173.2
2.2535e+05,1.2607e+05,-1478.7,9359.6,-26.195,8167.1
2.312e+05,-1.1173e+05,-27344,9071.7,420.75,8213.2
25171,2.2176e+05,-99678,76505,-33997,8945.6
1.5113e+05,-2.0474e+05,42576,13765,-1854.7,8280.6
43050,-2.2789e+05,-1.0285e+05,44783,19539,8935
12883,1.5407e+05,-1.2672e+05,1.2656e+05,-1.0365e+05,10565
1.1638e+05,2.056e+05,1.0307e+05,16610,6313.9,8911.3
1.7782e+05,-1.847e+05,-29851,11782,989.18,8222.2
9238.7,-1.1046e+05,48548,2.0903e+05,-91732,8919.9
1.8487e+05,97378,-1.5158e+05,9232.6,-3126,10092
67862,2.4552e+05,-30262,30864,-3537.9,8224.5
79158,1.8558e+05,-1.5922e+05,20911,-15203,10407
1.9113e+05,49464,1.6633e+05,8436.6,1783.8,10683
8370.6,-22703,51835,1.0137e+05,-2.2994e+05,20302
59283,1.352e+05,2.0906e+05,20502,26671,14173
1.1092e+05,-2.1464e+05,-89610,17827,5880.7,8711.2
88949,2.3023e+05,-72700,22746,-6256.4,8514.3
11526,-9655.4,1.818e+05,12678,-1.3964e+05,1.1789e+05
9411.7,84.727,-1.2827e+05,8168.3,-4055.9,2.2407e+05
50251,2.2027e+05,-1.1816e+05,37189,-18988,9217.9
60496,2.0266e+05,-1.4429e+05,28795,-18851,9888.8
1.6377e+05,-1.7277e+05,99654,11879,-3613.3,8854.5
1.5109e+05,-2.0906e+05,6105.7,13956,-268.01,8169.3
2.522e+05,33872,-44117,8240.4,-190.37,8289
1.798e+05,-1.2659e+05,-1.3519e+05,9991.5,3541.2,9588.9
80608,-2.2137e+05,1.0286e+05,23978,-9849.3,8912.4
1.5036e+05,82887,-1.9259e+05,9328.9,-5063,12280
93428,2.1953e+05,-96620,20923,-7805.9,8812
65529,2.3794e+05,-69440,30983,-8413.9,8484.5
2.477e+05,73035,-1817.9,8515,-16.969,8167.2
1.2564e+05,-1.3747e+05,-1.7833e+05,12120,8582.8,11313
46591,2.4959e+05,-15840,45183,-2773.7,8182.9
1.7623e+05,81868,1.699e+05,9007,3323.8,10853
78665,70565,-2.3427e+05,10998,-16378,19911
2.3267e+05,90857,65515,8768.3,837.43,8443.5
2.0586e+05,1.5276e+05,30762,10173,728.21,8225.7
87941,1.6026e+05,1.8104e+05,17033,14818,11500
36864,2.3746e+05,75814,54563,17030,8564.3
2.2694e+05,-48179,-1.1339e+05,8349.3,848.51,9091.4
2.4532e+05,-10555,79981,8174.6,-114.58,8589.8
1.5811e+05,-13913,2.0346e+05,8198.7,-923.76,13289
25098,-1.5996e+05,-1.8299e+05,55651,62291,12333
1.8742e+05,-96832,1.4878e+05,9194.4,-2980.8,9996.3
1.6125e+05,-1.546e+05,-1.292e+05,11321,4537.8,9436.2
1.0088e+05,-2.3696e+05,-1084.5,20908,81.091,8167.1
2.0611e+05,-38557,1.5064e+05,8308.9,-1099.3,10059
2.1992e+05,1.1843e+05,-65457,9277.3,-1153.9,8443.1
1.545e+05,-11204,2.0636e+05,8188.5,-791.25,13617
1.6944e+05,-1.7585e+05,-83538,11777,2904.5,8632.2
1.0994e+05,2.1871e+05,80488,18224,5359.8,8597.6
55434,2.366e+05,79150,36177,11485,8589.8
79396,-2.116e+05,-1.224e+05,23357,11858,9289.1
1.1571e+05,-91018,2.1157e+05,10401,-9270.4,14314
11592,1.5468e+05,-97968,1.5378e+05,-97122,9663.3
45695,1.5284e+05,-1.9796e+05,28940,-34498,13026
1.0087e+05,2.3328e+05,41676,20635,3109.1,8276.2
1.7766e+05,-23501,1.8577e+05,8238.3,-1122.1,11769
9699,1.3867e+05,-12202,2.1663e+05,-19034,8198.5
1.943e+05,-1.6052e+05,55946,10597,-1499.8,8366
2.1072e+05,-1.2689e+05,78510,9535.3,-1571.7,8573.4
73488,2.4392e+05,-32369,28473,-3467.6,8232.7
1.2132e+05,-2.2745e+05,-3451.5,17384,205.57,8167.7
1.7652e+05,-59721,1.786e+05,8622.7,-2653.6,11318
21969,1.9896e+05,-1.3221e+05,80091,-52667,9790.1
83052,-2.3778e+05,51828,24875,-4837.5,8338.3
1.2001e+05,1.0958e+05,-2.0012e+05,11071,-9215.2,12965
84105,-2.3146e+05,74088,24014,-6797.6,8529
1.3133e+05,-2.0892e+05,74914,15367,-3953.9,8535.4
2.4164e+05,19913,88910,8194.7,247.09,8699.4
1.2508e+05,-1.6696e+05,1.5152e+05,13640,-7940.9,10097
76201,-2.3939e+05,53728,27067,-5521.8,8351.9
31916,2.4758e+05,9263.1,66042,2433.2,8172.6
54306,5732.2,-2.4955e+05,8213.4,-4030.2,38621
34490,1.8176e+05,1.697e+05,45047,40676,11087
1.6278e+05,-1.8946e+05,64842,12541,-2472,8438
1.6396e+05,-1.9924e+05,4601.9,12862,-177.31,8168.3
1.1307e+05,-2.2255e+05,64057,18068,-4137.8,8431.9
1.1862e+05,2.1808e+05,69450,17124,4213,8480.9
2.1292e+05,-42698,1.3967e+05,8329.8,-1054.9,9712.5
82824,2.269e+05,-88177,23921,-8212.4,8694.8
1.9079e+05,-1.3325e+05,1.1175e+05,9964.8,-2743.4,9060.9
10527,1.5211e+05,-58066,1.8722e+05,-71333,8740.8
40082,1.3517e+05,-2.1005e+05,29294,-41982,14671
80336,1.1719e+05,2.1422e+05,14495,18086,14793
62846,-2.2621e+05,1.0255e+05,30753,-12959,8913
1.2006e+05,-2.2774e+05,13361,17545,-806.32,8178
1.2419e+05,98403,2.034e+05,10429,8335.5,13300
2.5617e+05,-16545,28310,8184,-58.23,8216.6
1.2994e+05,-1.8083e+05,-1.3007e+05,14014,6656.6,9459.8
1.519e+05,2.0776e+05,18388,13850,799.63,8187.8
81632,1.504e+05,-1.9187e+05,17187,-16976,12278
47799,-1.3345e+05,-2.1148e+05,24541,34583,14685
1.4727e+05,-1.2358e+05,1.7205e+05,10668,-6148.2,10964
2.0356e+05,25527,-1.5675e+05,8231.1,-783.79,10281
50276,1.4253e+05,-2.0534e+05,24845,-31927,13791
30834,1.9805e+05,-1.4802e+05,55011,-40208,10156
1.1407e+05,-2.2719e+05,-42395,18239,2721.1,8279.9
2.14e+05,-1.0698e+05,-97106,9132.1,1659.3,8814.8
41043,-1.8678e+05,1.66e+05,38794,-32950,10819
62233,99502,-2.2769e+05,15498,-25617,17860
2.2895e+05,95760,71370,8853.4,983.52,8498.4
42368,-2.4541e+05,-47609,48897,9221.2,8315.1
82192,2.2542e+05,-92394,23946,-8673.2,8752.2
68242,-2.4535e+05,-30923,30682,3593.1,8227.1
95875,-2.1806e+05,-97678,20353,7649.2,8827.7
1.7072e+05,20175,1.9252e+05,8224,1083.3,12270
2.1656e+05,-42511,1.3403e+05,8323.1,-974.97,9556.9
42955,-1.9853e+05,1.5198e+05,39305,-28789,10203
1.4685e+05,1.916e+05,91026,13439,4026.6,8728.9
15799,1.7882e+05,1.2929e+05,1.0829e+05,77855,10068
15228,1.8578e+05,-1.133e+05,1.1833e+05,-71823,9559.8
16338,-1.2467e+05,1.8518e+05,72418,-1.062e+05,14560
41072,2.2795e+05,1.0238e+05,46966,20457,8930.2
2.0935e+05,1.3085e+05,75612,9633.2,1565.5,8541.9
1.6119e+05,42467,-1.97e+05,8446.4,-2549.4,12653
8168.6,4933.5,1208,2.5081e+05,61345,8408
1.5751e+05,1.0957e+05,-1.7255e+05,9953.2,-5120.9,10988
1.2461e+05,-14198,2.2528e+05,8220.1,-1678.8,16818
8190.2,-549.24,19423,10938,-1.7116e+05,1.9229e+05
93518,-6384.1,-2.3973e+05,8186.2,1436.8,22502
20286,1.4752e+05,1.838e+05,65391,80204,12986
1.2826e+05,-2.2344e+05,11035,16431,-610.99,8174.5
57511,2.3969e+05,-68298,35342,-9533,8475.1
28970,1.9759e+05,-1.4691e+05,58631,-42746,10142
1.2861e+05,-2.1805e+05,49103,16100,-2692.7,8319.4
20697,-95447,2.1643e+05,41796,-91156,19914
1.2592e+05,2.2431e+05,-17784,16711,-1008.5,8186.5
16642,-2.2269e+05,28906,1.2569e+05,-16246,8235.2
1.3047e+05,2.2191e+05,-15415,16138,-833.9,8181.7
78234,-2.3207e+05,-77852,25692,7747.9,8570.2
2.24e+05,99518,81236,8937.7,1204,8604.3
78621,2.3685e+05,-61385,26051,-6088.1,8410.7
1.7246e+05,7524.4,-1.9188e+05,8174.8,-396.93,12218
22684,-1.9992e+05,-1.3281e+05,77584,50970,9788.3
2.304e+05,16512,1.1543e+05,8188,292.86,9131.2
18975,-2.1592e+05,86191,1.0328e+05,-40970,8789.9
28416,6599.9,-2.4578e+05,8403.7,-17380,72136
79299,2.3446e+05,69263,25614,6797.3,8481.1
2.3418e+05,-1.0853e+05,8228.4,9002.4,-120.8,8171.2
46824,2.3894e+05,-73830,43106,-12841,8534.6
67590,44950,-2.4332e+05,9830.4,-16485,25926
58435,-2.4894e+05,-8768.4,36074,1205.5,8171.8
2.0168e+05,-1.2246e+05,1.0481e+05,9556.7,-2205.8,8937.3
48856,-2.4255e+05,60704,41927,-10095,8409.5
2.1547e+05,-1.0116e+05,1.0006e+05,9023.5,-1613.9,8860
1.4025e+05,-2.1649e+05,353.16,15039,-17.297,8167
95214,-2.3114e+05,61515,21510,-4899.4,8410.9
2.0962e+05,-1.3195e+05,-72906,9652.4,1515.1,8513.8
1.2759e+05,1.8618e+05,-1.247e+05,14468,-6602.5,9332.1
1.9711e+05,1.5516e+05,-61023,10397,-1566.1,8405.4
31131,-48478,2.426e+05,15505,-56063,35688
1.2082e+05,1.2742e+05,-1.8876e+05,11884,-9290.1,11998
1.8194e+05,-1.8074e+05,29393,11518,-931.32,8220.5
92885,2.3908e+05,-21523,22628,-1771.8,8195.7
8617.5,-1327.3,82353,9068.6,-1.0632e+05,2.2043e+05
1.9471e+05,1.534e+05,-72154,10401,-1875.6,8506.3
8369.4,-162.94,-56427,8199.3,22344,2.5102e+05
8168,3.9168,4075.6,8170.8,7835.2,2.5811e+05
79740,-5584.9,2.4429e+05,8187.2,-1766.6,26386
25745,1.7806e+05,1.6639e+05,60120,55142,11130
39279,1.5382e+05,-1.9667e+05,33703,-40560,13013
77771,2.4321e+05,-28876,26949,-2905.8,8219.1
47774,-2.2408e+05,1.1101e+05,39727,-18850,9076.3
88848,2.2928e+05,-75750,22687,-6523.8,8546.1
9634.6,1.208e+05,64442,1.932e+05,1.0288e+05,9254.5
1.7505e+05,-1.0225e+05,1.5976e+05,9460.9,-3766.8,10402
2.4931e+05,-57891,34507,8384.5,-255.96,8241
27048,-83085,2.3033e+05,27553,-69672,23114
99873,2.3097e+05,54751,20636,4125.4,8358.3
1.8971e+05,-1.5448e+05,82398,10536,-2243.2,8618.3
2.5375e+05,-39413,-27496,8265,135.97,8213.7
21942,-1.5973e+05,1.7757e+05,64574,-70635,12157
2.2422e+05,-1.2582e+05,23968,9366.4,-427.72,8202.5
53416,2.2027e+05,-1.1762e+05,35044,-17696,9202.4
2.2078e+05,29198,-1.3069e+05,8238.2,-634.67,9471
2.521e+05,950.57,-56035,8167.1,-6.8518,8366.5
10181,58074,-1.4271e+05,78455,-1.9071e+05,21567
1.6426e+05,18894,1.9815e+05,8221,1128.6,12757
76049,-2.4537e+05,-2932.9,27734,302.76,8167.5
11030,-6463.8,-1.7331e+05,10835,1.2546e+05,1.4413e+05
2.2857e+05,-1.1768e+05,24220,9187.1,-396.59,8203.2
2.2074e+05,-1.0694e+05,80704,9076.2,-1303.5,8598.2
50154,-2.3374e+05,88594,39431,-14305,8710.4
8261.5,265.55,38919,8350.5,53202,2.497e+05
1.4804e+05,-2.0959e+05,-26807,14170,1210.4,8211.5
1.8964e+05,15630,-1.7445e+05,8194.7,-618.23,11084
11948,4582,-1.8825e+05,9225.7,-82002,1.5628e+05
1.9094e+05,56078,-1.6444e+05,8512.6,-1985.4,10598
1.1393e+05,2.2494e+05,53368,18112,3423.6,8348.1
58707,-2.3075e+05,93729,33429,-12768,8777.7
1.8886e+05,1.7322e+05,31155,11087,912,8227.2
65984,-71675,-2.3718e+05,12109,21842,21560
90407,6083.1,-2.4086e+05,8185.6,-1472.7,23277
98491,-2.3544e+05,34258,21225,-2631,8240.3
75071,-2.3815e+05,60218,27313,-6288.8,8401.4
12264,-1.7698e+05,-75602,1.5819e+05,67396,8879.1
2.4571e+05,-36535,70602,8256.9,-345.52,8490.8
1.2714e+05,1.9418e+05,-1.1234e+05,14931,-6053.7,9074.4
2.1544e+05,1.1617e+05,82216,9280.1,1481,8615.9
2.4074e+05,-82298,-44312,8631.6,486.82,8290.1
2.565e+05,-10464,28243,8173.8,-36.691,8216.3
2.0965e+05,1.5047e+05,-8444.7,10055,-192.05,8171.4
13793,-57101,1.9982e+05,42745,-1.4412e+05,29219
72964,1.9867e+05,1.4539e+05,23822,15384,9910.8
18455,-1.8164e+05,1.4272e+05,90011,-70143,10370
9928.7,3345.4,-1.4672e+05,9492.9,-1.0818e+05,1.8277e+05
20213,1.5714e+05,-1.7543e+05,69889,-76956,12194
98114,2.3345e+05,-46672,21141,-3595.9,8304.7
2.3718e+05,172.27,1.0214e+05,8167,2.5574,8892.9
89652,-2.1854e+05,1.0205e+05,21595,-8642.1,8897.4
1.6852e+05,1.692e+05,97894,11580,3367.5,8827.3
52854,-43618,2.4592e+05,10641,-24657,30628
71356,2.0919e+05,1.3055e+05,25447,14245,9486.9
1.1646e+05,-2.1713e+05,-75687,17312,4691.6,8544
56769,-1.3936e+05,-2.0675e+05,21843,27876,13892
1.5182e+05,-2.0513e+05,-38013,13741,1646.9,8257.2
12185,1.7418e+05,-79468,1.5752e+05,-71677,8974.8
15327,1.9863e+05,90210,1.2535e+05,56686,8966.5
28601,-2.3896e+05,58398,71666,-17287,8404.3
14605,1.9101e+05,95974,1.291e+05,64605,9136.3
29618,-83296,-2.3212e+05,25252,63009,23032
84372,23483,2.4181e+05,8480.3,6333.4,24076
1.3483e+05,1.8168e+05,1.2383e+05,13721,6038.1,9311.6
1.0241e+05,2.2901e+05,58371,20060,4265.3,8385.4
46620,-2.4753e+05,-35740,44794,6252.8,8248.9
1.1649e+05,-2.1147e+05,-90272,16959,5560.4,8719.8
2.0882e+05,-1.5092e+05,16833,10079,-386.12,8184.4
2.4193e+05,79708,42534,8599.3,449.82,8280.2
1.9268e+05,-1.6523e+05,-47141,10763,1302.6,8306.8
1.9332e+05,-1.7031e+05,16468,10888,-460.52,8183.7
1.5077e+05,-1.2022e+05,1.7142e+05,10451,-5802.7,10932
8792.3,-80983,-50808,2.0326e+05,1.2732e+05,9639.1
35594,18560,2.4828e+05,9265.2,27640,52234
31729,1.0906e+05,-2.2237e+05,30177,-57021,17991
1.6353e+05,1.995e+05,7790.7,12892,301.44,8170.7
2.5735e+05,-21253,-4492.6,8194.8,11.746,8168.2
97737,57892,2.3108e+05,9500.9,9900.7,18551
2.2492e+05,1.2657e+05,8477.2,9372.9,151.14,8171.4
1.642e+05,55232,-1.9129e+05,8617.8,-3040.5,12174
43803,2.4512e+05,-49455,47229,-9243.9,8326.7
9339.5,-1.2485e+05,-9430.9,2.252e+05,16989,8190.2
1.4659e+05,-2.1149e+05,-18572,14352,852.16,8188.3
2.0383e+05,-1.5217e+05,-44250,10195,1062,8289.8
1.1213e+05,2.2577e+05,53554,18399,3504.5,8349.5
1.27e+05,2.1769e+05,-54543,16232,-3037.6,8356.3
77191,2.2937e+05,86321,25735,8709.8,8671.5
1.649e+05,-19970,1.9752e+05,8226.8,-1179,12698
2.5566e+05,-1373.9,36567,8167.1,-6.2842,8250.2
91481,-2.1309e+05,1.1161e+05,20773,-9198.4,9064.7
1.9392e+05,-1.6655e+05,-36097,10770,991.86,8248.1
9891.5,82043,1.2028e+05,1.2035e+05,1.7562e+05,14471
2.0576e+05,-1.4695e+05,52263,10039,-1207.2,8339.8
28139,2.2598e+05,96384,69023,29027,8869.3
1.6234e+05,1.9514e+05,46522,12780,1802.5,8303.2
11715,-42199,1.8009e+05,41840,-1.7175e+05,35145
1.1817e+05,-2.2462e+05,-45027,17574,2762.1,8294.7
52267,-1.6073e+05,1.9124e+05,26706,-28805,12341
2.512e+05,-34730,-48895,8244.8,217.95,8317.6
89027,-2.2345e+05,91387,22146,-7825.7,8737.3
10223,4274.4,1.5515e+05,9946.7,1.1764e+05,1.6941e+05
1.8622e+05,-17286,1.7793e+05,8202.2,-722.65,11278
1.2204e+05,-73956,-2.1472e+05,9555.3,7475.6,14772
1.1113e+05,-1.1465e+05,-2.0227e+05,11751,10717,13192
42947,-2.462e+05,43568,48382,-8318,8290.3
1.6633e+05,1.7891e+05,-83259,12002,-2999.3,8628.8
2.38e+05,14291,99202,8181.7,204.28,8846.5
46266,-2.3482e+05,-86068,42897,15153,8679.6
96926,-97072,-2.1789e+05,11579,13061,15348
1.8601e+05,-1.6861e+05,-60081,11028,1774.2,8397.9
82421,2.2401e+05,-95585,23755,-8938,8798.2
2.142e+05,-1.4415e+05,2680.7,9846.4,-57.134,8167.4
11198,4664.4,-1.7647e+05,9561.4,-97817,1.6088e+05
49053,-1.5092e+05,-1.9933e+05,26760,32052,13123
1.9494e+05,1.3831e+05,-97557,10017,-2368.5,8821.8
39876,-2.4532e+05,46845,51979,-9680.3,8311
2.3705e+05,-88481,51645,8718,-622.92,8335.6
16841,2.2063e+05,46051,1.2261e+05,25479,8342.2
1.7263e+05,-9351.1,1.9165e+05,8179,-491.53,12201
1.2692e+05,-2.2446e+05,1301,16619,-73.063,8167.1
1.4537e+05,328.2,-2.1313e+05,8167,-27.12,14510
21594,-2.3812e+05,7708.6,97625,-3138.3,8171.3
1.543e+05,-1.2748e+05,-1.6286e+05,10600,5502.6,10533
64557,2.4638e+05,28766,32466,3550.6,8219
1.5741e+05,-1.6208e+05,-1.2466e+05,11731,4649.1,9329.1
1.6394e+05,58581,1.9051e+05,8674,3201,12114
2.4723e+05,54560,50936,8363.7,362.99,8330.8
2.1082e+05,-1.4755e+05,21250,9971.1,-472.62,8194.8
49473,-2.1127e+05,-1.3366e+05,36293,21798,9594
1.1567e+05,-1.816e+05,1.4169e+05,15229,-8465,9778.9
2.1987e+05,50400,1.2567e+05,8379.1,1044.4,9350.4
1.131e+05,13066,2.3121e+05,8221.6,1926.1,18526
9117.6,-1594.6,-1.1474e+05,8776.2,84627,2.1528e+05
2.3864e+05,-37345,-91342,8266.5,483.85,8732.1
1.4061e+05,-2.0178e+05,77820,14301,-3716.9,8566.5
99866,-2.2449e+05,77133,20150,-5786,8560.4
44741,-2.4858e+05,27358,46869,-5001.6,8214.8
37963,1.1773e+05,-2.1995e+05,27190,-46215,16689
67700,-2.4436e+05,-38760,30797,4541.5,8262
64360,-2.1294e+05,1.273e+05,28440,-15600,9411.2
2.4813e+05,20608,-68583,8195.2,-187.05,8471.5
37004,1.8946e+05,1.6203e+05,43643,36017,10667
16158,1.5868e+05,1.5583e+05,93314,90936,11425
48451,1.9706e+05,-1.5392e+05,34674,-25582,10254
2.1299e+05,81067,1.2138e+05,8739.4,1657.9,9254.5
2.4692e+05,-63029,41842,8429.2,-342.65,8276.5
2.2824e+05,31337,1.1664e+05,8243.7,568.45,9155.3
1.7961e+05,-1.7464e+05,62188,11397,-1974.3,8415.1
93849,-2.3969e+05,-1038.3,22475,84.5,8167.1
2.2608e+05,-57600,-1.1067e+05,8428.2,988.27,9040.3
58106,-2.4485e+05,-46045,35707,6363.4,8302.7
18914,-28454,-2.3057e+05,15882,94671,57345
2.113e+05,-1.3082e+05,-70029,9607.5,1426.6,8485.4
41245,-1.4367e+05,2.0447e+05,30151,-39761,13852
2.3066e+05,15190,-1.1509e+05,8184.7,-268.11,9124.4
2.0862e+05,-1.4986e+05,-26125,10058,597.42,8209.2
1.0497e+05,-2.3054e+05,46856,19757,-3329.5,8305.7
13249,-1.9841e+05,-43357,1.5554e+05,33897,8359.2
40015,-2.2357e+05,1.1137e+05,47322,-22871,9097.1
35151,2.4655e+05,33782,59460,7993.3,8241.9
72649,-2.0092e+05,-1.424e+05,24154,15161,9816.9
1.5214e+05,-1.7849e+05,1.0756e+05,12601,-4403.4,8985.9
65732,-1.8076e+05,1.6954e+05,24062,-19969,10891
1.8155e+05,-1.783e+05,43360,11453,-1368.8,8284.8
1.3488e+05,-2.125e+05,56343,15259,-2887,8369.3
2.3706e+05,251.65,1.0243e+05,8167,3.7506,8897.6
2.2032e+05,-1.109e+05,-76397,9144.6,1274.9,8550.2
57559,2.4823e+05,-22239,36506,-3107,8198.1
64748,2.3568e+05,-77259,31060,-9477.9,8565.8
2.5542e+05,34595,16254,8241.7,69.829,8183.2
2.0205e+05,-1.5968e+05,18252,10413,-458.04,8187.5
1.8045e+05,-85884,1.6338e+05,9046.5,-3183.6,10552
95080,2.3874e+05,15416,22144,1235.4,8181.7
38364,2.1754e+05,-1.2226e+05,48095,-26251,9336.1
2.3105e+05,-1.1197e+05,-27587,9076.6,425.74,8214.1
2.0966e+05,-1.147e+05,97740,9310.9,-1829.8,8824.4
1.6811e+05,28185,-1.9379e+05,8281.3,-1560.4,12374
21962,2.3852e+05,-12985,95901,-5182.9,8179
1.8816e+05,-65391,1.642e+05,8647,-2343.8,10588
88912,-1.6142e+05,-1.7956e+05,16983,14522,11408
8586.5,-75595,25217,2.3304e+05,-77642,8608.9
99040,1.2897e+05,-1.9968e+05,13438,-13120,12943
1.3647e+05,1.4077e+05,-1.6759e+05,11744,-7220,10748
1.1579e+05,47127,2.254e+05,8820.7,6021.3,16866
8167.1,0.4808,908.67,8168.1,4316.4,2.5823e+05
15934,-1.0247e+05,1.9619e+05,61711,-1.1608e+05,17519
52096,-1.4042e+05,-2.0663e+05,23738,30797,13930
58770,-72724,2.3819e+05,13071,-26097,22425
2.4795e+05,-69661,19070,8483.5,-170.07,8189.4
1.7038e+05,-1.8084e+05,-69870,11917,2441.8,8484.1
1.77e+05,-1.8787e+05,-1855.9,11917,62.428,8167.2
1.8829e+05,-22555,1.7515e+05,8225.5,-905.24,11122
1.4002e+05,-1.9142e+05,1.0147e+05,13849,-4787.9,8883.9
95810,-2.2708e+05,74415,21074,-5868.9,8531.5
2.3355e+05,-89576,64148,8747.8,-804.21,8431.6
2.5158e+05,-58299,-1849.5,8383.6,13.568,8167.2
8264.7,-63.128,-39569,8177.1,12694,2.5489e+05
1.3691e+05,-2.1748e+05,22092,15350,-1117.8,8197.2
47571,2.4885e+05,-24760,44129,-4240.4,8206
8773.1,-89872,28462,2.2922e+05,-72500,8566.3
2.0543e+05,-1.4112e+05,67418,9910.8,-1519.6,8460.8
8237.9,-15.884,-33799,8167.9,3768.1,2.5601e+05
1.5749e+05,1.5694e+05,1.3097e+05,11538,4804,9480.4
22973,-236.87,-2.4044e+05,8167.5,1008.7,91808
1.9826e+05,1.1923e+05,1.1459e+05,9532.3,2436.4,9115.1
66341,-2.0834e+05,-1.3397e+05,27105,15846,9579.9
2.2059e+05,1.3158e+05,26543,9511.3,504.02,8210.5
51892,-2.3103e+05,95127,37713,-14801,8802.2
10489,60776,-1.5009e+05,75852,-1.8515e+05,21651
1.3466e+05,2.1917e+05,18781,15622,972.8,8188.8
97981,2.3323e+05,48042,21149,3706.7,8313.1
92082,2.1539e+05,-1.0664e+05,20845,-8736.2,8974.4
12395,-1.8146e+05,68770,1.5915e+05,-60157,8732.4
72824,2.2583e+05,-98120,26763,-10546,8838.5
12285,1.9072e+05,27634,1.6992e+05,24564,8252.1
38552,-25679,-2.4825e+05,9883.5,30306,45209
1.9825e+05,19481,1.6423e+05,8206.4,662.72,10588
17029,-2.2487e+05,-23875,1.2317e+05,13021,8212.7
2.5341e+05,-37750,-32499,8257.2,154.48,8232.5
11731,1.7026e+05,72888,1.6532e+05,70600,8882.2
34583,2.3634e+05,77430,58014,18630,8585.9
1.9017e+05,-1.2492e+05,-1.2197e+05,9774.1,2880.3,9267.7
1.1863e+05,-1.2356e+05,1.9265e+05,11807,-9601.1,12299
40652,2.4984e+05,-1725.6,51884,-349.47,8167.2
2.0754e+05,-99072,-1.1736e+05,9051.1,1992.3,9170.2
1.322e+05,2.1961e+05,-28356,15858,-1504.5,8216.9
8223.5,12.006,30217,8167.6,3197,2.5647e+05
69024,-2.243e+05,1.0372e+05,27947,-11820,8930
1.2062e+05,-2.0723e+05,94689,16263,-5556.9,8781.4
1.1823e+05,-1.489e+05,1.7406e+05,13153,-9447.2,11077
1.6807e+05,1.8624e+05,-60638,12198,-2191.3,8402.5
82817,1.1617e+05,2.1393e+05,14115,17291,14737
2.2696e+05,-1.2222e+05,15179,9277.3,-259.29,8181.2
57928,-1.2198e+05,2.1727e+05,19195,-28000,15492
74591,-2.0345e+05,1.3789e+05,23852,-14270,9682.3
1.3061e+05,2.0738e+05,80245,15347,4256.5,8594.1
57290,2.4489e+05,46428,36205,6514.5,8305.1
2.5087e+05,-61007,-6293.9,8405.3,48.467,8169.4
2.3459e+05,-53186,93942,8374.5,-723.99,8768.4
12075,1.8934e+05,-16113,1.7405e+05,-14779,8196.5
1.593e+05,1.5414e+05,-1.3211e+05,11372,-4719.1,9509.1
64475,64807,-2.3946e+05,11627,-21765,22979
8241.5,-101.2,34637,8201.1,-23311,2.5486e+05
1.1108e+05,-2.2949e+05,-37442,18787,2485.8,8254.7
89572,60225,-2.3358e+05,9854.3,-11968,19516
1.6761e+05,-80402,1.7902e+05,9060,-3780.8,11344
72361,-2.4607e+05,11355,29120,-1238,8175
1.2658e+05,-1.2732e+05,1.8508e+05,11596,-8494.8,11736
1.8386e+05,-1.5638e+05,91516,10726,-2637.8,8735
2.5119e+05,-34746,-48938,8244.9,218.25,8317.9
1.8784e+05,1.6676e+05,59553,10926,1721.6,8393.6
40462,-2.4466e+05,50549,51078,-10284,8335.1
2.2424e+05,1.2465e+05,-29263,9345.4,-518.42,8220
25564,1.8515e+05,1.5819e+05,62954,52881,10704
2.3337e+05,-70607,-85078,8533.1,863.24,8650.5
1.8305e+05,1.8168e+05,-10930,11512,-344.04,8174.3
12753,90077,-1.7646e+05,75546,-1.4626e+05,17879
15578,-37406,2.1631e+05,24435,-1.2552e+05,45256
60012,-74256,2.3752e+05,13067,-25470,21967
2.4279e+05,-62796,-61635,8436,519.71,8410.3
8519.2,73416,2197.3,2.4748e+05,7398.9,8170.7
1.8542e+05,-1.7291e+05,-48577,11172,1461.4,8315.7
1.0872e+05,-2.3248e+05,-22931,19324,1565.6,8199.6
2.0613e+05,-1.0221e+05,1.1716e+05,9117.4,-2065.2,9166.1
15038,-2.157e+05,-18450,1.3975e+05,11913,8196.7
2.5657e+05,-23332,-18016,8200.7,51.988,8187
1.0235e+05,1.9576e+05,-1.3246e+05,17671,-9402.6,9524.4
1.9153e+05,1.7187e+05,20492,10978,584.39,8192.9
76043,-2.4537e+05,-2913.6,27736,300.79,8167.5
80123,89437,-2.2728e+05,12275,-17386,17515
2.3621e+05,1.0302e+05,-16682,8910.8,-230.83,8184.1
1.9729e+05,94350,1.3722e+05,9054.4,2454.6,9643.5
66915,2.4714e+05,14700,31469,1745.8,8180.5
34860,2.4841e+05,13561,60418,3238.1,8178.9
1.3566e+05,-2.027e+05,83871,14702,-4206.2,8636.9
32665,1.7315e+05,-1.7762e+05,45450,-45120,11603
9012.3,-1.0914e+05,-77.538,2.3404e+05,166.07,8167
10990,-191.75,-1.7266e+05,8169.8,4997.8,1.9185e+05
8447.1,683.89,65919,8567.5,75411,2.3803e+05
54063,-81273,-2.3604e+05,14865,30139,21436
1.9357e+05,-95838,1.414e+05,9114.8,-2651.5,9763.6
8448.1,-2656.4,65982,12941,-1.9341e+05,1.5757e+05
1.8848e+05,1.2785e+05,-1.2153e+05,9871.6,-2960.7,9258.3
2.2733e+05,1.2185e+05,-12485,9267.5,-212.13,8176.6
1.8143e+05,1.5438e+05,-99412,10728,-2904.7,8850.4
11743,1.3813e+05,-1.2363e+05,1.3396e+05,-1.1945e+05,10951
1.7805e+05,-1.4439e+05,1.1864e+05,10519,-3433.6,9197.2
1.4524e+05,-2.1244e+05,18251,14486,-849,8187.5
8692.6,3573.3,88319,12760,1.8617e+05,1.5531e+05
39263,2.4587e+05,43430,52921,9125.1,8290.4
1.6531e+05,-1.3567e+05,-1.4446e+05,10571,4536.5,9857.9
1.8005e+05,1.8227e+05,-31435,11627,-1016,8228.3
49264,-2.4779e+05,-33278,42448,5489.9,8237.6
37454,2.4938e+05,-1530.5,56314,-338.34,8167.2
2.1311e+05,-1.3214e+05,-61569,9611.5,1245,8409.8
1.1489e+05,1.3247e+05,-1.889e+05,12482,-10180,12011
83651,-34944,2.4065e+05,8857.3,-9136.9,23250
9034.9,4831.6,1.1027e+05,13077,1.8204e+05,1.458e+05
2.0132e+05,-1.5797e+05,34239,10384,-858.57,8239.9
33453,-2.4774e+05,-17223,62902,4299.3,8186.4
2.2819e+05,-1.1546e+05,35756,9154.2,-578.44,8246.5
1.7899e+05,1.8403e+05,-26871,11720,-880.31,8211.7
73920,-1.1572e+05,2.1702e+05,15238,-20367,15294
1.7698e+05,-1.7699e+05,63074,11556,-2061.5,8422.6
53585,2.4456e+05,-50378,38588,-7593.1,8330.9
74532,58909,-2.3862e+05,10434,-16373,22150
8579.4,-78760,6891.8,2.4492e+05,-21407,8198.2
1.1422e+05,-2.3025e+05,19110,18416,-1227.8,8189.6
78581,-2.2399e+05,-98483,24790,9716.7,8842.8
89997,-2.0287e+05,1.3024e+05,20210,-10856,9471.1
2.2065e+05,1.1221e+05,-73459,9163.7,-1234,8519.4
2.2938e+05,12817,-1.1792e+05,8179.8,-234.53,9181.2
1.2205e+05,1.5864e+05,-1.625e+05,13413,-8644.9,10523
1.3085e+05,96383,-2.0024e+05,10150,-7435.8,12970
1.0586e+05,-2.3383e+05,22109,19852,-1559.3,8197.3
2.1794e+05,58677,-1.2543e+05,8458.2,-1223.7,9345
96543,2.1377e+05,1.0616e+05,19902,8219,8965.4
15781,1.9997e+05,93090,1.2122e+05,56175,9004.9
33455,1.2778e+05,-2.1294e+05,33188,-51957,15515
49900,-2.2588e+05,1.071e+05,38354,-17361,9000.8
1.7333e+05,10555,-1.9095e+05,8182.2,-548.07,12146
1.575e+05,1.9528e+05,60400,13020,2442.5,8400.6
1.3144e+05,-2.1656e+05,48317,15762,-2572.6,8314.4
69315,42185,-2.4343e+05,9578.8,-15092,25945
2.4531e+05,63585,-49715,8437.2,-415.73,8322.8
2.2258e+05,-1.0531e+05,77760,9036.2,-1221.8,8565
25882,-2.411e+05,-36391,80590,12039,8258.6
19260,2.1059e+05,-1.0028e+05,98937,-46793,9040
97577,-2.2736e+05,71316,20770,-5507.5,8499.9
2.3156e+05,1.1419e+05,-4702.6,9107.2,-73.439,8168.4
43281,-2.4989e+05,-8646.3,48706,1637.9,8171.8
2.1845e+05,-1.3452e+05,-29322,9593.1,575.5,8220.2
1.3354e+05,1.7823e+05,-1.3007e+05,13637,-6382.4,9459.5
1.9373e+05,1.6757e+05,32190,10803,889.03,8231.3
1.5693e+05,-1.8597e+05,-85871,12674,3421.9,8661.2
1.6671e+05,-1.4291e+05,-1.3561e+05,10763,4332.3,9600.9
2.0572e+05,-1.2379e+05,94964,9533.6,-1946.5,8783.3
2.1275e+05,-22734,-1.4453e+05,8213.6,590.35,9857.8
1.1885e+05,-2.2503e+05,-41073,17520,2502.8,8272.8
2.5641e+05,7241.5,30041,8170.3,27.041,8222.9
1.394e+05,-1.4824e+05,1.5852e+05,11933,-6783.4,10356
1.2801e+05,-2.066e+05,-86175,15529,4686,8665.7
2.4288e+05,-16335,-86215,8185.5,194.76,8664.6
89798,-1.3506e+05,-1.9978e+05,14793,15213,12968
1.3593e+05,-2.0428e+05,79488,14761,-3985.3,8585.3
34150,1.0982e+05,2.2299e+05,28255,52577,17852
82271,36620,-2.4083e+05,8946.9,-9810.6,23403
2.5755e+05,-15562,11208,8181.9,-21.459,8174.7
70904,-2.3393e+05,78313,28328,-8695.3,8576.4
1.0618e+05,2.3016e+05,46083,19544,3229.8,8301
2.4861e+05,-28528,-63833,8220.7,239.32,8428.8
2.4903e+05,-38324,56654,8263.3,-282.9,8371.1
9810,1.4267e+05,9322.2,2.1455e+05,13999,8184.4
23057,2.2442e+05,-86624,85394,-32660,8749.1
23001,98899,-2.192e+05,38441,-81354,19482
8231.4,32228,338.29,2.5623e+05,2686.8,8167.5
2.3692e+05,54251,-87267,8378.6,-672.26,8678.1
81589,-2.2523e+05,-93334,24087,8833.6,8765.6
1.1121e+05,-2.1431e+05,-90069,17769,5890.4,8717.4
1.5064e+05,1.6918e+05,-1.2351e+05,12292,-5011.9,9303.5
1.2265e+05,74898,-2.1405e+05,9575.2,-7456.8,14668
41772,-2.4118e+05,-65616,48770,12896,8455.7
8198.7,26.927,22659,8172.7,9613.9,2.5709e+05
24972,-8974.6,-2.4275e+05,8737.7,29863,78948
83251,2.2199e+05,99576,23357,9196.2,8858.9
50145,-2.4667e+05,-40437,41529,6544.6,8271.8
2.0854e+05,1.465e+05,41388,9983.5,932.97,8274.1
1.3606e+05,-2.1032e+05,-61472,15055,3105.2,8409.6
8573.2,-72020,31263,2.257e+05,-97847,8902.3
47568,-2.1666e+05,1.2488e+05,38632,-21272,9373.9
22238,-1.1988e+05,-2.0713e+05,48035,80597,16127
1.2181e+05,-14551,-2.2675e+05,8225.3,1811.3,17193
2.3683e+05,-32116,-97808,8241.8,453.76,8825.2
2.211e+05,71451,1.1263e+05,8583.4,1281,9076.9
1.4364e+05,19587,-2.1339e+05,8242.8,-1644.4,14549
93826,-2.3146e+05,-62325,21811,5049.5,8417.7
1.0125e+05,2.2295e+05,79843,19804,5886.1,8590.7
2.0441e+05,-51120,1.4921e+05,8418.9,-1448.5,10010
61542,-2.4848e+05,-7919.7,34257,1029.8,8170.9
1.0092e+05,-2.0041e+05,-1.2641e+05,18206,9172.5,9375.3
70376,-2.1604e+05,-1.1935e+05,26530,13267,9226.5
8495.8,-1358.2,-71106,9442.3,1.2451e+05,2.1474e+05
1.4236e+05,2.0482e+05,-65784,14326,-3105.7,8446.5
1.2226e+05,-63708,2.1786e+05,9213.7,-6752.3,15292
2.5162e+05,-24336,52817,8205.2,-165.2,8343.5
1.4662e+05,1.9595e+05,81644,13646,3649.1,8610
2.5479e+05,36045,-21958,8248.4,-98.694,8196.7
1.4281e+05,-2.0054e+05,77050,14095,-3597.1,8558
1.512e+05,63877,1.9908e+05,8867.9,4196.2,12848
43915,-95452,-2.3113e+05,19827,39864,19784
1.8485e+05,-1.7224e+05,-52896,11168,1595.5,8344.2
72431,-1.1121e+05,-2.1979e+05,15032,20939,15822
2.1077e+05,52094,-1.3975e+05,8413.1,-1301.2,9714.7
1.94e+05,1.2973e+05,-1.1037e+05,9827.6,-2586.7,9035.2
63686,-2.2603e+05,-1.0259e+05,30347,12776,8913.2
11695,-1.6096e+05,90503,1.5726e+05,-88185,9366.4
1.4967e+05,-65471,-1.997e+05,8916.3,4379,12908
82460,-89116,2.2665e+05,12057,-16596,17326
18444,2.2072e+05,68060,1.0931e+05,33517,8544.4
1.8972e+05,-51058,1.6746e+05,8458.1,-1876.9,10735
42572,-2.2363e+05,-1.1175e+05,44470,21473,9099.2
1.4096e+05,-22905,-2.1482e+05,8274.5,2002.9,14769
9362.4,-5968.6,-1.2605e+05,13420,1.7845e+05,1.371e+05
72072,1.945e+05,-1.5129e+05,23638,-16192,10111
2.1246e+05,-27121,-1.442e+05,8233.4,702.9,9847.6
1.8411e+05,86151,1.5911e+05,9018.5,2996.9,10375
1.3073e+05,-2.2016e+05,-30750,16019,1655.8,8225.7
26990,-2.4394e+05,-20575,77874,6495.8,8195.7
1.2696e+05,-2.027e+05,96349,15408,-5266.4,8805.5
1.8441e+05,1.5508e+05,92632,10675,2644.6,8750.4
8199.7,-251.44,23011,8636.6,-83622,2.4325e+05
2.5532e+05,-38536,-4882.5,8259.6,23.331,8168.5
1.5567e+05,72110,1.9274e+05,9002.9,4261.1,12292
1.5077e+05,-1.5722e+05,-1.3829e+05,11808,5418.4,9675.8
1.9924e+05,84173,1.4097e+05,8867.1,2252.4,9750.7
2.575e+05,-17285,9773.7,8185.4,-20.783,8172.9
1.9395e+05,1.4346e+05,91931,10162,2305.5,8740.6
2.3565e+05,7559.1,-1.0535e+05,8171.2,-117.2,8946.1
1.5546e+05,68907,-1.9408e+05,8935.3,-4141.8,12401
8213.3,-1137.3,27350,13433,-2.0361e+05,1.5614e+05
1.6e+05,-2.0165e+05,18178,13150,-728.17,8187.4
1.0969e+05,-2.1791e+05,-82948,18205,5535,8626.7
2.1283e+05,-1.14e+05,91515,9266.3,-1660.3,8734.6
1.5102e+05,1.9809e+05,67280,13483,2899.3,8460
8500.1,57174,43021,1.9834e+05,1.4899e+05,10218
2.0935e+05,-1.2026e+05,91526,9420.4,-1780.9,8734.8
1.5616e+05,-2.0477e+05,-16334,13479,680.51,8183.4
33442,-2.2599e+05,-1.0295e+05,57497,25664,8958.9
8401.2,-988.22,60514,9137.2,-1.1251e+05,2.2441e+05
1.7087e+05,1.6262e+05,-1.0475e+05,11281,-3457.8,8937
2.5357e+05,-46084,-16645,8300.9,95.963,8184
8167.2,-0.80145,-1533.9,8168.1,4262.2,2.5822e+05
1.6446e+05,-1.8049e+05,83535,12134,-3071.7,8632.2
73160,-2.3197e+05,82307,27308,-8822.8,8622.4
32160,1.1211e+05,-2.2105e+05,30547,-55925,17535
69377,2.3932e+05,61283,29522,6981.2,8410.6
1.3442e+05,-77198,2.0614e+05,9422.4,-6257.6,13601
1.0274e+05,-2.361e+05,-6712.1,20523,491.04,8169.8
20228,829.9,2.3555e+05,8175.2,4656.9,1.0417e+05
93706,-2.3033e+05,-66525,21744,5394.1,8454.5
1.8252e+05,-79748,1.642e+05,8914,-2947.2,10588
9481.4,-834.98,1.311e+05,8288.8,-37974,2.1919e+05
1.7218e+05,-1.6226e+05,1.0317e+05,11228,-3362,8910.5
1.9724e+05,1.4486e+05,-82251,10136,-2018.9,8616.5
10008,74993,1.2895e+05,1.0619e+05,1.815e+05,16209
99288,-2.251e+05,76073,20295,-5747.9,8548.9
8175.1,-1.0383,11507,8167,-734.7,2.5801e+05
43840,1.5906e+05,-1.9295e+05,31246,-35313,12575
2.1695e+05,-39980,1.3419e+05,8304.7,-916.75,9561
2.1637e+05,79256,1.165e+05,8698.4,1514.5,9152.7
19433,2.3152e+05,31707,1.0754e+05,14643,8242.8
2.1314e+05,-1.1064e+05,94850,9203.2,-1676.6,8781.6
22428,2.2363e+05,-86071,87816,-33506,8746.1
1.8381e+05,6027.2,1.8114e+05,8171.4,264.29,11469
8208.2,-8.2113,-25820,8167.4,2568.6,2.5696e+05
69313,71010,-2.3663e+05,11734,-20161,21180
17186,-1.8165e+05,-1.3569e+05,98450,73035,10181
1.0327e+05,-2.1761e+05,91271,19097,-6545,8734.3
75578,-2.4306e+05,-34592,27653,3592.3,8242.2
84437,-2.4059e+05,33644,24765,-3086.6,8237.9
1.3901e+05,-2.0874e+05,60350,14752,-2957.8,8400.4
2.026e+05,-51041,-1.5167e+05,8422.6,1495.9,10095
1.5789e+05,-9831.5,2.0387e+05,8182.9,-657.17,13333
81909,2.1164e+05,1.2084e+05,22727,11300,9253.9
2.5735e+05,19939,-8683.4,8191.5,-21.309,8171.6
9193.8,-33889,1.1358e+05,66060,-2.1802e+05,28363
1.8782e+05,-89077,-1.5307e+05,9040.6,2857.1,10145
37260,2.4756e+05,-29800,56211,-6623.5,8224.7
12992,1.9542e+05,45290,1.5817e+05,36559,8382.9
1.6379e+05,1.3785e+05,-1.4412e+05,10680,-4636.5,9847.5
2.1821e+05,1.3121e+05,-42928,9531.6,-828.98,8282.4
2.472e+05,-62870,40437,8427.3,-329.65,8269.1
81702,-57040,2.3701e+05,9976.9,-13676,21133
78722,2.2362e+05,99220,24714,9768,8854.2
8231.6,-24647,-20824,1.958e+05,1.6514e+05,10688
2.0788e+05,-86498,1.2636e+05,8846.8,-1909.8,9366.7
1.8019e+05,-1.3082e+05,1.3056e+05,10096,-3482.3,9468.9
37616,2.2238e+05,-1.1294e+05,50131,-24785,9135
39172,1.8865e+05,-1.6353e+05,41037,-34164,10716
27143,-2.3393e+05,-72579,74258,22761,8546.5
2.2079e+05,1.1847e+05,-62404,9269.9,-1092.8,8416.8
9824.1,1.4261e+05,15428,2.1346e+05,23059,8214.6
2.0236e+05,73087,-1.4272e+05,8684.2,-1959.7,9802.6
1.8211e+05,1.1079e+05,-1.4559e+05,9562.2,-3399.5,9892.5
1.5735e+05,2.0296e+05,25186,13340,1035,8206.2
2.2713e+05,-78954,94131,8647,-1112.8,8771.2
1.116e+05,-1.7885e+05,-1.4822e+05,15458,9234.2,9986.1
1.0075e+05,2.3649e+05,15781,20896,1181.3,8182.4
2.1664e+05,43701,-1.3353e+05,8331.8,-996.83,9543.8
61845,2.2312e+05,-1.0952e+05,30827,-14070,9035.6
45404,98287,2.2997e+05,19741,38284,19219
39739,2.4968e+05,5302.1,53066,1100.2,8168.8
26875,-1.8371e+05,1.6166e+05,59167,-51072,10833
2.5305e+05,-22928,46238,8200.5,-134.8,8301.3
18862,2.3198e+05,9612.9,1.1173e+05,4605.1,8174
2.508e+05,-37988,48515,8260.3,-236.84,8315.2
2.4417e+05,28434,-79164,8222.3,-306.64,8580.5
1.28e+05,-2.1193e+05,-72077,15821,3946.7,8506.4
1.5726e+05,-94785,1.8131e+05,9539.3,-4872.2,11483
90121,-2.3996e+05,22764,23313,-1940.2,8199.2
1.826e+05,1.6942e+05,-67727,11146,-2063.4,8463.8
9153.1,-1340.9,-1.1653e+05,8586.1,71068,2.1919e+05
1.3327e+05,-1.5793e+05,1.5431e+05,12677,-7246.2,10196
1.3215e+05,-2.0707e+05,-78556,15202,4102.6,8574.9
1.0903e+05,-2.3288e+05,16433,19306,-1118.5,8183.7
39806,-2.2239e+05,1.1366e+05,47329,-23469,9143.6
1.5774e+05,-97223,1.7959e+05,9597.2,-4890.1,11379
28993,-2.0421e+05,1.3759e+05,60506,-40023,9819.6
1.1029e+05,-2.2419e+05,63057,18542,-4203.6,8423.4
1.9846e+05,-1.5377e+05,-60179,10335,1518.9,8398.6
1.29e+05,-90527,-2.0412e+05,9984,7448.4,13375
2.4254e+05,-73213,50047,8531.4,-487.52,8325
1.824e+05,1.5998e+05,88152,10868,2606.8,8690
11469,-4836.6,1.8108e+05,9527,-94565,1.5765e+05
48424,-1.9368e+05,-1.5816e+05,34132,26276,10423
1.4317e+05,-2.1396e+05,-16563,14702,786.92,8183.9
1.3317e+05,1.2416e+05,-1.8266e+05,11176,-7661.7,11574
1.3171e+05,-1.203e+05,1.8626e+05,11071,-7812.6,11814
28206,2.3821e+05,60294,72522,18123,8421.3
11478,1.1092e+05,1.434e+05,1.1262e+05,1.4483e+05,13326
2.4419e+05,79806,-26385,8592.6,-274.44,8210
2.2189e+05,1.1063e+05,72123,9127.1,1185.9,8505.9
29389,-1.8944e+05,-1.5769e+05,55407,45120,10579
1.8409e+05,-1.8094e+05,2327.3,11457,-72.482,8167.3
1.2317e+05,-80230,2.1182e+05,9753.3,-7694.9,14340
2.5256e+05,33652,42167,8239.3,180.28,8278.2
1.7464e+05,-1.4579e+05,1.2193e+05,10644,-3660.7,9267.4
1.1147e+05,2.0196e+05,1.1488e+05,16936,7393.3,9124.8
2.4571e+05,-15124,78040,8182.5,-159.53,8568
35959,-59646,-2.4182e+05,16130,48632,29698
2.1939e+05,89213,1.0287e+05,8817.3,1444.4,8905
2.4329e+05,-85479,-13880,8656.9,154.61,8178.8
85149,2.4201e+05,18313,24708,1665.4,8187.8
1.6434e+05,-1.555e+05,-1.2415e+05,11250,4248.8,9317.3
56739,2.4846e+05,20781,37052,2948.3,8194.1
40874,23913,-2.4872e+05,9512,-26001,44307
1.3157e+05,2.0777e+05,-77665,15287,-4083.3,8565
66016,-2.3987e+05,-62047,31000,7462.2,8417.4
1.0724e+05,2.2611e+05,-61280,19104,-4231.4,8408.6
1.233e+05,42931,2.2232e+05,8650,4862.4,16151
1.3676e+05,-2.1219e+05,52920,15094,-2662.3,8344.7
97940,2.3167e+05,55114,21036,4250.1,8361
79525,-54187,2.3833e+05,9899.4,-13906,21882
1.3941e+05,-1.8073e+05,-1.2016e+05,13386,5586.7,9230.8
1.6847e+05,1.6518e+05,1.046e+05,11444,3556.4,8934.5
1.7548e+05,-1.4544e+05,1.2115e+05,10612,-3604.3,9250.5
88233,2.3112e+05,70661,22985,6140.1,8494
1.1317e+05,37535,-2.2848e+05,8606.7,-5216.6,17686
8774,-170.03,94336,8178.5,-12721,2.4006e+05
11749,1.5501e+05,1.0184e+05,1.5011e+05,98328,9767.6
28103,-1.4654e+05,1.9715e+05,45250,-58896,13546
1.1269e+05,-1.9185e+05,1.3004e+05,16157,-8153.2,9461.2
1.7925e+05,1.768e+05,56938,11477,1824.6,8373.5
71525,2.3023e+05,88185,27693,9684.8,8696.8
1.039e+05,-2.3314e+05,-34711,20115,2501.1,8242.3
54847,-1.3368e+05,2.1074e+05,21723,-29405,14458
33792,2.3585e+05,-78137,59307,-19276,8595.5
1.5378e+05,2.0629e+05,-19314,13677,-823.95,8190
1.166e+05,27111,-2.2828e+05,8385.9,-3638.8,17618
1.3122e+05,-2.1198e+05,-65986,15538,3500.5,8448.5
64639,1.7106e+05,-1.7961e+05,23268,-21422,11453
2.5694e+05,-25670,4857.4,8207.7,-15.365,8168.5
11408,1.2675e+05,1.28e+05,1.3023e+05,1.31e+05,11596
69662,-2.3877e+05,63140,29346,-7159.4,8426.3
11185,-98126,1.4646e+05,1.0519e+05,-1.5605e+05,14642
17267,2.2685e+05,9257.4,1.2206e+05,4958.6,8173.8
1.7686e+05,-1.7515e+05,-68332,11500,2224,8469.5
2.134e+05,1.262e+05,-72127,9490,-1406.8,8506
65557,1.6541e+05,-1.8459e+05,22316,-21569,11775
17436,1.1773e+05,-1.9485e+05,62950,-1.0243e+05,15695
1.3341e+05,2.1653e+05,42798,15591,2235.9,8281.9
49437,1.6484e+05,-1.8796e+05,28793,-30191,12102
49765,-2.4725e+05,-36865,41938,6015.7,8253.9
2.4777e+05,19032,-70291,8191.1,-177.64,8487.8
2.1486e+05,-61811,-1.2916e+05,8498.7,1359.2,9433.5
49954,-2.123e+05,1.3197e+05,36119,-21304,9547.5
22503,-29966,2.3786e+05,14245,-75905,53739
1.0689e+05,2.1162e+05,-1.0084e+05,18158,-6902.1,8875.9
1.955e+05,1.6859e+05,2302,10788,62.886,8167.3
1.0307e+05,2.2073e+05,83682,19353,6030.2,8635.9
19057,2.3154e+05,23320,1.1013e+05,11031,8208.1
72945,-2.4615e+05,-4630.1,28911,500.42,8168.3
43104,-1.908e+05,1.6158e+05,37713,-30440,10597
8289,70.377,-44130,8177.1,-12615,2.5415e+05
1.9098e+05,-1.5522e+05,77970,10528,-2106,8567.5
56890,1.2572e+05,-2.1529e+05,19982,-28503,15153
2.2215e+05,-97625,88294,8921.8,-1307.6,8691.4
60769,86844,-2.3308e+05,14333,-25978,19778
1.7301e+05,-86824,1.7072e+05,9139.7,-3621.8,10894
1.9886e+05,-1.4676e+05,-74620,10153,1822.2,8531.5
16829,1.7908e+05,-1.3677e+05,99732,-75658,10264
37156,56648,-2.4281e+05,15153,-46081,30596
1.3516e+05,-2.1663e+05,-36388,15449,1869.8,8249.6
2.4182e+05,61166,66885,8424.5,554.55,8455.8
22186,-404.33,2.3924e+05,8168.6,-1856.2,95051
8571.8,13.463,78387,8167.1,1271.9,2.4606e+05
74830,-37880,-2.4277e+05,9165,12096,25118
2.2367e+05,-541.07,1.2903e+05,8167,-11.412,9430
1.635e+05,1.9966e+05,2531.8,12900,98.021,8167.4
2.5247e+05,-43992,-31930,8290.2,177.48,8230.2
25345,2.4075e+05,-35184,82355,-11917,8252.9
96405,-1.9464e+05,1.3823e+05,18454,-10539,9682.6
85398,2.426e+05,2598.8,24698,235.63,8167.4
66142,1.0742e+05,2.2324e+05,15664,23703,16627
1.0392e+05,1.5307e+05,-1.7923e+05,14571,-11702,11376
1.3755e+05,-96916,1.9549e+05,9996.4,-6705.1,12528
1.533e+05,1.7319e+05,-1.1438e+05,12332,-4572.3,9112.2
10704,-4795.1,1.6674e+05,9936.3,-1.1209e+05,1.6196e+05
8510.8,5.5834,72626,8167,577.54,2.4783e+05
50188,-2.4536e+05,-47744,41282,7718.6,8314.2
1.6163e+05,-1.49e+05,-1.3516e+05,11114,4638.1,9589
2.0401e+05,-1.3457e+05,83242,9786.2,-1837.4,8628.2
1.3307e+05,82521,2.0493e+05,9614.9,6649.7,13463
27944,2.4432e+05,24418,75112,7418.2,8207.2
1.4037e+05,-1.7491e+05,1.2745e+05,13062,-5796.6,9395.2
1.0026e+05,-1.9366e+05,1.37e+05,17810,-9950.4,9646.9
48584,-1.9253e+05,1.5955e+05,33831,-26403,10480
74575,2.2811e+05,91481,26427,9585.7,8740.9
1.8847e+05,-1.6084e+05,-72467,10741,2041.4,8509.5
1.8309e+05,-1.5052e+05,1.0226e+05,10577,-2901.5,8895.6
2.4624e+05,-7362.6,77506,8170.7,-76.915,8562.1
1.2418e+05,1.2144e+05,1.9055e+05,11435,8790.6,12131
74449,2.2783e+05,-92273,26438,-9685.6,8752
1.4798e+05,-12251,2.1098e+05,8195,-963.58,14204
2.2888e+05,-75575,-92645,8601.2,1037.7,8750.1
1.559e+05,53596,-1.9851e+05,8637.4,-3390,12793
85297,2.231e+05,-95417,22962,-8578,8795.3
40395,-25424,-2.4852e+05,9708.2,27738,43926
1.9284e+05,-98531,1.4054e+05,9173,-2712.3,9738.1
62512,1.0144e+05,-2.2678e+05,15665,-25502,17591
2.4767e+05,-72956,5440.5,8514.3,-50.745,8168.8
43729,-2.4503e+05,-49876,47293,9339.3,8329.5
46296,2.3906e+05,-73470,43615,-12934,8531.1
1.2116e+05,1.851e+05,1.3236e+05,14936,7487.3,9518.9
13040,-1.968e+05,41284,1.5831e+05,-33121,8344.3
9045.8,3680.6,1.1091e+05,11244,1.6008e+05,1.6936e+05
8692.7,1705.5,-88384,9412.2,-1.2053e+05,2.1054e+05
2.2533e+05,1.228e+05,-28701,9302.5,-498.37,8218
8305.5,1108.8,-46930,10131,-1.5016e+05,2.0472e+05
97922,1.5956e+05,-1.7679e+05,15654,-12623,11238
80230,1.259e+05,2.0926e+05,15253,18085,14076
15856,1.8075e+05,1.2708e+05,1.0892e+05,76149,9974.3
8276.8,374.1,41901,8477.7,68317,2.455e+05
82344,-2.4258e+05,-22070,25520,2084.1,8197.3
40593,2.4787e+05,-31299,51561,-6347.3,8230.2
1.8716e+05,-2093.8,1.7779e+05,8167.5,-86.955,11269
2.4797e+05,-62581,35911,8423.4,-289.72,8247.2
2.308e+05,96576,-63948,8854,-874.52,8429.8
2.1171e+05,70089,-1.3012e+05,8603.5,-1579.8,9457.1
82220,-2.436e+05,-2896.2,25652,274.07,8167.5
2.5754e+05,8003.4,-17504,8171,-17.258,8185.8
1.2051e+05,1.5231e+05,-1.6953e+05,13181,-9039,10845
2.5326e+05,46277,20395,8302.4,118.34,8192.6
2.368e+05,67496,-77840,8492.7,-736.77,8565.8
27241,2.4216e+05,-37240,76539,-11636,8261.9
2.4669e+05,63758,42119,8435.7,349.31,8278
2.1588e+05,-1.1806e+05,-78287,9310,1422.8,8570.9
94389,2.3061e+05,64643,21629,5198.7,8437.7
54725,-2.2416e+05,1.0971e+05,34804,-16096,9044.2
1.594e+05,1.163e+05,-1.6631e+05,10115,-5033.3,10685
54354,2.2012e+05,-1.177e+05,34437,-17377,9203.1
1.9961e+05,-71851,1.4713e+05,8680.8,-2042.1,9941.3
2.1336e+05,1.4507e+05,10129,9878.3,218.27,8173.3
81828,-1.6635e+05,1.7814e+05,18578,-16050,11332
2.3396e+05,-1.0729e+05,20930,8985.8,-304.91,8194
39122,35923,2.4706e+05,11203,36098,39305
2.5663e+05,-15417,24502,8181.7,-46.805,8204
30492,19716,2.463e+05,9835.7,38156,57438
15803,-2.125e+05,-59539,1.2854e+05,35868,8480.3
8199.1,-10355,-20337,1.1695e+05,2.2857e+05,17965
1.2057e+05,-97.138,2.2787e+05,8167,-12.492,17493
1.3194e+05,-2.0726e+05,-78393,15229,4103.6,8573.1
40437,1.5469e+05,-1.9617e+05,32930,-39189,12937
1.9141e+05,1.2107e+05,1.2389e+05,9666.1,2830.1,9310.5
51667,2.0485e+05,1.4307e+05,33794,22224,9865.9
94027,-2.3604e+05,41308,22141,-3347.6,8274.3
28718,18727,-2.4535e+05,9877.2,-40933,60730
2.1881e+05,1.1815e+05,-69541,9282.9,-1234.7,8480.7
58896,2.4884e+05,9754.2,35787,1329.8,8173
2.3878e+05,5518.5,98194,8169.2,77.69,8831
74823,41120,-2.4225e+05,9332,-12870,24670
34595,1.0491e+05,2.2549e+05,26763,52168,18605
59229,-2.0382e+05,1.43e+05,29527,-19131,9849.9
47192,2.4547e+05,-47836,43897,-8258.5,8315.4
94317,2.3674e+05,-36425,22138,-2942.7,8250.1
2.388e+05,-97541,12110,8822.8,-156.78,8176
88186,1.1905e+05,-2.1034e+05,13759,-15745,14197
27517,1.8244e+05,1.6386e+05,57287,50408,10928
1.5585e+05,2.0453e+05,21522,13486,898.73,8195.6
1.4452e+05,-5038.5,-2.1364e+05,8172,421.97,14585
1.0779e+05,-2.3293e+05,-22542,19492,1555.2,8198.5
1.2788e+05,-2.2376e+05,8597.3,16485,-477.93,8171.6
1.4173e+05,1.5884e+05,1.4569e+05,12278,6279.1,9898.9
2.27e+05,-4460,-1.2301e+05,8168.6,87.052,9290
2.3612e+05,-1.0347e+05,-15098,8917.6,209.83,8181
1.0191e+05,-9190.5,2.3636e+05,8200.4,-1712.1,20612
15810,1.7547e+05,-1.339e+05,1.0618e+05,-80545,10262
1.4343e+05,-75610,2.0065e+05,9235.5,-5343.2,13004
1.74e+05,25197,1.8897e+05,8252.4,1273.9,11997
2.1873e+05,74969,-1.1494e+05,8634,-1393.4,9121.6
1.2707e+05,-1.0756e+05,1.9691e+05,10709,-8203.7,12659
1.2492e+05,2.1285e+05,74639,16160,4219.6,8532.7
84498,-1.8345e+05,-1.5921e+05,19598,14054,10403
1.9681e+05,1.5092e+05,-71700,10295,-1813.1,8501.8
1.2527e+05,91437,-2.0599e+05,10119,-7946,13590
2.5068e+05,37946,49160,8260.1,239.97,8319.3
1.4059e+05,-2.1062e+05,49157,14728,-2380.4,8319.6
2.1971e+05,-1.0831e+05,-81681,9106.8,1344.2,8609.6
26289,-2.375e+05,-56868,78050,18484,8395.4
29334,2.2144e+05,1.0816e+05,64708,31102,9075.2
2.2926e+05,42319,-1.1105e+05,8305.2,-718.98,9047.2
2.0644e+05,-43215,1.4893e+05,8344.3,-1209.1,10000
2.4182e+05,-64347,63838,8451.5,-555.05,8428.9
2.4642e+05,-41359,-65283,8281.4,358.54,8441.4
2.459e+05,-51480,59816,8344.3,-407.54,8395.5
1.6558e+05,1.8981e+05,-56240,12432,-2094.1,8368.3
65854,45371,-2.4361e+05,9942.6,-17365,26309
2.4735e+05,40025,-62533,8273.4,-330.17,8417.8
1.9683e+05,1.6705e+05,1754.8,10716,47.178,8167.2
2.3815e+05,-48206,87451,8332.8,-595.67,8680.4
11817,1.7945e+05,50616,1.7181e+05,48351,8485
2.2872e+05,-1.1968e+05,-6734.9,9218.8,111.62,8169.8
50507,2.4991e+05,-3855.1,41757,-619.49,8167.9
2.3764e+05,45108,-90439,8313,-580.28,8719.8
2.2209e+05,-1.2893e+05,27012,9445,-499.29,8212.1
50660,2.4424e+05,-53025,40724,-8485.5,8349.7
1.0941e+05,2.1168e+05,98055,17827,6524.4,8832.2
2.0862e+05,1.3226e+05,-75179,9672.1,-1577.9,8537.3
2.0822e+05,-51124,1.4386e+05,8409.9,-1347.4,9837.2
1.6448e+05,-1.8637e+05,-69376,12351,2587.4,8479.5
89365,-2.0886e+05,1.2084e+05,20835,-10202,9251.8
48621,-2.1567e+05,-1.2651e+05,37646,21044,9411.2
62630,-1.9645e+05,-1.5205e+05,27098,19068,10150
63367,2.4618e+05,-32238,33021,-4059.7,8232.5
11171,-1.4686e+05,-97076,1.5758e+05,1.0388e+05,9786
8173.5,-1.6309,10321,8167.1,-1287.2,2.5805e+05
1.5107e+05,1.0978e+05,-1.7804e+05,10101,-5671.7,11289
1.0776e+05,-2.2714e+05,-56368,19099,3872.9,8370
50779,-1.817e+05,-1.7161e+05,30714,26958,11045
1.4931e+05,-1.4669e+05,-1.5085e+05,11457,5795.7,10070
2.3092e+05,-1.1487e+05,12772,9122.8,-201.4,8177
69933,-2.4622e+05,-18447,30083,2087.7,8188.2
64216,-84977,-2.3312e+05,13617,23917,19700
1.1971e+05,-80936,-2.1348e+05,9865.6,8189.4,14586
1.9244e+05,-1.7183e+05,-9265.1,10953,262.25,8172.3
74922,1.1029e+05,-2.1954e+05,14594,-19952,15755
1.1544e+05,56995,-2.2329e+05,9112.7,-7025.4,16375
78397,82437,-2.3044e+05,11885,-17536,18488
58305,2.3268e+05,88974,33916,12217,8711.3
1.6462e+05,-1.4025e+05,-1.4082e+05,10735,4539.6,9747.8
2.3665e+05,-54041,88107,8377.5,-677.72,8688.9
67856,-2.4627e+05,-23439,30954,2741,8201.4
1.1472e+05,2.2116e+05,65981,17772,4182.4,8448.8
2.3163e+05,-67202,92278,8504.2,-907.66,8745
1.5369e+05,1.9855e+05,59463,13354,2503.5,8393.2
90407,-1.6204e+05,1.783e+05,16815,-14137,11332
1.3044e+05,1.2984e+05,1.8065e+05,11535,8003,11449
60890,2.487e+05,2865.7,34638,376.94,8167.5
2.5663e+05,8433.6,27761,8171.4,29.048,8214.7
2.3882e+05,87881,43955,8703,519.69,8288.1
45514,2.2839e+05,1.0191e+05,42451,18240,8915.6
46004,-1.7205e+05,-1.8152e+05,32093,31666,11668
92571,2.4014e+05,-3307.7,22783,-273.49,8167.7
2.3569e+05,-89680,55616,8738.9,-686.11,8363.5
1.533e+05,-1.8948e+05,-84704,12995,3515,8646.7
1.6044e+05,97602,-1.7699e+05,9562.8,-4692.9,11228
68456,1.3327e+05,2.0825e+05,17976,22292,13998
98364,-2.0278e+05,1.2454e+05,18766,-9341.9,9332.3
36683,-61612,2.4149e+05,16269,-47697,28865
61651,1.9053e+05,-1.5967e+05,26742,-20320,10449
58327,-1.5306e+05,1.9654e+05,23135,-26004,12766
2.125e+05,30017,1.4356e+05,8248.2,772.86,9828.1
40510,-73572,2.3875e+05,17205,-43253,24715
23209,36782,-2.3794e+05,16059,-77019,46217
18360,1.4208e+05,-1.8179e+05,71035,-89687,13208
1.1614e+05,-1.4907e+05,1.7529e+05,13309,-9757.1,11145
81438,-2.2925e+05,83112,24508,-7898.3,8630.9
64789,-2.3486e+05,79685,30941,-9766.5,8593.2
34380,1.3991e+05,2.0554e+05,35176,48891,14244
1.3156e+05,-2.1316e+05,61365,15571,-3249.6,8408.8
54218,75985,2.3778e+05,14169,29606,22424
41845,1.6725e+05,1.8575e+05,34269,35899,12013
1.5527e+05,1.7737e+05,1.0494e+05,12409,4161.5,8940.7
2.0563e+05,-1.2606e+05,92128,9581.8,-1915.1,8743.1
1.4984e+05,-26875,-2.0831e+05,8297.7,2010.3,13855
1.1456e+05,-1.5079e+05,1.7483e+05,13523,-9959.5,11120
45602,-2.2219e+05,-1.1479e+05,41263,20483,9154.5
2.4857e+05,1282.5,70027,8167.1,11.884,8485.2
76760,46856,2.4067e+05,9583.2,13474,23417
49311,1.6329e+05,-1.8932e+05,28614,-30471,12209
1.2309e+05,-2.2412e+05,-33025,16995,1925.9,8234.9
1.7976e+05,-1.6694e+05,-80293,11151,2486.3,8593.8
1.1087e+05,-2.2832e+05,44519,18738,-2959.6,8291.8
1.3976e+05,-70325,-2.0509e+05,9145.9,5403.7,13477
2.3425e+05,-47765,97625,8335.3,-680.83,8822.4
58842,2.4827e+05,-19499,35741,-2660.5,8190.8
1.2742e+05,-1.7399e+05,-1.4136e+05,13841,7330.4,9767.3
67706,2.4616e+05,24886,31006,2917.2,8205.8
1.7603e+05,1.539e+05,1.0931e+05,10853,3343.7,9016.4
96623,-2.3782e+05,19952,21764,-1568.8,8191.7
2.3823e+05,-81031,58042,8627,-641.47,8381.7
8386.1,-49025,32127,2.1042e+05,-1.3768e+05,9762.2
53320,2.2082e+05,-1.1661e+05,35187,-17581,9181.4
29857,-2.3017e+05,-88912,65965,25091,8746.4
2.0995e+05,-82552,-1.2559e+05,8776.5,1790.2,9348.7
1.8682e+05,1.226e+05,1.2926e+05,9771.6,3105.4,9436.5
2.4256e+05,-78925,40335,8588.9,-420.67,8268.6
19109,-34120,-2.3033e+05,18080,97147,49861
51949,1.3786e+05,2.0836e+05,23416,31087,14161
19920,2.3411e+05,-18797,1.0555e+05,-8423.7,8193.1
