234
1101
475
1305
402
1100
1039
1596
1132
777
1283
21
869
781
735
1596
509
125
333
370
797
303
702
1203
505
476
1070
519
1527
874
128
404
1687
209
1507
1040
912
1845
802
965
440
1798
1833
1641
1826
627
123
620
1621
1482
1563
1577
427
1672
1803
1357
806
1566
694
1667
1500
1886
195
685
1733
126
1871
1694
802
490
1482
1591
1507
1730
1049
244
673
995
1271
10
583
1705
392
936
161
144
1161
954
1127
251
1640
726
1609
71
610
1046
1202
774
210
153
1786
1203
292
1548
491
1843
1672
878
1604
1084
836
642
1064
15
1323
1390
804
1084
1842
601
1637
1647
876
1465
737
1191
812
14
852
1595
1116
1267
1397
312
1367
151
1758
1402
1003
962
1736
1443
866
651
1016
329
789
1580
134
207
554
404
472
868
1539
1673
1456
1675
52
892
1231
1574
470
920
1658
1389
1051
1497
1588
886
39
1089
503
1615
943
53
1468
187
1459
888
119
1828
1766
1586
1207
1706
1397
787
1522
1290
705
1603
1136
295
1215
76
80
1873
1789
1729
190
234
850
1656
1034
1893
104
891
232
821
372
1897
784
398
1660
1247
180
1680
388
292
617
182
331
172
1841
887
996
1499
360
647
1235
295
968
950
420
819
1218
520
407
605
514
1412
1068
738
1579
1270
820
1132
1650
996
48
57
1001
517
1785
926
511
109
498
1444
1861
210
1662
853
1737
163
1749
1758
149
2
1095
394
1499
614
610
1239
776
1479
1826
128
1607
238
1213
1669
1860
646
1172
509
1338
771
724
472
15
1378
1839
1201
597
801
633
1741
1164
1239
958
1362
157
444
1832
436
376
1067
1769
401
985
1133
535
985
1034
1264
103
813
707
1425
510
1533
0
1681
899
1717
241
586
1475
938
1196
1448
1233
1121
424
1732
1415
15
509
606
1624
1241
1244
1286
1002
21
1404
1768
453
1561
1078
1494
1273
795
501
751
1778
1871
1285
930
792
872
1607
528
1223
225
65
1550
1283
643
714
1416
228
1732
584
865
947
589
1525
513
535
257
1741
1837
1326
769
1841
167
942
1666
1463
692
1347
75
1493
1694
118
198
1175
1309
66
48
473
161
1123
1296
1361
1211
1771
1719
531
1830
596
1024
908
1698
1711
413
1535
588
860
848
205
1896
781
1002
1842
538
454
1776
1786
57
806
691
302
438
997
810
618
1199
1643
404
1791
1156
1780
584
410
1386
1219
1057
181
1470
1194
1561
718
1597
934
1836
1625
796
964
976
212
1641
1218
1591
1355
951
1098
615
1898
682
1154
1699
339
1002
640
84
1459
191
1790
1422
65
1568
1407
782
1365
1614
1615
661
891
1260
155
799
1678
248
1115
1179
743
301
491
1725
491
291
665
539
1294
447
1274
105
1513
1316
695
1618
1431
438
180
1292
167
1446
1109
865
452
1490
1702
536
236
1660
852
284
68
1395
1097
412
711
135
708
1154
815
1285
1120
671
448
1657
783
229
1501
1768
38
1593
105
1796
288
1273
693
228
938
855
492
523
641
1853
637
257
442
71
807
1651
991
167
1236
879
1117
657
270
970
426
1269
692
1807
1620
1324
1614
1065
1195
1004
724
676
1886
1436
14
1677
1517
1493
442
487
1568
181
1856
53
995
576
1718
1805
1781
144
1630
245
1849
1655
820
138
1460
1196
330
1128
906
1556
819
627
1807
1729
590
1482
466
1266
1354
1144
203
1451
186
1816
1658
1379
74
928
1415
1373
665
105
84
1388
836
122
992
1485
9
1381
6
548
144
1660
1809
1286
626
1154
1857
1450
413
1038
1095
1840
1601
314
25
1123
940
1431
1363
1736
813
226
763
1257
194
1876
455
1485
1330
1118
481
1390
296
1133
1222
1460
606
728
1352
511
996
1220
1289
36
545
1786
1324
265
826
38
907
993
906
1313
1092
1264
633
940
1890
1047
1627
92
1011
995
336
845
54
767
10
1594
124
1784
754
1625
1519
100
962
361
1022
355
1465
609
1082
1159
1887
25
463
1012
1793
1623
1772
303
1377
589
1093
772
1319
1127
196
265
877
1408
944
1656
1809
122
1042
950
1565
475
477
379
700
518
480
366
628
911
888
335
1151
1330
432
1895
723
903
465
46
485
627
753
721
855
547
1235
1179
184
344
1417
781
351
581
705
328
649
186
1240
482
580
1829
981
1770
1550
55
1197
1297
26
675
1500
781
1328
780
778
691
913
84
269
1345
383
1573
62
996
1133
123
100
1373
1379
1744
1321
616
1349
1318
383
1007
29
418
533
1081
1486
1277
820
29
694
31
1184
1292
1198
221
213
504
987
1009
1067
106
1533
1021
1889
572
1884
481
632
1579
973
279
1810
1359
1102
1755
133
458
4
1377
1449
703
1773
1462
1259
1395
1472
1180
1297
617
369
350
1897
213
1562
950
1577
1048
967
248
540
447
1499
988
1237
18
259
271
390
1615
767
1022
494
1796
155
1872
297
1302
758
1113
1264
1728
1186
1076
1698
165
723
1509
68
1071
356
1474
991
1524
1385
522
1147
800
231
1509
1035
1428
1368
1154
359
281
1073
1159
576
911
973
224
698
303
1625
29
1831
113
1778
241
698
242
227
116
1289
666
538
1860
1298
1374
1377
1546
1429
1558
1654
632
1677
382
873
980
1263
1608
1223
681
1563
1831
1372
1254
1876
116
849
941
1615
957
1293
447
1613
562
1135
1346
1688
384
286
1078
497
120
